-0.025410517005437783 0.020005517008451365 0.05274453058995557 -1.540980103614229 0.2577241462400772 -1.65678373394197
-0.003492517005437834 0.022894517008451416 0.05274453058995545 -1.5564944694416847 0.08216597873955989 -1.7126396280899718
0.04863899516366795 -0.02859406995542886 0.052695098986734655 -1.40286170026162 0.0942315615339695 -1.5743651462865638
-0.05645651700543776 0.00314551700845134 0.052744530589955624 -1.5606821840544784 0.020941119373337536 -1.6723999537181198
0.006947482994562178 0.002220517008451429 0.05274453058995561 -1.58041160351287 -0.012812314301490435 -1.6929356688995687
0.035308795302183046 -0.02451439690745532 0.05269656254312307 -1.3301921327914887 0.14001877500165927 -1.4381227011263766
0.06986881537532375 -0.012375804038857718 0.0527088142807241 -1.4157695619004318 0.019426740340713122 -1.5452389768957826
0.03533839177118818 -0.014644868844047778 0.052710196555770306 -1.432399049110872 0.07335510228170361 -1.4174801456455728
-0.03708851700543784 0.009032517008451417 0.05274453058995545 -1.527566067254548 0.1708172017546612 -1.6683905177487395
-0.04971825697831835 -0.01561685595443462 0.05264637989801175 -1.3969798034071275 0.08715442751735969 -1.6790063928243404
0.04669385997759524 -0.019460543832139233 0.05269396326378132 -1.3371185410818185 0.07722167582675565 -1.4881157138189305
0.02187148299456224 0.018289517008451456 0.05274453058995542 -1.5171897690963054 -0.06183804918875291 -1.716234931245221
-0.015603659428965275 -0.030948959206438545 0.052702380723050224 -1.3308942510682817 0.13090162829884666 -1.2041990036397976
-0.02242951700543784 0.009221517008451419 0.05274453058995544 -1.5166829999444598 0.042183059270025636 -1.6689543681553463
-0.04803648283249021 0.025544517298229673 0.05272644856379734 -1.5119024002159587 0.14807637860579614 -1.4639727162408687
-0.055125891538163406 -0.012405192332680866 0.05269625567440999 -1.4025506813735038 0.01997915798201433 -1.490419630485167
-0.06053329148168342 -0.014278874118230549 0.052698270232224516 -1.4692587410574665 -0.025483808697692956 -1.444141942065172
0.08394430400975016 -0.052872555484262895 0.052702716447229146 -1.3229739627111703 0.14319991181553982 -1.548065987696746
0.00910848299456222 0.022833517008451362 0.05274453058995557 -1.5193720200067315 0.07194077078756012 -1.6853316402245837
-0.002382533345818812 -0.04803869987856248 0.05268056435550312 -1.289551631729719 0.1441907848873989 -1.5954214528615533
0.06489175889756565 -0.010060027041635066 0.05271083447312473 -1.4462071939116912 0.048055400667592174 -1.4493002486508075
0.0018224829945621649 0.020182517008451417 0.05274453058995545 -1.724663654384258 0.12156664288480146 -1.5529172298245728
0.005584482994562247 0.0020445170084514527 0.052744530589955416 -1.580037477816482 0.13715514314618082 -1.7554005015975807
-0.03983751700543789 0.03148851700845146 0.05274453058995533 -1.5230958963806118 0.18651233437954629 -1.6760672161512375
0.005214482994562168 0.003854517008451402 0.05274453058995538 -1.5672003725277708 0.23352552026745688 -1.678052662448389
0.06115740485786389 -0.0615644022996327 0.05268087653573105 -1.32035086487068 0.12148839924666066 -1.4895345734569634
0.00455548299456231 0.002886517008451431 0.052744530589955534 -1.5203989665506592 0.16178434955923882 -1.736979322543907
0.10019314299581855 -0.00489628340673437 0.05269090769658476 -1.490122736346998 0.23304043679033426 -1.390320520990135
-0.06830509938324723 -0.04412295803907634 0.052700385257625604 -1.351105520119548 0.08237199272463114 -1.7054777234377716
0.04989658550530787 -0.012233587883207296 0.052709801119434116 -1.437771198117965 0.0674830035304963 -1.5950315178086933
0.025790581422250547 -0.03996218740513071 0.052697393808656956 -1.3987033943911387 -0.0022331032133851014 -1.4380746603471808
0.07372383146028434 -0.022280465105224825 0.05270705309468773 -1.4465968977530665 0.060012576526600636 -1.5293010775184324
0.017780122712099156 -0.0166917909947751 0.05269756001243989 -1.3399558584503224 0.11377728077358595 -1.497008157899222
0.08598580709152441 -0.0009531485519152271 0.05270857870801405 -1.4398108509212357 0.31656662692713033 -1.4153197664242314
0.06736713632162744 -0.010236010428114839 0.052675077692647815 -1.4433576329638513 0.046431733387042096 -1.4311863259496662
0.08764597123448402 -0.0017585844849106829 0.052690880057453315 -1.4126635807885277 0.29981186060717624 -1.4814827277279337
0.02661129389740909 -0.013526450727826567 0.05270957002555607 -1.3335474300371253 0.04411453826551237 -1.5712569486862202
-0.03391251700543783 0.022484517008451416 0.05274453058995545 -1.5911147504141547 0.11080935250347834 -1.655940419912295
0.09332393835853449 -0.0034477937000362345 0.052707315665864264 -1.4370136313806086 0.27058140962597577 -1.3451166197813482
0.02354952284896985 -0.012791029396468036 0.052694348267292475 -1.3525278859917966 0.16121600170207717 -1.426991663736312
0.02605648299456224 0.00578851700845145 0.05274453058995542 -1.5293902015182241 0.0659350319922829 -1.6925122531804813
-0.02638951700543791 0.010972517008451501 0.05274453058995527 -1.526993333859681 0.08206481742842775 -1.6495842993806837
-0.014857517005437913 0.008423517008451491 0.05274453058995518 -1.623501468252986 -0.002789420043018076 -1.7115240894363508
0.03431689231600696 -0.010341931100839554 0.052690821902396476 -1.416988878580953 0.12105200520954584 -1.569683711764875
0.050107958021460314 -0.07527111779944687 0.05270931583437832 -1.312936322232469 0.25133049419064846 -1.4878257042374066
0.04879037018672071 -0.04406959897930614 0.05268980129701022 -1.4495832609880097 -0.08544258572260555 -1.3099511700082227
0.022145353905931753 -0.01132233794617696 0.052707658598887826 -1.4349661634975304 0.16754110155378155 -1.5306158987260718
-0.02382304954734383 -0.011815382819164121 0.052709416213554766 -1.35450970564812 -0.06217196996560448 -1.468376182968074
-0.013486307971072604 -0.02969424902605264 0.052710597867782184 -1.365774209354766 0.01995427751221368 -1.3495335246283566
0.036161795623814684 -0.014683985879655347 0.05270652901804542 -1.413851235721717 0.010118885212927697 -1.5820569044069956
-0.04752141710213227 -0.03461272695894086 0.052698105073500985 -1.3702391421977713 -0.0901839164643019 -1.5499892562132116
0.02061584148073529 -0.011211341087660191 0.05271062743036278 -1.4155248877845816 0.007051864544840747 -1.5477839068069288
-0.014170517005437831 0.03019251700845142 0.05274453058995545 -1.5122254717566475 0.08829822331723625 -1.641077835218133
-0.04305988877706032 -0.011919309670063332 0.0526956573281734 -1.3535463325529695 0.05898828839681003 -1.4677081124555336
-0.051106543226466405 -0.04614093443506913 0.052681991751568326 -1.3248413475058394 -0.027535203875114656 -1.5711892748027478
0.041785224471254816 -0.01767087228901523 0.052780905775863925 -1.2933710137546024 0.10350496779906404 -1.452627489237423
-0.05211751700543793 0.0034225170084515 0.05274453058995528 -1.695911516563874 0.08392491703574745 -1.6392616315680204
-0.01735620395059207 -0.024104860222935516 0.0527060289898224 -1.3736491135424949 0.09799672508286572 -1.266404844699377
0.05784672182773601 -0.010276090782731463 0.05271130177894222 -1.4089580406756297 -0.034608326912806575 -1.4378036481921572
-0.021568517005437767 0.022368517008451404 0.052744530589955485 -1.757640613770584 0.06077974889825777 -1.5031814086038058
-0.026644517005437837 0.017183517008451415 0.05274453058995545 -1.5578946972361267 0.20236658094106286 -1.6523065042775364
-0.006651517005437799 0.02026451700845154 0.0527445305899553 -1.5392517121035854 0.14105980629757742 -1.722535218088783
0.06707252383394444 -0.045285211330771145 0.05266889094002556 -1.4138726285833005 0.0429109868116091 -1.3900320938025517
0.01377439504531619 -0.023711190680405947 0.052706618187310456 -1.4740401028895342 0.04583606258763728 -1.3696474488623873
0.002940482994562163 0.018676517008451417 0.05274453058995544 -1.5390202370839245 0.006482806484146897 -1.6508876398670378
-0.037769476984499735 -0.021913429745532006 0.05269999464947258 -1.3054282028604058 0.026463643564039296 -1.5237614125792769
-0.030461517005437838 0.022643517008451415 0.05274453058995545 -1.5255924807028167 0.10203140985233672 -1.641266515783396
0.009425091534525325 -0.0013135410984227089 0.05270770818732574 -1.5444195701399608 0.20184911500245462 -1.6946816233312796
0.09977099696394608 -0.003077182165873361 0.05270961534342482 -1.4882353525060275 0.2358148565040714 -1.4444521096949865
-0.05736555519728494 -0.011050881346662898 0.052708423294988066 -1.3030576086375025 0.06429528271056806 -1.4509772267245606
0.03636764062923778 -0.020853407418852568 0.05270845178955681 -1.3776666223105698 0.16465715016481286 -1.3453994498722528
0.07023796663320298 -0.031330744509407336 0.052704970508687096 -1.293055629854921 0.17179667710449364 -1.293816526236424
0.07590048299456227 0.002118517008451339 0.052744530589955624 -1.5310776940815654 -0.054440532890979165 -1.6825811659574152
0.043310809873197874 -0.04871025693702364 0.05270775987157435 -1.3648996812243783 -0.059148810010333897 -1.3449738414085899
0.03729170306647084 -0.03857845531449035 0.05268613439968269 -1.1712392010445751 0.18846355146482963 -1.4634616571057248
-0.03665561637152289 -0.03623093159408009 0.052709466980464886 -1.2127477245614315 0.07193668379468354 -1.5796561137673077
-0.013482010807395126 0.028614808737049323 0.05270862309565444 -1.5779951113306852 0.1728884220566247 -1.6535601552870498
0.006984570641902719 -0.03315352861963599 0.05270848993400155 -1.4993370794517402 0.012191321484692264 -1.4520908346903827
0.003859473168192206 -0.07733791607669564 0.05265085837463143 -1.3105056007175768 0.1829393052139936 -1.454002570166838
0.0502290921730295 -0.03598812320840255 0.05270918887911339 -1.3565571657700015 0.06666731871130716 -1.6020560425683315
-0.024856044665175478 -0.01545293525068449 0.052699997641874136 -1.3834692001661837 0.07635290324322619 -1.46440675969146
-0.026162517005437667 0.02014851700845129 0.052744530589955714 -1.5487176759489918 0.08822870125659232 -1.6624550470085628
-0.018315991865153217 -0.017925408010234692 0.05269524033928387 -1.4146406324311955 0.09638204038713627 -1.389289645613812
-0.01286251700543776 0.009572517008451447 0.05274453058995542 -1.5154799588573193 -0.004266429998450727 -1.6759312758985252
-0.04153540246547871 0.004520536773883672 0.05269781429760173 -1.5006227375805592 0.1186143877593695 -1.6575334349830007
0.03780642799294022 -0.0379336994535648 0.052755379370692905 -1.3726803572775328 0.19228148775345422 -1.4647298039171093
0.04102662561808212 -0.020411171007870463 0.05269833380940691 -1.3731355680636854 0.08472564866864363 -1.5434268302042662
0.01807745852161478 -0.025207418751608243 0.05270814947947718 -1.4730513800460314 0.042973863040845384 -1.277560884390181
-0.0671247543885576 -0.017202252900983185 0.05278384842534014 -1.4200030853252925 0.013624160885807202 -1.4556527158573722
0.03164566965828801 -0.019347121974270465 0.05268278950039579 -1.4320773628543162 0.13433522351156157 -1.5885906974166708
-0.008849517005437835 0.00010151700845141716 0.05274453058995545 -1.5108953474532678 0.10053525148243847 -1.6617603776096033
-0.028256831433128744 -0.012471772987438545 0.052730866941489714 -1.3510916831940498 0.0806447469201097 -1.7180151307764056
0.029230330182604056 -0.01937806603437448 0.052706595182194414 -1.377875165681511 0.1599367484910139 -1.5544429540423539
0.07956131454935617 -0.028834750438388936 0.052707413672851165 -1.36793454997312 0.1149914988650198 -1.4263536325590593
0.04360897904912745 -0.07785907189632499 0.052656827220047726 -1.3248286863931351 0.13329085168864951 -1.4572426068064521
0.023130707563097944 -0.010149672689285343 0.052696025893682316 -1.3454107767171517 0.15046638521040379 -1.388875498650495
0.08481961292811933 -0.06745293149990102 0.05271046381292503 -1.4276978943257916 0.018190535251275453 -1.386841160491944
0.042774523219759567 -0.013287242622575801 0.05270639576865139 -1.3938501114701096 0.07700973576976167 -1.4478373512345872
0.023660193357751852 0.009900035168411014 0.05271509788664666 -1.4694744314325239 0.1100030158605243 -1.5976800744449713
0.008699057357068348 -0.0157005628297032 0.05269748693113199 -1.357302998733083 0.22506562626816207 -1.4949184161839801
-0.05521951700543776 0.019182517008451336 0.052744530589955624 -1.3609554024896533 0.15993163402636323 -1.5336895979996918
-0.03435157949063557 -0.014448612260772055 0.05267074130731725 -1.3466423863135224 0.16890074951592582 -1.6504038509511214
-0.012069590102259954 -0.022087723982760845 0.05270616432139617 -1.4177664529428256 0.2770455802951781 -1.6401148550856064
-0.04390562810751333 -0.013464609813251762 0.052705814885668174 -1.4122522779365163 0.08951082400593968 -1.6341113133344614
0.07978483437242986 -0.037119586189832195 0.052709065513428695 -1.408035805451787 0.13683544084753052 -1.5731172085359935
-0.031455619248852616 -0.032798798653915155 0.05270324477923512 -1.3401510442891866 -0.006929881218822542 -1.2560522965933345
-0.017348243739406025 -0.04477252527178134 0.05270456653616868 -1.3679464536776518 0.2326602763411656 -1.5768543253929577
0.019273482994562174 0.01987251700845146 0.05274453058995537 -1.5551523688396724 0.060525054090368346 -1.6569677956149726
0.033885394959310186 -0.01442991566902293 0.052709430303680166 -1.4600543883038448 0.035275387736492414 -1.5025364807496786
-0.01670651700543767 0.003327517008451299 0.052744530589955596 -1.5218491170751254 0.20707976450930365 -1.7210536015614992
-0.009261688900485749 -0.057172389943682754 0.05270978464652577 -1.2599727963097995 0.05748657698267978 -1.4236853796605502
0.04867479633266338 -0.011284431145151853 0.05269025347787979 -1.4086507494540332 0.09238109698226493 -1.4077362622812155
0.059639819249568606 -0.02145906261771667 0.05270936730386762 -1.3674097574324033 0.09374493701106434 -1.4659289183017064
0.03687490094927584 -0.023829431927721627 0.05269657849299148 -1.352340939584576 0.07974065883016168 -1.5884438891543642
-0.007348517005437818 0.019679517008451497 0.05274453058995528 -1.5844938300750824 -0.02374988887770413 -1.6962828999425172
0.0004114829945621658 0.016926517008451415 0.05274453058995544 -1.5332374224344691 0.06071881933407708 -1.6461792350937217
0.06594561165446855 -0.0366721480034775 0.052706735531486394 -1.3510891810157852 0.0018548749090416816 -1.6515069478356739
0.061909639499328414 -0.021009962511412995 0.05269834559156766 -1.4516858552450727 0.06329204730810245 -1.5977344921707637
0.04834228217682777 -0.027239954576798144 0.052690084066465206 -1.1919115406378695 0.1442480156438095 -1.4507380194685684
0.008317748869439047 0.0074396976626662755 0.05270895732806521 -1.5322014705579534 0.12199859330994522 -1.6527732205062111
0.0415122811960421 -0.013791227518429575 0.052711350734803084 -1.422459286107651 0.11102332963933392 -1.5212831352935396
-0.019245016560232014 -0.01796206180380944 0.052706327741038304 -1.3617792733875238 0.02555701604551497 -1.3323673942362155
0.042760749932461116 -0.023654327366288853 0.05269129329106117 -1.333965706651131 -0.00823753191115828 -1.5977354009948603
-0.002587970476347503 -0.08236566758635792 0.05262402276752496 -1.2694277827304212 0.13723606078036976 -1.562230285558123
0.07471211053439639 -0.06012134424326106 0.052708788573808625 -1.2850126953001801 -0.031930741011998 -1.594332934030841
0.05932032597972164 -0.019114254755844516 0.052706238507828934 -1.4557698128809022 0.0749245287888407 -1.5555212295607561
0.09649652409811735 -0.004666728634522757 0.052695915116692554 -1.4839760992090987 0.23890857375864316 -1.4541834046541902
0.005186806425169968 -0.01230229473965342 0.05270625729213709 -1.2996657743873197 0.026616448799899217 -1.6500374722760696
-0.004526517005437824 0.02242651700845147 0.05274453058995536 -1.475963109711371 0.198810399088321 -1.5480313690946448
0.04889557668731828 -0.0305705543483011 0.052625493747783664 -1.3929795551874273 0.1487121761264103 -1.4689289733115547
-0.027960954952676566 0.0342804751588289 0.05270118563845294 -1.4793878361239043 0.23177784128420553 -1.6441774033463965
0.054591447981875575 -0.03440823042869792 0.05268890462344981 -1.4183278626750564 0.11827989634120972 -1.3860592307711175
0.041398596395427055 -0.010633851041979888 0.052709264639524064 -1.3147579909686262 0.07056235966092972 -1.4058574566525364
0.03196472170687407 0.006027092791207305 0.05270635791420262 -1.560051424122763 0.04814066302556985 -1.6618302729992316
0.05684766248987214 -0.0032680449094532773 0.05271008317110541 -1.5175388489726782 0.012680207552836498 -1.6966854859629772
-0.060544142684148865 -0.010559158133190898 0.05271053448892005 -1.494105289444787 -0.022621456593350686 -1.4832891867932598
0.014034163805329902 -0.012899663200677243 0.05270470410769873 -1.4530876328382643 0.2115099766589701 -1.5343565778810062
-0.0371041233194057 0.03502541939393143 0.052695948732008155 -1.544374393996683 0.2557677379655585 -1.5695902311556829
-0.025666517005437824 0.02353751700845147 0.05274453058995537 -1.6752874406194922 0.22617908125044872 -1.6244323964873997
0.07231018114514273 -0.0271776192333987 0.05270579820990509 -1.4419348273092134 0.10495295293285678 -1.5090631445020466
0.031611680686151125 -0.01217014378200602 0.052711250541276705 -1.2951534071489312 0.132845966602954 -1.4443686578641826
-0.0046675170054379465 0.02222151700845153 0.052744530589955214 -1.5688607672558221 0.14535939631511874 -1.6810305494100988
-0.0097218391025538 0.022096894787912394 0.052704884363279164 -1.4745154112068415 0.05653679659500832 -1.7429288453424663
0.009592451075635926 -0.045346328869157015 0.05264198094687139 -1.3504056201927503 0.07486175002611106 -1.7818161716224057
0.0017303252261329353 0.017928372720835896 0.052697410960642614 -1.5154328734146751 0.0743489783930027 -1.6489362657562348
-0.033495517005437944 0.005180517008451526 0.05274453058995521 -1.6254863713822136 0.19930066624554788 -1.6578132235631462
-0.02496187799875779 0.029649701485658545 0.05270867520204368 -1.5254045265647374 0.16633802259065722 -1.676361534867804
0.04980474733724583 -0.011672641298434141 0.05272039500123096 -1.3521229473300518 0.07264399821019163 -1.4036649036673299
0.039833243269114846 -0.011792056148309162 0.052710693010762734 -1.456790967056827 0.05278814227995188 -1.349139031930557
0.07513422468756101 0.005478796177884568 0.052709901347922965 -1.5965730591917335 0.3186292736308982 -1.5495300385656787
0.0021995193569492627 -0.012323974869595538 0.052638986975854354 -1.2619393439692597 0.06400404858216024 -1.5534351535178688
0.02471757293047973 -0.011231186267161873 0.05264359239609387 -1.4213637764087537 0.09581270248300378 -1.488671557954623
-0.03483251700543778 0.03607551700845136 0.05274453058995557 -1.40082451448566 0.2124841758922038 -1.6338862274769186
0.09749977295579837 -0.03349874106260029 0.05271124753454527 -1.3182643739736544 -0.15123841986438347 -1.5135018646784661
0.0675908402893265 -0.032161379743453705 0.05278773421076182 -1.3886430021105738 0.10311029044274522 -1.5399746453354668
-0.04329351700543785 0.029702517008451383 0.052744530589955416 -1.5240337969768871 0.18271552361578802 -1.7244359468200146
0.06015999454638747 -0.02378155104861618 0.052672655643951856 -1.42520475984429 0.08477423826305164 -1.5770185728122996
0.008089482994562164 0.015886517008451416 0.05274453058995544 -1.7455804944349016 0.04834484172920317 -1.54915761640613
0.0015752894919578739 -0.0444110921808623 0.05270736446353233 -1.4109135400930926 0.05573530929069981 -1.7364679174703053
-0.012953517005437837 0.008250517008451417 0.05274453058995545 -1.5302510222751546 0.20105470595330632 -1.6406302878294765
0.021367439936698467 -0.015088356327039592 0.05269785929363804 -1.3103249542612485 0.15922277436945853 -1.43247500456946
0.06897385855328479 -0.03494702240831882 0.05271170667580123 -1.3281135294533088 0.1485619243339742 -1.3404556195885389
-0.057530517005437834 0.013674517008451416 0.05274453058995544 -1.5189734644088198 0.3160040243208444 -1.6706359676621647
0.09110907560578163 -0.005965141443177189 0.052698353192752706 -1.5256680315058126 0.2961916397208255 -1.4159090081459715
-0.009620517005437946 0.012449517008451528 0.05274453058995522 -1.5577688048916556 0.026415037466994917 -1.6755326712907785
0.05861994255295882 -0.026715566440195234 0.05277550009524189 -1.3648688084085114 0.08865351139190114 -1.4480949632276743
-0.05963896355086929 -0.05262232309162713 0.052647246210905434 -1.160653878942343 0.050365791982207364 -1.4003904434345598
-0.05245198824156392 -0.010103324514236222 0.052672744669137045 -1.4063017211624727 0.019838433450376725 -1.4326256561073072
0.004200482994562218 0.021710517008451363 0.05274453058995557 -1.4456017125180374 0.15697082392624728 -1.5079789353963569
-0.011391702336935306 0.03386387757797949 0.0527107990317659 -1.6034697786995948 0.14079926151914712 -1.7043630955787386
0.06419554969900311 -0.011872360274066686 0.05271074513445635 -1.4928935564068513 0.0449889109738415 -1.5365428878280591
0.05583008694545949 -0.015738474574708724 0.052718792623284653 -1.3872590982859279 0.10924243585503368 -1.2572338564201666
-0.022801517005437946 0.011128517008451527 0.052744530589955214 -1.7606382303880128 0.15599927110975864 -1.559659889146888
0.013872149736253411 -0.007165993553717583 0.05271134871973102 -1.5060101155166834 0.1461307531344147 -1.6542391608351645
-0.025025754517043763 -0.011689386248201383 0.05270595870699185 -1.2910552158890267 0.07125998574952819 -1.4700956957173974
-0.07867988258347774 -0.017999310478282887 0.05272121901601793 -1.3903656968116886 0.03470482335985814 -1.35018562032971
0.01215948299456208 0.005119517008451498 0.05274453058995528 -1.545844392127149 0.146580554217975 -1.6750270543619248
-0.0033756864986023735 -0.03365006701741448 0.052705413315578355 -1.484522271107636 0.03399437747995471 -1.5896904366665925
-0.03344726829269467 0.031574124068420084 0.05266000639168518 -1.4115119963065013 0.2103490257075964 -1.4122483201347207
-0.016474517005437835 0.021001517008451417 0.05274453058995545 -1.5873414432337678 0.1489741916870022 -1.693315735148064
-0.055803517005437925 0.008625517008451499 0.05274453058995526 -1.5247985335436038 0.1618548022720201 -1.6538864572513103
0.009817482994562086 0.007094517008451542 0.05274453058995529 -1.6332901945481524 -0.02085000307036866 -1.7108309533477242
0.036780698740053956 -0.017473490272164015 0.052710730510494304 -1.3386093235270435 0.11945018599459511 -1.4864098682116345
0.012406156663634434 -0.026382859307950264 0.05270182121491348 -1.340415606366991 0.11428259801026641 -1.55054884686551
-0.01804792082502603 -0.10273075467406646 0.052630936222748316 -1.463731421832405 2.292887333976701e-05 -1.3053785581323583
-0.03730551700543794 0.02498951700845153 0.05274453058995521 -1.5509658436614757 0.1071664151902445 -1.655346113343831
-0.011059517005437808 0.00817151700845144 0.05274453058995543 -1.5835395976243072 0.008549324071895015 -1.7035681492590975
-0.03474658071504521 -0.012486597071696857 0.05270888631705082 -1.322229037340871 0.04610731320316197 -1.3216199994270592
-0.026642517005437835 0.021095517008451418 0.05274453058995545 -1.614576618173103 0.20839611798423996 -1.718862918512116
-0.06409105084416003 -0.014944862133212828 0.052709760816492444 -1.4419976871209588 0.011658702289187639 -1.4415950042403287
0.08232989880437296 -0.040869908353617666 0.05269701047390875 -1.3890196223657991 0.13463086094406695 -1.5744345237753
-0.06509125008869565 -0.015820869159161907 0.052690140066617056 -1.3863632703955475 0.05070199233259198 -1.673313358762421
0.05475257341459281 -0.02611451626039001 0.05270849186563797 -1.3853474025441037 0.10593092283688366 -1.4404197817237727
-0.01723551700543778 0.03144551700845136 0.05274453058995557 -1.3443299753421019 0.08065667628489992 -1.5071065379381487
0.10010710329771527 -0.0012081212692978032 0.052708824114321366 -1.4643666877605124 0.296912333818381 -1.3520093104490567
-0.05817506298136439 -0.031056913126814644 0.05267529043314791 -1.3813224913483537 0.06624679067309658 -1.5441074852893362
-0.05572551700543777 0.00917751700845134 0.052744530589955624 -1.5170043709068486 0.13972486970809284 -1.6569229718148533
-0.03747485730861057 -0.010228046246893259 0.05270930963360831 -1.3829510512095418 -0.05029852276975011 -1.5104630490430955
0.02443948299456224 0.00214051700845145 0.052744530589955416 -1.497802196586783 0.0895965748771208 -1.655062158744085
0.04133848299456218 0.0003545170084516055 0.05274453058995528 -1.5128911387931923 0.05867002718198577 -1.7009663652342937
0.011429482994562177 0.017084517008451473 0.05274453058995536 -1.6665009606574541 0.12452095041495981 -1.7267017932111375
-0.015373883791334128 -0.017359411702084507 0.05270966985935437 -1.488325495191866 -0.044330671190987436 -1.4826025164987897
-0.06380651700543774 0.0017365170084514506 0.05274453058995542 -1.5324599040737445 0.19406608505673262 -1.7141719264642994
-0.04584451700543793 0.00042151700845150056 0.05274453058995528 -1.5414328128719363 0.00381730692230553 -1.6934803023773333
0.04526748299456225 0.004192517008451449 0.05274453058995542 -1.5014589042931128 0.014299067022328638 -1.6785265395700442
-0.03572000544078909 -0.010091042695637577 0.05269013598727267 -1.4591489150181143 -0.06483892698641913 -1.376518868580014
-0.0796279098749405 -0.012143498095202883 0.05271108005932469 -1.496107048171904 -0.0015100996019499213 -1.4671460499486622
-0.018514517005437766 0.010726517008451406 0.052744530589955485 -1.7073672306832925 0.059733384818078994 -1.596920900146046
-0.02276407199297251 0.035240313414319824 0.05278754395097078 -1.4616523532637522 0.18948716764889184 -1.5158689833640053
-0.03790948703704681 -0.010282486710426366 0.05270993661090843 -1.5121781247562986 -0.10374304193170603 -1.3753624637140804
0.05603298990514739 -0.021190080999553024 0.052705150151324674 -1.3617847844905655 0.11224477390825838 -1.3843114519667152
0.021983830925193616 -0.019559373254207955 0.052705907956060484 -1.2858853320102537 0.14659380983068404 -1.384346309030175
0.052637725341455686 -0.01905265158528465 0.052748017247067076 -1.4246249413343726 0.08135093332991494 -1.5663207954977507
-0.025840517005437783 0.016562517008451363 0.05274453058995557 -1.6017890032032998 0.12870197676708584 -1.6541403906578063
0.028108707758957362 -0.03758911414474424 0.05269478953680349 -1.3046341562821442 0.0060738563209976615 -1.6394849914924636
-0.023691517005437767 0.02446551700845141 0.052744530589955485 -1.5370079912960315 0.18508558717228984 -1.6420271322125441
-0.06614551700543773 0.00800551700845145 0.05274453058995542 -1.5191393062362797 0.059590666752200816 -1.6963808799933977
0.05796004652858204 -0.018835690705835795 0.05269081049773901 -1.4065262578741882 0.05825863919668328 -1.5716239089419055
0.04296673820833488 -0.04938526014359176 0.052683115686638624 -1.3346315763667236 0.029138433284115584 -1.3361082291423094
-0.0470903699104282 -0.03259997086015727 0.05269794861096262 -1.3511678965398675 -0.08953208882160935 -1.5248284262390805
-0.037773517005437934 0.019908517008451525 0.05274453058995521 -1.5509350295182167 0.3550826220389365 -1.6727932375968622
0.03855472592681916 -0.010691112482386059 0.05270919247075886 -1.378288761531695 0.04760852871484533 -1.3340367579082373
0.05972875012377646 -0.023447963068018055 0.0527066822873395 -1.4129842997105426 0.08722025196443672 -1.5429168842821104
-0.04983382928923693 -0.012551443096347833 0.052707368476009174 -1.3850589702636433 0.0140916670026896 -1.3857700314192056
-0.03627403158634387 -0.010504706944488653 0.05269076621048156 -1.4240133057661402 -0.09399286602744117 -1.5525924012578045
-0.0016322276378841814 -0.02053176176466076 0.05270961309247993 -1.2913162765725046 0.278053457608582 -1.3929628208209885
0.012786890305527026 -0.016605509652184054 0.05269643896657558 -1.4348970199149875 0.14346446051545247 -1.5963636067437044
-0.026816517005437936 0.02434351700845153 0.05274453058995521 -1.335648668761589 0.1809115665316452 -1.304291944663978
0.06494350079223547 -0.017041844535887456 0.05270584809945973 -1.4310569932272663 0.06986647498596765 -1.4354350725032268
0.06179778741348594 -0.06254022954179368 0.05267751392664169 -1.3810428253610951 0.013909832321937987 -1.3685378216031845
0.1471362131129388 -0.08053326213016632 0.05265772586894249 -1.422000156680911 0.19649287316522646 -1.2571131243707905
0.032457200315021244 -0.02596753765643327 0.0527054000814261 -1.1513218553301434 0.14680872334511186 -1.3649723502362516
0.09247689900745379 -0.0012377998823701498 0.05270729413146965 -1.435065914539593 0.27305607974499857 -1.423887504810364
-0.0450673223403181 -0.01334216534385916 0.05263759848240599 -1.3882427878946697 -0.041740088521410756 -1.501981352354605
-0.014431665287598884 -0.022984659449685488 0.052709495198441 -1.4702072004106466 0.19096323090486722 -1.6524490871597168
0.003848838302055977 -0.025491050050933377 0.05270139052610253 -1.3923343847173737 0.14819403711164725 -1.6263138988182833
0.02558588356532173 -0.04030838737353476 0.05269668898914608 -1.4120224459587771 0.017197070855334173 -1.5479778960060548
-0.007993517005437835 0.027464517008451532 0.052744530589955124 -1.590521197635849 0.07879030721508884 -1.7180081691859448
0.040265618635689365 -0.01436230554774964 0.052695561104915675 -1.3390898814556493 0.09907422903037699 -1.3949021036869997
0.06650952933363798 -0.03513728584780916 0.05270506856933104 -1.3889655955744076 0.14050982877927543 -1.5221580375676578
0.026533482994562232 0.01525251700845136 0.05274453058995561 -1.6007967858138727 -0.042565118747428965 -1.6802859331966782
-0.015862109358624206 -0.011698230854575385 0.052791499649900785 -1.4595604767467174 -0.07921621973751547 -1.4501005446161561
0.08596932735310742 -0.004594424204675823 0.05271125338136842 -1.4294083056356615 0.34826895622767484 -1.3892760557628236
0.07991284388203125 0.0011977302554756631 0.052711245835196374 -1.5122309598261876 0.2968595741527247 -1.4691456761623556
-0.004282517005437944 0.02740551700845153 0.05274453058995522 -1.602864747941617 0.14707070079115714 -1.6510716526200904
-0.014400517005437754 0.010756517008451339 0.052744530589955624 -1.5251358562771538 0.10102329604498417 -1.660692246427057
0.020311244047189238 -0.01397017443145149 0.052692370984844084 -1.3871269235005181 0.08269510403808078 -1.6393377852823214
-0.017340511235879555 -0.01181558746382317 0.05268502520172532 -1.2566110753002468 0.04994380933895637 -1.4703662477955843
-0.003415767713732377 -0.02553719525057693 0.052704682136769945 -1.365938182976462 0.07946044102487448 -1.6108054597966173
0.09487920185845485 0.001964307100123941 0.052778966314183495 -1.5319550405825995 0.30561472294798486 -1.387464634097674
-0.01031651700543785 0.03661951700845137 0.052744530589955416 -1.4927862804358678 0.062108991685316584 -1.689170325343374
0.04379604510011949 -0.030774459777495353 0.05267230035313125 -1.3738926501847375 0.07746477109015104 -1.4423791733489089
0.04986590786548719 -0.024148301337806495 0.05266496896640091 -1.3896404207670987 0.03307171178702539 -1.3773743693131584
0.041560221463910106 -0.024102309264285686 0.05270668210336091 -1.3253611968776173 0.02492636874587184 -1.4088957270415168
-0.00878924358824424 -0.023636360194292036 0.0527080755121934 -1.4059199555698485 0.027490950299201122 -1.4437864075991818
0.02298596786460748 -0.018304956420326327 0.05270789135762573 -1.3797022959503213 0.029155857020209286 -1.6299080205399539
0.06951102350876812 -0.015043977652677214 0.05270458936927601 -1.4695175888351315 0.05236349889387726 -1.4222167424768821
-0.0013642017420444886 0.016882907657776943 0.052702885267930044 -1.5372588437298662 0.1076793314934672 -1.6492084537971732
-0.018180517005437914 0.028213517008451396 0.05274453058995539 -1.5183205432749451 0.1777594671153626 -1.7287670565978934
0.015042482994562081 0.009871517008451501 0.05274453058995528 -1.571520280093749 0.05504000933558162 -1.6533509895419325
0.0703812170918956 -0.04052076387561733 0.052698203139573414 -1.4170662271296242 0.12343356954097007 -1.639786629556858
-0.04683797308915297 -0.012239293260166241 0.052707524641530466 -1.4327423581956231 -0.05579275075707257 -1.4980452095446397
-0.006737047330210325 -0.05955747556681238 0.05269629127267413 -1.2700282374627851 0.055761615511203955 -1.4414337530238546
0.10774367144385039 -0.00016077906260735474 0.05271604248550052 -1.4510891433427644 0.23104998198134874 -1.3323593573545087
-0.016897517005437943 0.033411517008451526 0.052744530589955214 -1.5174982675360433 0.16814071304894695 -1.6410041663753632
0.02158048299456219 0.0012075170084516055 0.05274453058995526 -1.5674062194581484 0.006761106644231019 -1.7426505029268224
-0.0010465170054379464 0.02810851700845153 0.052744530589955214 -1.688702738163587 0.09786102999682011 -1.6426283097797816
-0.0028246158276122534 -0.012852220089357654 0.052736367327271154 -1.461862554999442 0.012731894169741187 -1.291992033540182
0.026217821181042798 0.0007142863861750487 0.05271077502924324 -1.637092756975565 0.13066665456988824 -1.6861831061555128
0.04401118357319395 -0.012334196633899498 0.05270975475604276 -1.4154186787088978 0.08381451033205711 -1.546878496329614
-0.029189956567093767 0.03190093958365351 0.05269531135892113 -1.4881050880362114 0.2766550401859533 -1.5512123754344886
0.0018071654088478283 -0.040892092436589825 0.052707954219329584 -1.281602414691356 0.08466234220081725 -1.5294332002908855
-0.024950840616230915 0.03374128543773616 0.05269658129822463 -1.503703006623627 0.22789625600824848 -1.556200175301834
-0.018525517005437826 0.023132517008451467 0.05274453058995536 -1.5022614946886426 0.07337455679358351 -1.6551739244291124
0.02801827919223955 -0.03535465233121158 0.052706536084372764 -1.3814250583255512 -0.0448276388596871 -1.3897696635178807
-0.01235122792743833 -0.010337334941733263 0.0527102611593887 -1.4089845622689028 -0.15172196907188873 -1.445880822356464
0.018273171584856564 -0.024935973317193112 0.05270171118202338 -1.2676624814101283 0.08414334057071082 -1.511023583783216
-0.0019865170054379332 0.006724517008451524 0.05274453058995545 -1.7707279109277827 0.019219379381891777 -1.520569211979446
0.0985725282051402 -0.04045522799191659 0.05270123567648273 -1.4411028185321084 0.10842235386872145 -1.6507374184599513
-0.048641517005437784 0.018728517008451365 0.05274453058995557 -1.7337487664204219 0.19248992684145816 -1.5597960478429427
0.041046423073435236 -0.014079427010097595 0.05270582545730938 -1.3982341965125755 0.02407295645177232 -1.57454559194071
0.01508114870038056 -0.053483942082435926 0.05268184141357157 -1.367520979081556 0.04215240971446854 -1.468251280033046
0.03135332329706364 -0.022907078601244794 0.05261898346796076 -1.342345305753297 0.10195772180901863 -1.5315165120169325
0.016235570043400437 0.02106315665208435 0.052666000558613944 -1.4994185367632247 0.04672809332038552 -1.6706012626849278
-0.06513351700543776 0.002256517008451409 0.05274453058995535 -1.5030660358938284 0.06605219754890923 -1.714775222881233
0.07385590190598816 -0.022372300633107696 0.052706190197147625 -1.3891253083923256 0.0700615628145238 -1.4458701710237418
0.05172012866407125 -0.04021323819091722 0.05265934733089386 -1.398148608517684 0.08080352286274284 -1.6168125313240564
0.06909380057543377 -0.02286594080789299 0.05266495688723653 -1.2926806980214078 0.020018562172098076 -1.4855474137453657
0.013280871472383238 -0.014658421245593804 0.05271124599811121 -1.4085740990517266 0.15016085314423622 -1.5283173884902799
-0.0771782279299633 -0.02179838929365355 0.05270505510822448 -1.3606852559567495 -0.0015032531178253983 -1.5190582262389467
-0.018199517005437836 0.007015517008451415 0.05274453058995545 -1.5630705417766542 0.10533948319678776 -1.6654645270262418
0.034273293074303955 0.02812337799081169 0.05270899006652978 -1.5450411132011257 -0.09322078702229919 -1.655789554152863
-0.017640645998174186 -0.010891303435552249 0.05268969221484105 -1.4718660863531143 -0.16596204716814 -1.2677419989954775
0.06987463244090705 -0.011812365483524625 0.05270533794908786 -1.4350782053090394 0.040702740180515784 -1.3848164095435669
-0.013017517005437835 0.020665517008451418 0.05274453058995545 -1.6406765809788666 0.09697104827067826 -1.7282214640864204
0.061091237968135835 -0.015561751043518094 0.05270614562014647 -1.473615909131033 0.051839577719995145 -1.5884261360492196
0.01616248266277518 0.020962883843809742 0.05271018469748468 -1.533436071146851 0.05481258842023218 -1.6562800376928204
0.028007389204687008 -0.013219290390749651 0.052691041403295336 -1.3783584178064876 0.14657062777677687 -1.4474502764280504
-0.028906439862334692 -0.011487348130222867 0.05269325651886479 -1.4683377978160446 -0.07495374895439477 -1.5681401509676482
-0.015306677447563229 0.021096716053187376 0.05261170123709707 -1.3777516866299273 0.280436077164153 -1.4742551875869614
-0.0010474266451046467 -0.012934966322218784 0.05269688661092432 -1.4423356147118116 0.1459211995626919 -1.6328948711478368
-0.06838651700543773 0.0019135170084514498 0.05274453058995542 -1.4934742445197067 0.2696463660030548 -1.7400669833453732
0.07549954207430189 -0.05605679001412572 0.05269128950246625 -1.3896954522086669 0.09341267576712253 -1.3799182028057382
0.01087248299456222 0.034620517008451354 0.05274453058995557 -1.6052317986133935 -0.09386743893263927 -1.6730514896747513
0.07496976656251376 -0.02425567440292128 0.05270121687981593 -1.4274288568096458 0.09379754463795975 -1.3824890281970212
0.013626482994562162 0.0003065170084514195 0.05274453058995543 -1.5489810356214329 0.09038444137199808 -1.6835472559605145
0.015923304844536884 -0.015011498236699287 0.0527051163018972 -1.3672989157525308 0.19541585942840634 -1.4964377788249925
