-0.035943279765899824 0.02894953067224048 0.05740482452740866 -1.62422774307312 0.23941798933964842 -1.4828635717543086
-0.03989553754755007 -0.034677004375195254 0.05749975937015228 -1.2587733553364528 0.0729171251427827 -1.401262322562099
-0.05434951884981094 -0.01341533276116716 0.05749265916761858 -1.4262442320509732 0.043440807856439 -1.5286528214930657
-0.032327237633776325 -0.01071794611408603 0.05749920214942946 -1.3916132095196132 0.0014984284394559122 -1.61116588502048
0.02349326150791263 -0.021969296140049298 0.057444855277286 -1.5291493658109185 0.05446970607781165 -1.2936570590359509
-0.046579502192896687 -0.02279142511198777 0.05748758107070789 -1.3298646999739812 0.07021978463048328 -1.4523250571417647
0.0583571247644796 -0.02355663822569993 0.057497924970954184 -1.3647185089416114 0.01813365567579539 -1.5425963401778224
-0.02305286862823922 0.030511840055643762 0.057534835638787384 -1.5306600498195835 0.11171063795883707 -1.5631078361621455
-0.026428891222713344 -0.0114371511557493 0.057486599560823116 -1.473805921731066 0.08755311646170072 -1.5833727744256705
-0.022750863081801024 -0.013003246606807949 0.057469937377718605 -1.3837725536737713 -0.08534417827336638 -1.5807337294716342
-0.027510771158339886 -0.010535117952024553 0.057499598591471794 -1.3450097547652167 -0.01704658908930079 -1.539658603122201
0.03175164782848752 -0.017079320578879575 0.05747581470852492 -1.3179520797585191 0.09654297657147937 -1.3497726967755175
-0.0340873309140731 -0.017186654019920464 0.057461730748658534 -1.3695427054087588 0.009720824081200785 -1.5054787465906272
-0.0038511301824578894 -0.01792270359179852 0.05749799001600703 -1.491702889090976 0.2476156778370413 -1.6163061073099418
-0.05820758159301472 -0.02217880159047064 0.05759190783194087 -1.2984375250569222 0.11261378878614803 -1.47751751256799
0.059559134788475666 -0.011955489761770095 0.05749701057214035 -1.4418955700339482 -0.008270566848540994 -1.5497409067624086
0.07347187386341633 -0.04145162327844319 0.05747568034453627 -1.3626103964451437 0.10018642642401931 -1.5390162633271065
-0.05213508493767523 -0.019034541485237373 0.05749243260295476 -1.4512524411046615 0.014967636840615528 -1.427069371115488
0.04953302989298325 -0.04174728803839516 0.05749057771732867 -1.364775828593641 0.10970846249264121 -1.531246754602605
-0.0433954482636936 -0.04914920992490496 0.057470705501184535 -1.2487934130515952 0.09493687781174143 -1.4941939688341357
-0.06295984993638737 -0.01688761473912884 0.057401570515829975 -1.2976314823590203 0.11809644290340504 -1.5189287085812877
0.062119697645343204 -0.026588112813615502 0.05744564944456238 -1.299917618371352 0.18422616948316906 -1.3438653278051405
0.031401763567417564 -0.022132743452045398 0.05749791876944547 -1.3915602482243372 0.10221672499738443 -1.5517943430972723
-0.045137977491862984 -0.014558188962989266 0.057497506855192254 -1.4710908392409399 0.025337442382651343 -1.3739616318410117
0.043344026670389176 -0.015038537822268536 0.057495614435309844 -1.4189903048611896 0.004806943370083916 -1.5842277653932173
-0.00021665187519609983 -0.03568739625270246 0.057475897803613646 -1.4086414068132342 0.016863053652905968 -1.3934362814903065
0.018346877416409075 -0.03908403918959204 0.05747418547364811 -1.282307711797615 0.1273887417332451 -1.5256095352282213
-0.014639113809755074 -0.03217733412411789 0.05749512151412791 -1.305381025455028 0.07555964528887515 -1.3582941588583646
0.06678609411676063 -0.015456286473231273 0.05749913399945725 -1.443170290604764 0.003472822106202811 -1.5727981257438388
0.07886688830216719 -0.04934679676682917 0.05747251054107339 -1.2924311691589725 0.15327362411608214 -1.3945693857693142
-0.06333453685747291 -0.010776561800444527 0.05749737276958438 -1.4183177469186525 0.11548969531095743 -1.4313016084029793
-0.04612244753566353 0.0020500947178058873 0.057563608206767265 -1.4375213779223022 0.04558929994609828 -1.4490969258766044
0.10511276616428376 -0.0017231497913881516 0.057499061641449356 -1.472345608276112 0.26480599628381096 -1.4228762783849926
-0.01847337438386451 -0.03059146049762166 0.05748434754459399 -1.3841731391738847 0.09672923826761903 -1.3480610942230804
-0.059095683555746736 0.013208316417968557 0.05745025156076284 -1.5149298614932436 0.1463414814844186 -1.5021197967414097
0.03229758949162549 -0.028328906966866744 0.057499135866679256 -1.3244795246784127 0.09506870472584206 -1.2670917320443325
0.0688054040215387 -0.0515035219164881 0.0574773828248159 -1.3401412275626967 0.041863934526546354 -1.5053372660853064
0.0034313001689847537 -0.024263563510853955 0.057445634436571004 -1.3400826910030366 0.18328418955048065 -1.6147212302299634
0.01578247932756971 -0.025165146754364154 0.057497519006128525 -1.3378441578721527 0.11415107674431724 -1.5039991794276346
0.003131848430549979 -0.03994442978322502 0.057490095084215834 -1.3467649300408795 0.11158522376626911 -1.6027504144363798
0.06626343820896817 -0.016422969786953377 0.05749817858221782 -1.4474763524954282 0.02504858737593496 -1.4729147339891782
0.039734436367461115 -0.017254456750845054 0.057484029217701085 -1.470406110084861 -1.6392306244839006e-05 -1.5344927848788392
0.07050063969993056 -0.058978259137546334 0.05748074050812943 -1.3136553610616974 0.1485847235088702 -1.4318396057208798
-0.047859692630745646 -0.014915449845321622 0.0575246448999169 -1.4543735125504391 0.033594380501393406 -1.4171832634276833
0.02243022372227471 0.0019862196511636503 0.05755699046077024 -1.5582930985896148 0.13231931103865802 -1.592051429792554
0.031322417033740314 -0.014588135005882382 0.05749662660670073 -1.4073678057254257 0.08041384172447263 -1.5856747636542634
0.011630342255830239 -0.010043555340367199 0.05749621301416397 -1.3511164522845582 0.1522241555853039 -1.4816370855840184
0.01903555651357115 -0.014417296041108989 0.0575498101546796 -1.2589820352107433 -0.07711344750030902 -1.4139844710604819
0.028857471229861306 -0.021448185699553604 0.05749321589089998 -1.2462022252723814 0.09975769166521786 -1.4772699787040944
0.08737685823183403 0.000953978375888148 0.05749579188243201 -1.3838141980521486 0.3610306137879409 -1.3392595481062732
-0.04446722275147552 -0.013417877852349833 0.05747972652428626 -1.4393084075089655 -0.005928374971464034 -1.4841681745790172
-0.03075484808099207 -0.012531989346985968 0.057436111089157756 -1.409814585851716 0.07774590946261495 -1.3849237082713997
0.0005942668290660869 -0.026172917793911486 0.05748958685914521 -1.3458702784019683 0.22203138257253707 -1.4557991992676984
-0.05015904322834818 -0.011091539518823725 0.05749951497302039 -1.4234580738057947 0.07035279406427963 -1.403566493026545
-0.01971368355574681 0.02753531641796811 0.05745025156076242 -1.398504710510798 0.1884552519503242 -1.4119989939972932
0.04107377410178853 -0.04309144025140381 0.057462057337826944 -1.442020319585671 -0.017454277463738066 -1.3025770984684553
-0.049731318477512276 -0.024853930111486528 0.05749498884468108 -1.2891690870828947 0.05917808897336618 -1.484438308445627
0.041155387350488654 -0.019106260649924812 0.057499247438938715 -1.3929682265036516 0.06500320581360164 -1.5256279632907845
0.040453548942907695 -0.011797534170986107 0.05751408825325798 -1.4262038093820721 0.03469700411223808 -1.5728059896297684
0.0303388332784683 -0.024748067706200704 0.05748690567045458 -1.3717841367038703 0.1108425568293181 -1.512827157578126
0.05740973400388402 -0.023528968718452465 0.05749620179912043 -1.4627115143176457 -0.03102883212195029 -1.5076137903873688
-0.05128545716345343 -0.012088323186625824 0.05748622391389709 -1.4723999276019544 0.025197654668337677 -1.4292240780576309
-0.04142959391886872 -0.02387431538345221 0.05748732849300829 -1.3767005053391541 0.025837315498782765 -1.3974368277636655
-0.03731508801905149 -0.025285868572991508 0.05749524861960224 -1.326869953052149 0.023429681569782757 -1.539822175396359
-0.03227229971516989 -0.010640578318726671 0.05749984306269745 -1.3299970442074145 0.06350162247511704 -1.460483602885164
-0.015119136999036692 0.029839851347761615 0.05750425458089715 -1.6034405483233551 0.1481931631881035 -1.53213437882777
-0.014053748909623224 -0.024723265455000466 0.05749066123810718 -1.4411309892269382 -0.004183432850572766 -1.4468032936163724
-0.05429447232917285 -0.01756597782848677 0.05745229562266548 -1.3567783956657349 0.042177587573304365 -1.5343083774543893
-0.024506225758562334 -0.024407205328541008 0.05748095592138464 -1.2974095875143106 0.007493393065375775 -1.681808912065452
0.014079971649083417 -0.01671087238196435 0.057495334450952354 -1.3020411983465228 0.14918812479463184 -1.4083223939298293
0.06648622726562345 -0.04017200639445725 0.05748985855741314 -1.4214796238291312 0.03969196374402317 -1.3565780353953318
-0.06193865475745046 0.008604459802733817 0.057496548769601065 -1.4893161963926942 0.1362260476126156 -1.4533116317841208
-0.027768683555746805 0.015340316417968208 0.057450251560762576 -1.326162535278834 0.15259486231992936 -1.371967063963298
-0.06709711306444079 -0.024173290713975216 0.05749461662427788 -1.3424752030645746 0.06221007715518967 -1.512000326472422
-0.010484569952038397 -0.029814687356081143 0.057485400878783705 -1.281489190335259 -0.04284748940529437 -1.5883633476489452
-0.03528311830807633 -0.01556440511470713 0.05749608391212511 -1.3970032679508408 0.0005161993367674977 -1.4259896620981911
0.0004000102394909175 -0.01036669109812897 0.057495025367298 -1.3044438778900422 -0.061745344201248775 -1.401614399470883
0.013360475448295437 -0.025718074090785758 0.05749617570753829 -1.3927404528704928 0.18541623109463012 -1.5908400027291738
-0.026313811781899385 -0.034874476934784696 0.057475548712813795 -1.3157867200968743 -0.022894045123826645 -1.5408004601529541
0.013744725391349579 -0.02490414831642191 0.05749070370158369 -1.4703983448755036 0.01689266295436065 -1.4546130054549489
-0.02919450651363241 0.029879440893688446 0.05743346221124456 -1.4764394654324815 0.19461385479212856 -1.512187830931584
0.024688366457136728 -0.027426466070117828 0.0574960303582255 -1.2916273633185837 0.1137801817292361 -1.4919735685565765
-0.03475037927657343 -0.01663974933112404 0.05752236234828649 -1.4055916204890584 0.03736750613362605 -1.3261989120252902
0.010403440144310301 0.007949339920081124 0.0575084542293535 -1.4875822881442142 0.1588062290726049 -1.5203239444604908
-0.02945768355574683 0.03030231641796837 0.05745025156076269 -1.4917793939029829 0.1674272215289796 -1.5790249772849874
-0.05829620486055996 -0.010234508190361969 0.05749870222195359 -1.4933974691081398 0.04556851069500323 -1.2929663522795376
-0.03188671585887819 -0.1060892559728024 0.0574183758111572 -1.2677324955081064 0.17347838853109243 -1.5057706464342322
0.03282463690149774 -0.011422312246287427 0.05748956549940548 -1.3052657408722392 0.07252721874605284 -1.3478323485072408
0.015976705600566386 -0.010134834791304354 0.05749817918803929 -1.457786027113424 0.04679278808532383 -1.3054546562878337
-0.04831795417048243 -0.015150093985146594 0.0574847960623845 -1.3690333475904517 0.1254966058828284 -1.35636925405855
0.06414914108479189 -0.053712583041239624 0.05748907818239269 -1.3712323423226287 0.11948897766008759 -1.5830836832413726
0.06065644733615657 -0.0250671899866216 0.05749764930370939 -1.4014474859392665 -0.001654702754383841 -1.4137018594179476
-0.016380733183152512 -0.019070902846187177 0.05749359241708554 -1.5035537573062006 0.0803790216079514 -1.395939957858863
0.04473510830574669 -0.02424131810415253 0.057497090110905445 -1.4072003788328111 0.04989911771679445 -1.6329245645189874
0.008142683818579433 -0.014289195742488815 0.05748964607987033 -1.5262801386240434 -0.002381480316379747 -1.3812407674139495
0.05483037041263994 -0.035691343589542936 0.057499806591354834 -1.4050300339946147 0.10099913914751713 -1.4363900680214066
-0.04680137853066936 -0.08869734292714401 0.057490885996243524 -1.2873003438959219 0.13625104752114225 -1.6458537168807656
-0.0880435376577731 -0.06060178788714358 0.05749188231771524 -1.2948762155002438 0.07905206842359225 -1.663887954306815
0.062338184048636294 -0.023020998686437706 0.057484128982838126 -1.424580679100617 0.034136960727933596 -1.4778632272712349
-0.04394083130923367 0.025057786727245214 0.05749709580089146 -1.5198711872951278 0.2148781203500847 -1.4739095350126898
0.028117202533976555 -0.02672589524447762 0.05748646732080044 -1.3039603951353476 0.12129799102849836 -1.4662319932986358
0.07056363168861877 -0.027396855434101808 0.05749273299030705 -1.4603470545613995 -0.07351743318253212 -1.428437639362131
0.01034097492307726 -0.02669344622252643 0.057475449715356945 -1.3980798596588675 0.012440023791934207 -1.2600041631966117
0.014848350573470902 -0.011550260665521362 0.05748545430311445 -1.5496034807381622 -0.025770289859996076 -1.3296679883138314
-0.059667683555746864 0.0010653164179682446 0.05745025156076263 -1.4428100894811695 0.06015435655076673 -1.5268972926945794
0.02022677748847306 -0.012697867574633101 0.05749049003214247 -1.3912644822615208 0.019851849896002527 -1.4506630963715932
0.02325603391720988 -0.016531076371853366 0.05744946285386232 -1.4574414616544136 0.10937696978373301 -1.6678439436084855
-0.05023446257184676 -0.017735393674433293 0.05756703932951558 -1.3576102625329074 0.15021639522150987 -1.310009440398043
-0.045882874380620324 -0.012708534593167089 0.05749647035360664 -1.4016015619035922 0.0589302546658419 -1.4166143533238946
-0.03370453250038506 -0.019817260352170248 0.0574603160573547 -1.4078109786840431 -0.042756225967826245 -1.5275742654237068
-0.029133489041592797 0.023194429689504126 0.057499074095149254 -1.4125128191919452 0.18734549199232253 -1.407933936814398
-0.03162674301363473 -0.018320541696801945 0.057484604040964796 -1.3108464850819956 0.011572808506062904 -1.4838998672706754
-0.06338758790453457 -0.03612126292743973 0.0575667748929469 -1.3492519421274471 0.03227685920205703 -1.397431054897158
0.03213430213695091 -0.03386696215826742 0.05756317954751208 -1.301371942940313 0.10294391458717689 -1.4966226557906377
0.004871321036587267 -0.021142293229691893 0.057494523478149005 -1.2369573521090123 0.044148340189045454 -1.5481968709772487
-0.010241882749762595 -0.020054290204472153 0.05740829506173762 -1.5066984104216188 -0.04074618872602742 -1.4317466512131547
-0.035138680438056714 -0.01962406430064562 0.05748662215420649 -1.433563948553228 0.044837594525622304 -1.368085775865522
0.02499557437617996 -0.07092739165025715 0.05746960659394612 -1.3526669744800315 0.0677623282270301 -1.3544335797124023
0.004831117848903841 -0.016121066919825323 0.05749654141389185 -1.3767174899992218 0.23616894323871662 -1.430067661747931
-0.05834795597311571 0.014032420612260668 0.05742451905124684 -1.4062516285406044 0.19045367122291124 -1.5383387778401634
-0.05134864141235552 -0.01951986025466072 0.05748611469088624 -1.374450727831681 0.052184498717846806 -1.4639240838682186
0.04044691259015963 -0.050559330529709214 0.05748505919939869 -1.3465866163772926 0.13520814656974123 -1.524817985724837
0.05628819331397767 -0.0438950617217007 0.05750027063567921 -1.3800998263288426 0.05397100045329828 -1.4476261717892855
-0.03434378955926511 0.024063231469099534 0.05747625402582164 -1.4726260149617234 0.31673919350988444 -1.611907305786432
0.00598862697164927 -0.046848462865150646 0.05750034386175389 -1.3921941554387591 0.08873295888239374 -1.3776352557867666
0.03346319132949392 -0.01294919017988091 0.05747658150194334 -1.333677457635067 0.059171059759220324 -1.5168412981123003
0.04804599531952405 -0.02024578366189928 0.05749828723463633 -1.3824181910466333 0.04171666945953789 -1.503506016650528
-0.00786849309912524 -0.018006712046703056 0.057492600906064534 -1.475418234493005 -0.03776092191094649 -1.4776863002900087
0.033246162511750006 -0.011659823626408501 0.05748807252589917 -1.4266344157362827 0.0348522947024934 -1.6565729632773225
-0.025681635270821866 -0.0253742982162317 0.05749944998183495 -1.3723455240150948 0.08004960430995989 -1.419400108543814
-0.05877930604186496 -0.018029175460492833 0.05749751856251016 -1.4454311592363123 0.06158818877697181 -1.4134305465414527
-0.039578502925923055 -0.012727775712990955 0.05749745449767275 -1.402962985789463 0.02897811578356313 -1.4509614713465706
-0.05468986918213841 -0.032076705518481304 0.057488989900607364 -1.375698458628643 0.04043281906038376 -1.3655553999795986
-0.06089727975464986 0.010194965660756781 0.057537246216251704 -1.5648960352905221 0.09156937415326816 -1.5454737825374685
-0.039836011894555164 -0.0112859978231487 0.05749774345576641 -1.465005994120291 0.030874279418941608 -1.3101547024481937
-0.02504022804707354 0.01680272368851786 0.05754153456519538 -1.2921297200920259 0.15561299116080596 -1.397281883006847
-0.037446697736185974 -0.013070163883921534 0.05749903604189355 -1.3642832582167217 -0.003692379229647491 -1.5089158319923635
-0.0540804326941143 -0.013679022484978508 0.057413623529469014 -1.397514737029427 0.058049429532025965 -1.4155196083927242
0.06569713325992767 -0.0541662713225734 0.0575294578413994 -1.3757745747150862 0.1520384677699429 -1.5396490149782984
-0.023087600298804186 0.030114218004973794 0.05749930669697435 -1.480453940106593 0.1418046955904575 -1.5349916007354314
0.037386433085102554 -0.03331877038091322 0.0574954805315024 -1.4438931642962798 -0.12403475552560872 -1.4190600634361223
0.0015497127216032435 -0.034370845531028385 0.05749857589042954 -1.4390450211359038 0.08103633478212813 -1.4197078574933728
0.0668140487822175 -0.08301293457692756 0.0574799129948348 -1.2773834645499085 0.10036383488342215 -1.532314203168807
0.05036909731810001 -0.013983201720893575 0.05749520691418067 -1.4434166298474036 0.04575458996159232 -1.5045430410902714
0.04942248566332322 -0.034855048650689315 0.057496510008793106 -1.36958470658024 0.09330004238020773 -1.5025125412143607
-0.06357032325733286 -0.011720628941405728 0.05749969653995276 -1.4596127048843186 0.03414287644120906 -1.5615506026216437
0.03758923125133816 -0.01210245501994654 0.05749400999778434 -1.4259043615038476 0.05042197493334499 -1.5096528506558016
0.05496767204706106 -0.014669333372350464 0.0574963372699038 -1.4030529560120397 0.022795193216544662 -1.4672606362688816
-0.026983212330992993 -0.015810547923288697 0.057498078787070625 -1.4537344179584073 -0.03789739052023511 -1.5174722946554957
-0.02122606571594258 0.03090126365606077 0.057534782589833494 -1.5544839740271357 0.15333512607450572 -1.5146490876621468
-0.010449130370246043 -0.03143807189480684 0.05747471046478236 -1.2346693216201852 0.03098991877627677 -1.5630705938878335
0.007495618705673864 -0.014025138339368269 0.057499074011766294 -1.494247307973809 0.15093749720989957 -1.672843846001888
-0.04548227436347297 -0.01291968704662123 0.057476399392552086 -1.478769914308837 0.029594484827191847 -1.3053246051627916
0.017891400345787206 -0.024281215437261524 0.057495500462204537 -1.2381196377208692 0.07778926735646219 -1.4822622178483618
-0.03681118562860783 -0.012861989300171685 0.05748771854285908 -1.3874292182510461 0.13452919420916842 -1.2364378315877336
-0.03871494417985787 -0.017311363837351927 0.05748421632554344 -1.4265506966996742 0.06870661699890812 -1.2879813654399308
-0.06542948295059431 -0.0162788613427 0.057485760595047466 -1.4869884991035809 0.03546138764376927 -1.4594670680829909
-0.033819424329086856 -0.011658723670574316 0.05754202372261822 -1.342827269813949 0.34290076264757596 -1.5858937243781082
-0.03460574448905126 -0.01691244261568217 0.057582412510195635 -1.41392610017875 0.02049971465653133 -1.3116429062169832
-0.04397376831911581 -0.018068703272670694 0.05750185025938262 -1.3656591361563897 0.05595854446720594 -1.4615731437500474
-0.06264026342537501 0.007398238923203081 0.05750166260201934 -1.5548021033659756 0.0923614770112775 -1.4484800323728162
0.008772529934462302 -0.036099204663559765 0.05745575771122867 -1.1904670686538135 0.07754707465722643 -1.5157083075036715
-0.02373233552114478 0.03039553733478397 0.057572136100663855 -1.5563333842653493 0.11037067894150399 -1.6716922924933557
0.0026157977930124695 -0.032032748958910576 0.05749098676867882 -1.4043648489664002 0.03699014075548246 -1.3541295500104933
0.010797674650135532 -0.03305931009885899 0.057489487581442844 -1.3890930240379415 0.10721550651777378 -1.4912403243741437
-0.0507704218333848 -0.015852722163961715 0.05745226414723168 -1.282957048341199 0.13449472299163379 -1.5936980973467374
-0.03589648363399327 -0.05277583284994903 0.05749499727128369 -1.4099332328793766 0.3121849188271404 -1.6423528350592846
-0.012083475989168825 -0.02450315900894259 0.05748668335925293 -1.3491321019913824 0.14641714121237026 -1.3524789727098725
-0.07370660990806026 -0.02200122702395534 0.057445392344818866 -1.4581664852244915 0.020814394276200687 -1.4133131351442545
0.015255154667091113 -0.049076591720759136 0.05748646717236734 -1.3320260273822508 0.09473509273865499 -1.4222889846131368
0.029701129119068886 -0.024369183029568194 0.057550528389661175 -1.2833045658105107 0.08108438073232693 -1.5117295442439458
0.03741607019076888 -0.01689891423359729 0.057474719842946616 -1.3034305564530813 0.04456116169007296 -1.4794028147244143
0.03551745225682372 -0.01554355432877817 0.057499342726395605 -1.3489429870000735 0.036265466098977406 -1.4615610392851703
-0.0624602329306104 -0.02434584652341314 0.05741950368599509 -1.3835236292260835 0.08407153509838006 -1.3450154405294554
0.023399248039898974 -0.01794918370211175 0.0574941497738836 -1.3675676775213208 0.09543161844976966 -1.5717394119567163
-0.008059196899374796 -0.03654500500011775 0.057491191788361796 -1.2489205538491406 0.0969178931162058 -1.217316148990153
-0.003961785500220741 -0.04841082316230575 0.05749840723484377 -1.329984786031264 -0.030006790877196376 -1.5155453677489084
-0.029893764577397154 -0.03244816908203285 0.05749019998320247 -1.326817315493974 0.02716093694306254 -1.4077973824092513
-0.047728184659801484 -0.019037331941452424 0.05748405001760583 -1.4895084865435535 -0.026716264186761762 -1.4351922021666672
0.03503859442107872 -0.027630905065909653 0.057465862729657195 -1.3853427560524405 0.12717099068397308 -1.5114973504830447
-0.01950397910322846 -0.012565467010947622 0.05748658929752565 -1.4548907239733608 0.05686632530521285 -1.2631492900510504
0.07559267206940386 -0.04049793710148979 0.05740424665990375 -1.371762444858519 0.09303733378324264 -1.5418323538562395
0.015728558028816654 -0.02877307879147333 0.057496513160486776 -1.4451862346298943 0.022674196114091716 -1.4788405113130878
-0.029581488693581723 -0.014826427724179133 0.057420188720413094 -1.431131404023199 -0.002422796721313736 -1.3962266267615193
-0.04810589806351797 -0.013281159739735624 0.05748600127716663 -1.3657208106061411 0.13330799167321383 -1.4038046644448767
-0.025398426599309184 -0.013385143011169458 0.05749759653014043 -1.4841187640759403 0.04510854898515815 -1.4325355022240387
0.00873280233202532 -0.014838100170319609 0.05756645118345727 -1.3428802213756155 0.060921507804444275 -1.3812139740484182
-0.06001619111539932 0.014237917098795908 0.057575438750145515 -1.5581781228926128 0.13601281405387122 -1.529450054379203
0.0765827022354941 -0.028855797701411466 0.05749706235895457 -1.2720927041120966 0.02163038470998435 -1.4442781947729428
-0.030413020712324684 -0.04776122003326551 0.05743756562870381 -1.3344426170402182 -0.028934097988138285 -1.2710574240805017
-0.022411494563453965 -0.016753324110450947 0.05749870025276247 -1.4465218580895614 0.047795927113634784 -1.381882990458726
-0.03210099292127799 -0.0487572200773634 0.05747903260066641 -1.2373645430068634 0.023035878224200834 -1.4304044618211107
-0.05071268355574698 0.02069531641796824 0.05745025156076248 -1.583611051511508 0.14994697941531143 -1.526640348222431
0.018677579333778296 -0.053042999276367186 0.057465988098600214 -1.4585034363993297 0.007284108974547232 -1.4024341140716785
-0.015556378672596035 -0.017168344573130736 0.057493457123455466 -1.3279423118012 0.03539782652711421 -1.6354027514000362
0.043086052894695165 -0.024961537472465645 0.05749982547513323 -1.2077831453809462 0.12046682630357908 -1.4496433918322773
0.07658053639806865 -0.04850852089646121 0.057485883610906806 -1.3840857050315822 0.10503627167338347 -1.545569194400071
0.03938243205567321 -0.01158519827111299 0.05749556511750738 -1.4744745681868985 0.032842869878149106 -1.6022485793258996
0.014050979177393431 -0.01382650316165162 0.057497719327746735 -1.4066155926506 0.10668575885072751 -1.2945998365663334
-0.03239414735866746 0.03054905677213075 0.05751406590487181 -1.6471343149806321 0.17465195970448621 -1.542026709336802
0.0437912351471917 -0.01721146930726327 0.05749533456334746 -1.338116315334683 -0.04488799055185266 -1.4887659514394305
-0.04173788535994282 -0.020099742003424164 0.05752406790452809 -1.4156589440148395 0.03567176594825372 -1.4318772145261771
-0.007593036305842457 -0.021152108602867533 0.05749531752183084 -1.2906985659190577 -0.04812648307772527 -1.3429268342698761
-0.031438872062880784 0.02473898664397046 0.05749268041585466 -1.571865865025936 0.2967772427003905 -1.5001165387985886
-0.05695334375772184 -0.014518657525406648 0.05749914921970646 -1.4182403096169083 0.06303138778165707 -1.4731746170697035
-0.08415730046646204 -0.04338068984170375 0.05747331541576085 -1.3802196163871456 0.17221663620975525 -1.7159768616530942
0.012096579193663205 -0.011486651656822656 0.05748953122033325 -1.3343398875862749 0.03155413326720047 -1.4291916397880626
-0.027537125809199613 -0.016540347803790094 0.057423548849355945 -1.4721199785083479 0.04452960387769167 -1.487872930573791
-0.04506720847079853 -0.011556649357059263 0.05741721908622686 -1.3669544488095495 0.06747803933327567 -1.4155678254440909
0.005596432981330488 -0.03204369477896113 0.05747633701609936 -1.4462172972909864 -0.022328443436068213 -1.33543762884276
-0.07103534572965861 -0.013208511280179313 0.05747211814993274 -1.4493523944245041 0.060516029121503 -1.5168159622548782
-0.005556051653932401 -0.02477654414803767 0.05748926236232597 -1.4596440846747791 0.08116715799245133 -1.6561807831479765
-0.02877828337808167 -0.016505966184197293 0.057491696506926274 -1.4370369206013442 0.13030626721827554 -1.3268154797270066
0.05902866418077175 -0.020686050939123964 0.05748741212957796 -1.4497498184716924 0.04590156698148262 -1.4411857107878208
-0.02570527743775015 0.028264015526729754 0.057460250404132385 -1.4669470258393678 0.21434800852547897 -1.508436812649556
0.028835086285546405 -0.010676929067705124 0.05749951722572458 -1.3837118008247027 0.0770126544671843 -1.6129341339463226
-0.06627550177734301 -0.12178989958225053 0.0574866828032652 -1.251540182978443 0.12126256741531893 -1.499145993342981
0.012421640419033726 -0.012801288763717717 0.057494337808141 -1.408841664411521 0.16849941189729378 -1.4773876583817582
0.019565044490358386 -0.015915434444547516 0.057487299370999854 -1.396422230956503 0.10021058774379932 -1.4995740492400822
0.008720690683639619 -0.010244951082686153 0.057489458334327115 -1.3416286952729437 0.03299441637972178 -1.4467374388970047
0.03650258060028027 -0.01507114523263954 0.05749258596947874 -1.4644260529165998 0.039132047074386334 -1.6560355352730476
-0.053601683555746994 0.02302031641796812 0.05745025156076243 -1.5485793475269207 0.2498303327570115 -1.3596197643859071
0.01346993992153768 -0.022152822112774525 0.0574248644408451 -1.3847384517411852 0.17944646645360796 -1.515994492958597
-0.06466635888205952 0.010275981413728309 0.05758670043440055 -1.5127279130440512 0.10720695123013324 -1.620908345332871
-0.051175095161142235 -0.010727076464853408 0.057576145632300235 -1.3415234883166751 0.11086615694521673 -1.48398394732334
0.04647886319644053 -0.026984225555119767 0.05749650663947172 -1.2606174399498937 -0.009318970821563966 -1.5020068539412763
0.04684144929505124 -0.03814653058099525 0.05747336736149424 -1.336016120976315 0.07053260213539159 -1.6120970748821155
0.03614859839950622 -0.026671771413021482 0.05756088689406784 -1.3490907398436642 0.06470289971811938 -1.509949867077563
-0.034533953533039854 0.03078064708224584 0.05757457306798678 -1.567862739856944 0.2087024713412371 -1.6058405506184483
-0.044046683555746834 0.007584316417968371 0.05745025156076269 -1.322663283148541 0.13695360620237107 -1.4385928590783823
-0.033304789915601374 0.02921613335850286 0.05749994334495476 -1.5704345109203304 0.2329700557019907 -1.467572631686351
-0.036221689227045814 0.024618914270195396 0.05750224625854549 -1.592521123671769 0.15351345503552816 -1.3728246973307874
0.07140516630093434 -0.03662261726473353 0.05746069488797198 -1.2256535407847595 0.2566587519805663 -1.424322406121429
-0.02491221823988879 -0.025605190888209898 0.057446358265565864 -1.3443135076892265 -0.036521806523858835 -1.4438932167207952
-0.04009831895324841 0.02658259340061058 0.057569753169738946 -1.554251847573386 0.22422197096120833 -1.3820521323531434
-0.009037686574882181 -0.023606580764403265 0.05748581396684577 -1.3617794063985398 0.2360931398556394 -1.622948256553878
-0.005927235117973245 -0.015133121782462792 0.05747232656589129 -1.298785800879579 0.06366653085435914 -1.6070511178268598
0.031652684605759374 -0.014785422267396122 0.05752065192998258 -1.367312696810119 0.06245542592591735 -1.5183968402124672
-0.02441235479871799 -0.014982601584144948 0.05749820876908775 -1.4269313230094947 0.07016379896180469 -1.4162757863311795
0.025290250652541844 -0.012714207703071464 0.057461824568679064 -1.4293610563519448 0.005537319411578867 -1.2413649284512878
-0.04029696205419903 -0.011930722564219252 0.05748726714657801 -1.4495443177731064 -0.001143338680910766 -1.4270050223268165
-0.027046841140280064 -0.01819452054589845 0.05749060608605162 -1.4098446326741565 0.09438398082524757 -1.3757361197525433
-0.03891150380637032 0.017145580508690413 0.0574943747184099 -1.4794173219949398 0.11759050440264152 -1.479148880851544
0.03696744493809253 -0.01693185907540275 0.05749272694161921 -1.3113447251795263 0.058872825279840946 -1.3354948875532708
0.0005382690992219534 -0.02613931429056738 0.05748404177646227 -1.2333244450607712 0.18019676195555734 -1.5090518814390275
0.042246752875995545 -0.013321555199179134 0.05742623927426708 -1.4455306322728685 -0.0188101888414669 -1.673033518717608
0.06465234847328774 -0.07275120074755327 0.05743833322630785 -1.343878891351166 0.11444967926551608 -1.4241605901882477
0.038352236844302647 -0.03475287420289655 0.05749694252936292 -1.270329447302615 0.11909807791718352 -1.4843087937389259
0.02569819412756619 -0.014587866626776694 0.05748489731725732 -1.3697679467843042 0.07064378640946556 -1.5209352477959384
0.07559202167634425 -0.032517269359000955 0.057487805021932153 -1.3718000289682077 0.07667040202112196 -1.4159143211950558
0.02835183207746361 -0.06598427551431596 0.05749824533110113 -1.4082786291180984 0.00972046080144473 -1.3734666404236602
-0.060654960726383426 -0.011628118534791126 0.05747480551103183 -1.4497438919174785 0.051660006558913674 -1.5058704491527208
-0.03050452769377278 -0.01884456911986085 0.057486257302516865 -1.412053285548374 -0.026488298458773984 -1.4271525662470455
-0.02727810121889201 -0.03125054024360005 0.05743308536919281 -1.3704469105840624 -0.010405690776081 -1.398486263548216
0.07732510427937951 0.002314680836500688 0.05749907094384953 -1.519851135477328 0.33712003327827045 -1.4537253564864974
-0.0441144646102903 -0.01518326642555438 0.05749971591910599 -1.4635356812336189 -0.0026459095163564594 -1.4584021002079677
-0.06468280353021093 -0.012747501163693007 0.05745461265169044 -1.4884546970978618 0.011909517940318803 -1.589074143909222
0.06693476419694415 -0.015487743613707418 0.05749841026956371 -1.4598102698280377 0.024490256554027034 -1.4599794465493465
0.0772758981296684 -0.02045318448625556 0.05750004166090616 -1.4600200575768227 0.011477673308609937 -1.6199278946774749
-0.06443704544208327 -0.010505612912378113 0.057422709339078684 -1.4957740593695263 0.04749137479948584 -1.3590140187985222
-0.062307944257470035 -0.015266139280446296 0.057481470992059615 -1.459710556195119 0.028322384905832276 -1.479701300858713
0.040267861672915156 -0.033738433226602284 0.057499113286383935 -1.3417998323890685 0.11533966839675003 -1.457282190042111
-0.016725899816267143 -0.012801342352534223 0.05748915824316819 -1.2523351179700484 0.09301410224748197 -1.5299788873682316
0.04915480781091525 -0.026717453406319577 0.05749129638323617 -1.3379254814544312 -0.007821506882240703 -1.405123336538274
0.03674206771768157 -0.013452882839524553 0.05749641763552235 -1.4012125941806897 0.06919911273469781 -1.448385436956996
0.06766971972361537 -0.01867419821667984 0.05754084753056357 -1.371836356445248 0.0040921936386129065 -1.4399965262275671
-0.058300877826286526 0.013742834536791416 0.0575035197407276 -1.604678042644113 0.1196027866680911 -1.4083909010156062
0.036930831183586366 -0.014386797182179582 0.057499821893031856 -1.4541465842637789 0.08838302608671222 -1.571572703113373
0.01360581864146516 -0.05479991151002233 0.05746447998433357 -1.3722885022445808 0.03071384357560536 -1.3276316681916656
-0.06167013045958895 -0.015391843893004221 0.0574754873606796 -1.328604537785779 0.11635226169351554 -1.5046606758732075
-0.03500717426425645 -0.01574530857186135 0.05749435963419586 -1.3695993284670944 0.09443107803698991 -1.4560925891902308
-0.001987485003888519 -0.01714582442647372 0.05748888610524221 -1.3575443794649291 0.06712466106840265 -1.4153519376130133
-0.04401337514040832 -0.012825948956558876 0.05747619006222806 -1.484439626921856 0.012032878317922213 -1.4001571203461909
-0.06330004499186272 -0.01638520586117977 0.05749932846871163 -1.4263278114435338 0.02042495908675357 -1.6055225210568262
0.024485863086830168 -0.020154211980007157 0.05747616110801647 -1.4405974669353454 0.12592746638970387 -1.6083836290349607
0.04199613402940753 -0.011299791961703507 0.057475639612039976 -1.365155152955624 -0.018287108081947556 -1.3653765567407028
-0.0030682088710764248 -0.01348002793635308 0.05749906419832443 -1.3488646099410992 0.22874447840311007 -1.4440748076069925
-0.013451969765203265 -0.09077547117800996 0.0574101641611897 -1.256384152649249 0.0457908980970283 -1.6902206759736698
-0.028611500027033714 -0.02590158490958897 0.0574876023879004 -1.3530180454337408 0.028305076924705963 -1.4038410302761661
0.034247309142286846 -0.01294490107858654 0.05753619862531321 -1.2869623414673321 -0.06710015176027073 -1.5120157544139474
0.01361569936723252 -0.029413068449344482 0.05749504647839658 -1.3456495846044958 0.18537811496454792 -1.5246337035233117
-0.04464931802203196 -0.012122303209302143 0.05751695197398261 -1.4845011168282436 0.047389261480906386 -1.385344817832275
-0.05869157227403468 -0.01518222411682853 0.057496241690760036 -1.4080133943978652 0.1370052041034202 -1.3153166930159297
-0.04592739050172269 0.024584392614893476 0.05753705853991277 -1.5101758201585913 0.18350081219550862 -1.5769385081238632
-0.0032841290616424795 -0.011821612924633242 0.05749941164705091 -1.3589857589713585 0.01568710812464702 -1.639137298300752
-0.052510554095124076 -0.013958224654284755 0.05749905331705668 -1.3833607139029942 0.029391732480912536 -1.5861748522530286
-0.05630895913589903 -0.021635317422790623 0.05753553470341611 -1.2964470786973925 0.12630452274124915 -1.431109642436823
0.03472814099019137 -0.017462551569484105 0.05749461810116944 -1.302571997531152 0.039287107501172036 -1.5137857299267747
-0.03702419671934328 -0.018790235832800952 0.057486110950526755 -1.466924234458466 -0.02736166636634585 -1.3830430686837691
-0.010194184393330388 -0.028287853065044978 0.05749530220357227 -1.4734108449741317 0.07808968723842469 -1.4670826117296645
-0.05292262157138299 0.015330481645703473 0.05749925726387694 -1.4902709086464925 0.18723912031888013 -1.3635600543328699
0.03174335922977458 -0.021111091132686447 0.05749945906566937 -1.4503691505326917 0.11181483866760522 -1.4483512716264233
-0.061005712751919725 -0.011912638114265255 0.05752818404704815 -1.4894457113329809 0.021057406012487512 -1.5249042748756463
0.03714940474103288 -0.021736203996608177 0.05747690924826503 -1.3166170833637207 0.059157294011165096 -1.5243085202649798
0.0009865012998851832 -0.033981039117578035 0.05749968900351425 -1.4506606666669852 0.10806153244600236 -1.6910060924924493
-0.03611275911786328 0.029902651850387228 0.05748618341014567 -1.4790273532257672 0.20861938955146564 -1.594555962128136
0.04187370292200239 -0.010788856140396404 0.057495215397743556 -1.4534742876145041 0.0571465037886183 -1.519625404885464
-0.05061113940036272 0.0188956716234246 0.057541989468626015 -1.5115095036386 0.1631924830191942 -1.512545216372878
0.08088302738263642 -0.06310033132774553 0.057412387484641704 -1.3298878139544013 0.05979800395169543 -1.4703950416573104
0.036805993232738754 -0.02840020528960315 0.0574984250456022 -1.2519188455350503 0.03040301810801993 -1.4600799213851459
0.04160085211153547 -0.0108570109135685 0.05749560052281705 -1.363301128055757 0.06291196549983558 -1.3417304431597787
-0.045275305717791724 0.022265315058423253 0.05749683510633358 -1.5619341767256412 0.17372249546318863 -1.4370402978163814
-0.04970173095501564 -0.024029062087318243 0.05748570796946142 -1.4087934911911093 0.013964027096578846 -1.37717790115765
-0.026948562310163633 0.029974490367346503 0.057502819748194926 -1.5361316746980158 0.16690236425860272 -1.4637732891091495
-0.057967406036238976 -0.023473423827531977 0.057497108373555345 -1.4344215000902536 0.011552427811741373 -1.476798168152679
0.046411891070697625 -0.03755072901850185 0.05749007231619627 -1.3714886552427084 0.11130060381169349 -1.5088999969391423
0.03075678891423327 -0.011335858854907998 0.057470629582772666 -1.2969913299105758 0.08441436661313428 -1.5004784735048662
0.026002006938669407 -0.01774317175145663 0.057429058695544245 -1.3397196717600277 0.07845086522023714 -1.5379435362345248
0.06703654722911832 -0.05158828145867379 0.057460091655440665 -1.3209000877609611 0.09540564524079875 -1.4959432839647342
-0.022527198451532435 -0.014831769188534264 0.0574996498390427 -1.4172871707367967 -0.011830320866219823 -1.4568645861910399
0.09670284240808373 -0.0019852174701793074 0.057484110852604575 -1.430835883552592 0.2865730077764579 -1.4727970945654183
0.039030247328292245 -0.02157529484793653 0.057484833929974596 -1.29409802158163 0.0803651381491497 -1.4156662390768344
0.07200423335929404 -0.029170258961540445 0.05748404216828952 -1.441841350861791 0.05980167615512455 -1.5229959698195945
0.037401534082229036 -0.022028013742826796 0.05756221943272638 -1.3466469209640086 -0.05720884410641558 -1.702392028967331
0.02027632418167003 -0.016978431854818354 0.057477888538626024 -1.183457393252398 -0.017359136013048726 -1.3933503087415373
0.020700124290020733 -0.01060558860680299 0.05749721832682371 -1.4235226478613117 0.11564553667701127 -1.5421460740122712
-0.05917375287145831 -0.010756143584022606 0.057496359868726615 -1.4766529441740048 0.06342199915745006 -1.3331344727206569
-0.042908683555746834 0.01728131641796837 0.05745025156076269 -1.5256148824327902 0.11480262993145107 -1.48432810826093
0.01749073286027545 -0.01123909233234042 0.057504173527287525 -1.36416214878964 0.11812315512060922 -1.4517832730992173
0.025700198993882754 -0.06222949372058467 0.057493214325739096 -1.4316891705799213 0.007167165512554696 -1.4737118356210805
0.058850394672976036 -0.010522729581702375 0.057496175230669265 -1.408709284559944 -0.0034046049407527867 -1.3438012496347307
0.020909860523210415 -0.03711738463045002 0.05749199624338222 -1.4889784450585086 0.012338152968332183 -1.4918390987110433
-0.019029972218623167 -0.021006586898165744 0.057422461295265466 -1.5289838460167875 0.1613373161166265 -1.66006351004413
-0.0122266497518847 -0.019594829201104984 0.05749625960889237 -1.410578206935131 0.02238010139393265 -1.6841120526910904
-0.03072477813167564 -0.03142432381181661 0.057462099972765586 -1.280507064305105 0.10668935224009624 -1.317375231892677
0.049703102399370494 -0.0012005033134273378 0.0574109649356643 -1.470718169333614 8.103930344094401e-05 -1.4981803253216273
0.0695275204087594 -0.05576495513047178 0.05748217219714659 -1.2940941232343586 0.03584393842419242 -1.505438998579375
-0.01522284070849682 -0.03156122010195191 0.05747890775114926 -1.2815233651206208 0.2070338315497846 -1.4866650627622557
-0.0032370927782888583 -0.01516327576099332 0.057588126248526224 -1.38427519799341 0.15255392284140723 -1.6353714933586156
0.03056143175560586 -0.03468096174804579 0.057487323409294334 -1.3588689388283723 0.042229986827277965 -1.6449852083441117
-0.016171772670111852 -0.016811930901360524 0.057491297314253134 -1.5189431836865948 0.06237864200343246 -1.2825633762199247
-0.04572707734599923 0.018322993485388725 0.05749926530832592 -1.4793869065998495 0.13995836270143247 -1.5493016391267689
0.07340193289910586 -0.06519701971507448 0.05746971333679557 -1.3514692111372149 0.14864106298939284 -1.6252529304246903
0.0007765237304157086 -0.022138909676531596 0.05748433875531302 -1.4017126729682954 0.22522370255033364 -1.5214521344557796
0.029293537821539303 -0.011471852717495127 0.05749940303261474 -1.4293126458657321 0.07377650445736306 -1.613094178625844
-0.028931781877220546 -0.010031746199110257 0.05748503628795911 -1.4828788861259703 0.04865069783666209 -1.394619491010132
-0.041553509976021905 -0.025783187183685007 0.057499251887419 -1.3782079086716577 0.058707684033920904 -1.3855959610561206
-0.022091834529981116 -0.020317541212356065 0.05758491168914974 -1.3874078793614308 -0.07099415985288493 -1.459090299031056
0.011429347515161913 -0.012170351226732273 0.05749242905954876 -1.3266411372456917 0.032959215633736605 -1.4149423171637197
-0.03850217259980683 -0.015512673985834686 0.05749940034683606 -1.319989147264421 0.08758149649029501 -1.603587194433725
0.019866451341974505 -0.02854460049898657 0.05748781104172793 -1.2842269428358428 0.13119063337307635 -1.4444456163721109
0.025615887095196212 -0.02006159834154188 0.05747600727238361 -1.4035740078520003 0.13401928207539426 -1.5051618571615355
-0.010222447009123867 -0.010749479385929902 0.0574978605956576 -1.3084042138611651 0.0774147898668085 -1.5842548223290815
-0.02802150357997961 -0.036893676352493306 0.057489234215251435 -1.3371946564855368 -0.024529937543189995 -1.408638723390527
0.005648828239398282 -0.04045932510407818 0.057487968603915966 -1.4792217923489082 0.037777269192908136 -1.4477795052256093
0.07168831613139237 -0.015852866842617826 0.05749463610519537 -1.353160486155052 -0.02703040150111491 -1.4869845651699973
-0.028466698935197043 0.028667738495709222 0.05753435404010983 -1.5844103837609862 0.13458694082223754 -1.4524362361099228
-0.05592165544218789 -0.02147307043261455 0.057485711007350185 -1.392177620199435 0.06676227970382587 -1.3668070345183716
-0.029777347722122118 0.019598270860497785 0.057413411423508726 -1.4751202447838472 0.1277623898714091 -1.379246827278027
-0.05180482309045519 -0.013664968525881269 0.057498152207036225 -1.3725520367520265 0.1318257300335579 -1.3947318972026905
-0.006068727793206608 -0.019211687854816695 0.057485544261459964 -1.4500474157339485 0.09928630099198599 -1.4002938890521284
0.03461062933225007 -0.018515180271815524 0.05749785593173621 -1.434886098694061 0.0970148263156112 -1.6062189201744104
0.019225067743438667 -0.04020505752717286 0.057495262648072046 -1.253183798167365 0.08131277443468665 -1.5813445452684727
-0.04464415677537028 -0.01617067221001003 0.05745865988774934 -1.3756953854919138 0.04625052638644167 -1.4824699641533285
0.023471177555996127 -0.01081965848827149 0.05749706039885954 -1.3798647735330514 0.11537726538573367 -1.5009442042687522
0.043625649969074295 -0.01004803564045028 0.05749499992197732 -1.433084458047947 0.04414917902810256 -1.4685727877945758
-0.036929935839954485 -0.011382634581830345 0.0575494502865386 -1.4106136327906658 0.14090450776236318 -1.281414228361525
-0.0480670337995216 0.017845318786972007 0.05756330027686576 -1.5104854562719698 0.13279355687261973 -1.5440588681827752
0.018049138662446215 -0.04619150156096375 0.057459149884533496 -1.4895110866368542 0.04854097493056253 -1.400040074317322
0.022781667402966638 -0.07649296023682273 0.05749897257601554 -1.29332027945844 0.16045612744443827 -1.402841743027947
-0.03171483823915791 -0.05027103318729245 0.057461387380446885 -1.2734101493868852 0.03636444311643827 -1.7144177303435855
0.011209173651008682 -0.022317148722073122 0.05749770847441972 -1.4332824978913319 0.07798620360738795 -1.6284587556378638
-0.044850789804764445 -0.01037218398482305 0.057498704531502284 -1.3725065630273585 0.1145737593321221 -1.3317600903965803
-0.062213314982181536 -0.10621373391540767 0.057498159783897315 -1.269312035921045 0.10161966825912727 -1.4373893761703123
0.01103069191178407 -0.014363092406121726 0.05749928220295275 -1.249463482515451 0.034321775094454665 -1.5024447917865937
