-0.041626992106826244 -0.012501596448619255 0.0478948059419471 -1.4234710282005119 -0.04273997738465152 -1.4398035010319064
-0.046245436230981436 -0.028755851775094914 0.04790562553549016 -1.3814790753468216 -0.05916047792967505 -1.39479627896193
-0.0049729645791225675 0.0009089645790512932 0.04795333441087261 -1.5658604779147984 0.1544394408748404 -1.7218058070808393
0.011083680024245212 -0.010070500670293128 0.04790643728693671 -1.2950850737525532 -0.06614164424917868 -1.5319359872221328
0.039188393068918116 -0.013396365092823152 0.047891133793035175 -1.4308152379085928 0.10235372696921075 -1.657819502856702
-0.021003700789781986 0.024508108020895168 0.04786294996099716 -1.5585828660512937 0.2477593385552752 -1.694538585389471
-0.05336790843095754 -0.015391553040732326 0.047918641014220935 -1.3932899599543394 0.10594147587058411 -1.584090628837314
0.031824333584101576 -0.03997281011103211 0.04787513864686941 -1.4179395811954034 0.006568112345559429 -1.4308021989913238
0.059835020536890285 0.005249541762976898 0.04791682613595385 -1.5742369672812304 -0.0030138967749280265 -1.7212331733130695
-0.0398738127661855 -0.07321191389838738 0.04799785670451859 -1.302396902830935 0.17076522890310808 -1.690324407295625
0.07516058981657597 -0.07039289653465768 0.047993872359052656 -1.3600045049464746 -0.07123816662280791 -1.3194629316561466
0.05762299767473672 -0.0034257501106473433 0.04791409044953054 -1.527912868559225 0.03481959217961972 -1.7097530301380217
-0.047027990746150196 -0.013135760156297905 0.047908711516155215 -1.391713375375473 -0.005878441807435131 -1.3377329642485045
-0.008274733026115557 0.036970374908314854 0.04791899718015017 -1.5145757217730005 0.13004709679890847 -1.692178856843145
-0.02034965089863105 0.039682128565726546 0.0479163323454672 -1.5331220611805585 0.15495483625025197 -1.5167547367650829
-0.010468964579122454 0.006481964579051234 0.047953334410872406 -1.5899895654862324 0.12267759467258132 -1.7026492020584705
0.014260577095374018 -0.04048576704295776 0.04782695079875788 -1.2385844729438455 0.0694800552953736 -1.589968276858291
0.06921801880661185 -0.01661932853787267 0.0478793469679579 -1.4212117635815962 -0.029413905975906207 -1.365633152368539
0.10230539286259947 -0.003044276717938042 0.04794389538201625 -1.380384289000312 0.21991573118173924 -1.553394551503648
-0.06896499593849864 -0.04376582149549395 0.04790331856808123 -1.318324139749032 0.06324396702127899 -1.5308421149762124
0.030834471342506452 -0.040665166448014316 0.0478715750022647 -1.4019667246896743 -0.005285852666290003 -1.4232197140769358
0.06829951361887214 -0.05343567769238255 0.04790622140128899 -1.356215607100717 0.2086707116798372 -1.553137209367009
0.1041000093715804 -0.012673382299485432 0.0478294642688876 -1.5146272586158984 0.2156906126716065 -1.4364027416595189
-0.013184384012603084 -0.012700926133075358 0.047909884924549055 -1.4772517181079694 -0.05830589817578469 -1.4047838744323158
0.08639457607726862 -0.055930593390258854 0.04786384995453311 -1.3592129160969912 -0.059001465949471754 -1.4593544257443358
0.04888345162677882 -0.015279162304135861 0.04793699744100377 -1.358973566359272 0.12320095892464589 -1.292590683177179
0.025370623153125074 -0.011225831901497785 0.04790799298378069 -1.3328676458044781 0.16050487223098453 -1.324084710387587
0.07567202069940034 -0.02281407056355544 0.04790364649158513 -1.4616178429836466 0.08709764091590588 -1.4653527433185394
0.027701618817478336 -0.018151866356365565 0.04789171618216604 -1.3503224661951123 0.14846608443362896 -1.4737191793656526
0.005230249187330611 -0.034618973342709365 0.0479176335306072 -1.355325390593198 -0.02266971568939624 -1.478180191781646
0.008978148192238624 -0.02081280235727876 0.04791930768911153 -1.3575418609222993 0.2595121157161162 -1.4915642455475209
0.0680164960599574 -0.03421214586184917 0.04789883925298221 -1.401731694583737 0.13936892506708842 -1.5347555473321342
-0.05955396457912239 0.017779964579051406 0.047953334410872545 -1.5117682787159972 0.16355747111317176 -1.7020689368759438
0.06464432115947652 -0.09030711909800537 0.0479138335787866 -1.3727675592263546 0.11911581303025565 -1.4715208318502067
-0.04098080541188724 -0.01475986277359558 0.047921595554498785 -1.3092204316466132 0.07007629416333838 -1.5387498791617187
-0.003401886409093282 0.026126605506460735 0.047843315339066536 -1.5475376777474281 0.08303433355486667 -1.6895918535176728
0.07969571879415221 -0.016261333121811584 0.047908027574574526 -1.4531239946535024 0.06135320771275676 -1.466936133174738
0.032425873113847245 -0.01767985356339717 0.04784114294244404 -1.349926729932448 0.16037574477867556 -1.3678166195909096
-0.06466010017903401 -0.028785739795939812 0.04791684588415326 -1.3422093071461092 -0.014792956117728906 -1.5669525641489073
0.07295697363290139 0.01422266518588766 0.04791974863112488 -1.4680963346110796 0.35464930347733814 -1.4401863465280647
0.09841644117762004 -0.05068117495786265 0.04789224994472058 -1.3794160138678468 0.11518136016601321 -1.5669037527383296
0.039125578624385815 -0.016862437621871156 0.04789183397493388 -1.364197214814095 0.129394711505451 -1.509980649344077
0.08333069665589896 -0.023801406974673197 0.047918762030130624 -1.3663730911187133 0.19911895884934028 -1.342302536487797
0.030096431289039435 -0.011423651892530723 0.047904268650334925 -1.4459798097422107 0.1745212554018516 -1.4954553783553681
0.00918487405025603 -0.03727633811534511 0.04791796447635171 -1.2834703260769158 0.16243944038965896 -1.3296613860411983
-0.05067554972822947 -0.010618456689778837 0.04790543657559228 -1.5130494500907052 -0.08651298966441945 -1.455916033485962
-0.0008949018398577766 0.017432314075564455 0.0479191130680754 -1.4953449827407352 0.23784177469143386 -1.604766974302224
0.06466921927261332 -0.04293666645346751 0.047921264823407556 -1.2641684141849028 0.1605563166627617 -1.5215207071986148
0.07181008335742303 -0.07366768457594461 0.047902381211343055 -1.3754303647483916 -0.13787300206152886 -1.428656526815079
0.03622481361835492 -0.011568142561592585 0.047896990806811396 -1.4257724666876759 0.0901693140812343 -1.6187860468381656
0.05927504675230156 -0.02022568879179253 0.047904124161251116 -1.3813149650533647 0.09829909742053644 -1.4308858517531184
0.08824316022362413 -0.0003493236437336642 0.04791721599157647 -1.5715078500434017 0.30261728898627327 -1.3884520111121932
-0.018221345392806274 0.0376089022430522 0.04788780789317346 -1.4996545430285049 0.1945440232607225 -1.4916189759469491
0.08182740386992352 -0.042306191902533576 0.047890418480814066 -1.3787560831190286 -0.06684546110604184 -1.3233669969445452
-0.05867796457912245 0.009057964579051237 0.047953334410872406 -1.624359199113931 0.14511181346710567 -1.7002470747443383
-0.026702964579122343 0.009554964579051362 0.04795333441087243 -1.535573082481739 0.1177319849003422 -1.7535575216192174
0.01427465671697291 -0.01792552638400558 0.047892055920179546 -1.3797520000604124 0.2373270741382374 -1.5749338369644508
0.06695588857414878 -0.015633972472925268 0.04790844382165576 -1.351873579829697 0.06078005927489705 -1.5055173583361552
-0.02640826309760871 -0.12305824407699029 0.04792196633970266 -1.543211487501118 2.8424679969774047e-06 -1.5222088356525199
0.053842585385419126 -0.03531809725012605 0.04791872965881973 -1.315304550910861 0.129918535032421 -1.556114456296383
-0.01230296457912257 0.0370649645790513 0.0479533344108726 -1.357558323048944 0.14786987794595552 -1.5197070490522635
0.011183010773282298 -0.040918135388785325 0.04792146696477106 -1.3369248148412003 -0.010260422390429902 -1.4636863954668606
-0.026092964579122437 0.03869096457905116 0.04795333441087217 -1.4816243308729469 0.196879689004112 -1.365407137195564
-0.01337123309152919 -0.022214319942741936 0.04791862433714482 -1.3969367999425464 -0.02965703030658884 -1.5986436422500587
-0.0006339491918447314 -0.035414207106429986 0.04790497849555626 -1.355235926540338 -0.10594030258158593 -1.4095650717339656
-0.033348964579122446 0.005552964579051236 0.047953334410872406 -1.5734321754056555 0.42600477252511015 -1.7000279384896413
0.06554650110304781 -0.03931543621938301 0.04791822979498698 -1.3588496216121366 0.23400232605640725 -1.3611937249298904
-0.055309496900110944 -0.026483588567856722 0.04791789310293071 -1.385363344011412 0.10159744476330079 -1.6013819176678927
0.03795836347088293 -0.0161959816840678 0.047918191558337486 -1.373047306584204 0.13023517538983365 -1.418802223749579
-0.04029611434707663 -0.08508101481354326 0.047904246507131744 -1.2746751672797099 0.15259595662838477 -1.4910482643350162
0.03464579101995683 -0.03951601882191944 0.04791573078361818 -1.3281019174317505 0.16644825715506406 -1.360032462831771
0.04053380242852283 -0.026195997244691134 0.04792030737195082 -1.4850149717311547 0.17519714968502553 -1.6285284138307181
0.053959451204362414 -0.06629198020266378 0.047901798877086864 -1.4772790204151436 -0.0755302776739244 -1.4075243520281917
-0.059351221811379404 -0.01158092950636764 0.04790465448652551 -1.4530333489154468 -0.02767951001353297 -1.466642071365899
0.07984135097637368 -0.043896298331122914 0.047909717583015106 -1.3851726041276513 0.15863496252906173 -1.5714673473617755
-0.0225679645791224 0.004760964579051404 0.047953334410872545 -1.517315011660418 0.20177698917903308 -1.721765698782665
-0.007340967540173577 -0.03153964023346821 0.04791979613754133 -1.3294622506891578 0.28114406800763536 -1.5889859522482386
0.006359035420877421 0.02898396457905129 0.04795333441087261 -1.4796827129512 0.12496590922214912 -1.6215701718923379
-0.023541009483345685 -0.01744936193310041 0.047927523858804784 -1.3973554948393159 -0.05092912237497993 -1.516630249682716
0.013735701655079363 -0.02506368565698328 0.047876954724610364 -1.3015200741905866 0.18687497025959154 -1.5427397713289681
0.11932512339223053 -0.09914466772650767 0.047902668114881315 -1.4124057314655316 -0.028484436628539056 -1.3063335200252353
0.07421464803412826 -0.039560437204146516 0.04786866643982516 -1.319765579426473 0.20303060722761357 -1.3996199338467301
0.03474941631836195 -0.012853922888544348 0.04787892195780597 -1.3877929023667517 0.1327145085755117 -1.5229040366336537
0.016776035420877636 0.02488896457905115 0.04795333441087214 -1.4177255307288452 0.10082165609525395 -1.5357646815419386
0.09188125471418955 -0.007475212345424358 0.04791866558605448 -1.4417581146473324 0.28135900422007887 -1.4156721857412884
-0.025645964579122525 0.022998964579051245 0.04795333441087246 -1.523115699770971 0.13293625203272663 -1.6825773437346723
0.04051396951199732 -0.029344458819432363 0.04789247360862548 -1.4371984225473886 0.18029432025333447 -1.580690749388631
0.007782709129578356 -0.011713259439541037 0.04791556734172469 -1.3724133899158915 0.2341322654197726 -1.5141460528627706
0.0158870354208774 0.018143964579051274 0.0479533344108726 -1.8184107080472138 0.08652290128324802 -1.6536731058436651
0.04860403542087751 0.001784964579051402 0.047953334410872565 -1.5452123414263004 -0.16362721992600404 -1.6920982056225846
0.09283542502671081 -0.0006657608211122492 0.04790544922086784 -1.4481668815460944 0.2637043418991627 -1.4278873431027992
-0.011534964579122451 0.014830964579051234 0.047953334410872406 -1.608294315299224 0.15998355306609646 -1.6840718267158465
0.05606649025461066 -0.03742930771873829 0.04788023987458655 -1.3712327375149707 0.15470616608932386 -1.4827937722082687
0.03213972373085182 -0.014326789793117807 0.047883797248844756 -1.3289373545794108 0.11092332387166759 -1.4770855935411804
-0.004191896210275269 -0.03825438758462139 0.04790858191235651 -1.417064173467281 0.16638618886117618 -1.6525698874753678
0.03723512961338898 -0.015044820143073007 0.047917893193451355 -1.3152906702898062 0.07413559389200342 -1.5325648493041102
-0.042306685639676066 -0.013674990881349863 0.047899135428919694 -1.3313749696966493 0.010479080829396192 -1.4803137494344791
0.07471023982300241 -0.02155967464385167 0.04796190512996344 -1.3379726308166033 0.1497557619595058 -1.337845178364865
0.0007022177775521101 -0.01247678492430229 0.047987284453759986 -1.3688709893766453 0.00671913592322837 -1.4594216507082265
-0.01384448880898392 0.03533883364018193 0.0479168820024869 -1.632929154357898 0.14994734213425054 -1.7222299810648563
0.07672773733383122 -0.0346898409711963 0.04790598701486257 -1.4045902040951426 0.15288099041836167 -1.462725606621811
-0.024166994670947354 -0.02187208126525037 0.04791165329989623 -1.274545245665485 0.13403202983841322 -1.247612725233043
-0.02614710291339704 -0.010620572313272693 0.04790815657515874 -1.5725460663373452 -0.06457039030923295 -1.3654050603754684
0.0014900354208774265 0.03737396457905129 0.04795333441087259 -1.5754367480039249 0.09867878777559458 -1.6923838872529187
0.06678751965167179 -0.04252067192640006 0.04788309864097433 -1.3608403113438763 0.13437717940278082 -1.619578715188339
0.07987491870849815 -0.06277972076873117 0.047846516688007976 -1.3191618223592279 0.001043410090695307 -1.5373706127167706
0.045860492610561805 -0.01904727825698152 0.047919555738769506 -1.4477443228760647 0.07763014387721134 -1.442366678007783
0.03968759605618257 -0.014071902304014467 0.04790344348717682 -1.4004953795440043 0.14545404361459147 -1.4421435280202721
0.05985786732000647 -0.021346232828235487 0.0479184846126717 -1.3669481388769307 0.09758032512717185 -1.4177765293058207
-0.04916496457912236 0.006449964579051147 0.04795333441087215 -1.5187110181623709 0.06877787643699929 -1.707597233766081
-0.02947227699637129 -0.012988391418631028 0.04786411822074696 -1.3969544126488014 -0.10234295779805014 -1.4388602992225936
-0.0022343040687471663 -0.03545643584444631 0.04791082358853147 -1.480430515963652 0.1310359967868564 -1.7050594351326338
0.06460253788540067 -0.011330755180248986 0.047847672172284146 -1.4619454446407312 0.05960196415421337 -1.6270241927014124
-0.019264964579122395 0.00019496457905140573 0.047953334410872545 -1.5337483033344208 0.18059606828149732 -1.7118510676489593
0.059049244168253155 -0.01739984031146474 0.047913831405398746 -1.4583721708481951 0.10938028353281837 -1.5096278644408776
-0.017534777500718975 -0.014206279310168851 0.047941780195829134 -1.4640904486970432 -0.06421298042287038 -1.5718624490885975
-0.04608441742932674 -0.015814709013307584 0.047889849910825066 -1.2652019349508556 0.0633077825517745 -1.4549697547701652
0.011410035420877426 0.03613996457905129 0.04795333441087261 -1.4104120157948188 0.04545527061711874 -1.5743260829380599
-0.021514964579122577 0.03861896457905129 0.0479533344108726 -1.5831089627856336 0.1826507669537758 -1.4682641296386045
-0.06338812346555912 -0.01758178669158297 0.047916311514423354 -1.3875821309611747 -0.0170783846201219 -1.4673793910343955
-0.07959445322706757 -0.023788019311368487 0.047904283895491034 -1.3314017863527117 0.06915227712618766 -1.307797607988664
0.06810435052583193 -0.02866137974917694 0.04791097582349348 -1.5640164323563184 0.1492578659908781 -1.22152015039488
0.07697378861272547 -0.05033544985189655 0.0479210138949018 -1.414392812848387 -0.007112846246031701 -1.4660251753857323
-0.0047661475447670736 -0.012364209932115974 0.047836854217953036 -1.3382495764793296 -0.018162684272272633 -1.652900460261948
-0.014934675751041508 0.037156083831423464 0.04797634262759444 -1.483069830181315 0.19197890067090806 -1.5220691981073937
0.021247976976356196 -0.014853687605399289 0.04786758891684827 -1.237474168518476 0.1035696192374882 -1.475473037846997
0.014506941802768517 -0.011942698193798455 0.04792640978693691 -1.3872557161699148 0.20988308616644513 -1.5323265357813691
0.08120735500807982 -6.43796682334575e-05 0.04782380041434947 -1.4632216850909006 0.28175941430651896 -1.5792500378252916
-0.05809196457912236 0.0017409645790511493 0.047953334410872135 -1.7858760458372154 0.1943872875372814 -1.5431387263955887
0.04492847093143464 -0.014898708487363547 0.047903861608601134 -1.4618434390577724 0.1037652118157184 -1.6409682568456974
-0.034601862471551226 -0.019151049228744586 0.04789142435483139 -1.4106554426598272 -0.0025530551107235677 -1.591383627835696
0.07369905208078678 -0.02215325102799708 0.0479003226481913 -1.4871533090328408 0.09443273068684466 -1.4786079343517753
0.04415703424147354 -0.01704102052649345 0.04788063063487056 -1.4287659636708145 0.060044548911471374 -1.4830732315465134
-0.01938132395394723 -0.03238607448889001 0.047875940524838886 -1.3930479827915792 0.08118966058717647 -1.5120144220660081
-0.010214079246728208 -0.02825843829674372 0.047920062685277945 -1.361857058870892 0.288803443472176 -1.562211996267513
0.0472715807501563 -0.030569639742031196 0.04791752470791356 -1.268196244989238 0.1870478322034188 -1.4136608112599889
0.015674759756297396 -0.02657517321998453 0.047917259861562665 -1.3229060494145797 0.07922699477418527 -1.521327188124302
0.050635679804649975 -0.010523137826398719 0.04792040585463347 -1.3900994709259238 0.023184336825994967 -1.630009947151892
-0.06811324485213256 -0.012034072965397057 0.04790317807133111 -1.4449161388676546 0.024717083074483837 -1.378115030377887
0.012403198199110458 -0.01667191900729226 0.04791458435165301 -1.3903281417195639 0.22141857684894806 -1.473543226947078
0.0504292791630003 -0.028587483264070148 0.047883453240874514 -1.303422250388006 0.1471046344796152 -1.4027242090488685
0.07036088403814547 -0.011976923172847279 0.047907525296573945 -1.4646851931179332 0.05318166976245098 -1.4398075193091346
0.0856230971554237 -0.03386456610174646 0.04782276393789935 -1.395976387880196 -0.038314837685708536 -1.4959384902137942
0.0416445317718132 -0.021909739182473877 0.04788967848765521 -1.3494581471745934 0.1113216124024825 -1.4548837853010825
0.06087306462273251 -0.02802236766869125 0.047918870762770426 -1.2885429584532573 0.2102275531231499 -1.5081506866900396
-0.012449971631125382 0.03145310611890431 0.04799451465028636 -1.5495381569198545 0.2401752599207807 -1.5610450603728596
-0.0690139645791225 0.00627696457905128 0.04795333441087256 -1.5968378619678067 0.12885571724937517 -1.7330375899476977
0.023857198032861345 -0.0628730130925751 0.0478995556069099 -1.471202303590839 -0.019022458284544852 -1.5127887571628817
0.08643000480027999 -0.029814238718164653 0.04788191385698796 -1.399944429768418 0.11432142462143102 -1.4097586049069661
-0.029043878076741466 0.03793617819369632 0.04791779477763452 -1.4503814834399509 0.21374426248009626 -1.5119721544825526
-0.06545075758658116 -0.010918213792746757 0.04790354331334749 -1.4665148626587445 0.0007508837117105038 -1.4569460527161897
0.09027387167510922 -0.05118981122599766 0.04791986192278779 -1.3096171257712226 0.22835046397598235 -1.4933439165731794
0.002838929542808322 -0.016406366462425628 0.04791788196713358 -1.3838158550981814 0.2415566151685955 -1.612691351508766
0.02902835842659413 -0.01239353219135708 0.047905037827896145 -1.3881064164113561 0.1938564956557829 -1.4101676073541234
0.0350501412843808 -0.04931213416344575 0.047886194080167886 -1.362375854979229 0.012995005670821902 -1.4396462969772588
-0.06709926262818108 -0.02380519312993095 0.047900574344520934 -1.4080925137173392 -0.02584148879593018 -1.3474369469857064
0.039251225714712096 -0.01088864412628977 0.04789721687166125 -1.4659764540210787 0.0526648517074606 -1.392608243163343
0.07226773083556289 0.023949515655882363 0.047915404853843414 -1.552285316326106 0.3432642723131425 -1.3633331063226348
0.0275329226406022 -0.010042422586143457 0.04791772594889975 -1.282067251077647 0.14070910632004008 -1.4352045783299854
0.0199766457082609 -0.020595392511101627 0.04783656309893787 -1.4168924471719986 0.0624561002339552 -1.5853654452730366
0.08503104332861668 -0.03811241421324483 0.04783150841700199 -1.4133859929827375 0.18168706913887678 -1.2844472103171738
0.008839015658762056 -0.018315198969207074 0.04792166421564351 -1.413448668419231 0.26380642523006226 -1.5334948225009308
-0.010415941509835219 -0.018859579279264863 0.04791988492888117 -1.250187106150877 -0.06211946342668595 -1.5009942540948484
0.04957603542087768 0.00725996457905123 0.0479533344108722 -1.4323523343177114 0.0680865429581623 -1.4615515283363192
0.05153165375863776 -0.035317556478952225 0.04789005890866875 -1.4198017321950522 0.16060779931538094 -1.5375704416802827
0.0028280354208774245 0.01799996457905129 0.04795333441087261 -1.5824549871542957 0.16931235190571003 -1.6952843365780053
-0.06124045241309533 -0.010272268739515212 0.04791588501686391 -1.3884806968868313 0.03405771186521833 -1.471076781571989
0.08272832945917727 -0.003990772494728443 0.04791799505751566 -1.5743374164034112 0.280134303772559 -1.5373048000744962
0.0022479554650545195 -0.024889398192292543 0.047915289105455915 -1.4352811624635178 0.3121449579476523 -1.5977410793466476
-0.03952927848021088 -0.015617992672448533 0.04790290294813079 -1.3015055200117787 0.09658812176548981 -1.5449467862991537
0.03258798661243641 -0.012325933887896956 0.04792169405974744 -1.5015722052346316 0.17023669382660778 -1.5754189643568766
-0.04432440284551059 -0.04914437045670455 0.04795812195110922 -1.3231514669204563 0.10954813935710295 -1.5321475814994292
0.03255761796149225 -0.0662847983502892 0.04788855317754523 -1.3538482968516277 -0.021981539225672586 -1.3245038771914721
-0.047851880883029024 -0.017436246534200544 0.047879272270646346 -1.3719482260887566 0.07958421130765991 -1.5189260401179352
0.07752324037086161 -0.039722276374897864 0.04794396461760861 -1.3800468149077054 0.17595925230121523 -1.5199398474637906
0.05790718535922987 -0.03184105908814121 0.04788464907373149 -1.3352437660149052 0.11005557200617377 -1.398333395166659
0.091783492888752 -0.006559789401090474 0.04785344813632396 -1.3410473083293164 0.3145797724286039 -1.3727109395999504
0.05175135830043177 -0.013504123641812214 0.04791961982656545 -1.3415745162701556 0.046654065193435734 -1.5009269604745863
0.03162443380473321 -0.020507247559858603 0.04789525440097899 -1.4074124428792756 0.1062567141970665 -1.659520700904051
0.037617035420877555 0.023887964579051228 0.04795333441087244 -1.525476379471529 1.1298142783333631e-05 -1.4722636729438094
0.07056703542087761 0.002804964579051146 0.04795333441087213 -1.6232728323485093 0.36347438192004367 -1.5478710329995304
0.033394784123304176 -0.012541144277586373 0.04791847078516477 -1.4279336214818672 0.15264748116569282 -1.5035826711410796
-0.023651113794845656 -0.01565564133921339 0.04789152463936801 -1.385778665021934 0.024661815951590116 -1.6681018142455215
0.07589550223209988 -0.02081864984461466 0.047892163965484666 -1.329420606738708 0.005191115664254342 -1.3363357870900394
0.03677699847243607 -0.013780716160428778 0.04791834630368834 -1.3911348389487699 0.10136419550747289 -1.5595362653204046
0.0853705916580799 -0.008340238803493591 0.04799618484575794 -1.5047389859859353 0.33484678507793064 -1.4449263814430422
-0.007481611113354223 -0.08254825729337972 0.04792081256929762 -1.3050256953415005 0.13164383650150469 -1.4888892169160752
0.03492541225787433 -0.023646850271710464 0.04788464778175532 -1.3581852824425396 0.14289717681538883 -1.547095552310907
0.025365461823431662 -0.03890111082547385 0.047908158568879616 -1.3341746871497155 -0.04533187026433172 -1.4547857450174757
0.10388317876685381 -0.004989899199566293 0.04790569006804384 -1.4376084295562057 0.22416392970355803 -1.4508936592182797
-0.0484431489301734 -0.010460862529277061 0.04791841693205162 -1.465121741241301 0.13045324588919893 -1.5715195227440468
0.10707643824866708 -0.04681178750401002 0.04791663726509662 -1.4507013399328301 0.2652278294037971 -1.3946963272042106
0.07269474017301059 -0.030098074726049338 0.04788250338173089 -1.4897581768971995 0.08101023956629372 -1.7762589182232784
0.054217492694365384 -0.010431040830572927 0.04791628536410983 -1.3586860022357332 -0.053393115572422545 -1.6794017460173989
0.0049751539868138125 -0.07125734415336525 0.047921882639478004 -1.3000496971468158 0.14029404797730782 -1.4741493444002352
0.038786139992768906 -0.03496651476326662 0.04799782532584098 -1.3609652673241341 0.17494794171087458 -1.38779847397848
-0.03826396457912249 0.03315796457905129 0.04795333441087255 -1.4529186576879043 0.36298128646211647 -1.4389418673347398
-0.015590757642204108 -0.017941700738263146 0.04788463230176993 -1.3072901184778691 -0.055183086866941844 -1.2956043025897275
-0.005793737636506988 -0.013218176205291705 0.04799814131639553 -1.392832333556873 -0.019686096882405524 -1.3940557061434646
0.0683559956484875 -0.04162118763722168 0.047920773779679536 -1.379685713948251 0.18098392229573812 -1.3740293141066728
0.04940675099516991 -0.04709886276565701 0.04791997577787972 -1.3755901117867182 0.13659935042233684 -1.6299160323765303
0.06573969736298374 -0.015506027689722788 0.047917587628527415 -1.3943281831929475 0.06275359546021275 -1.514731231334947
0.052316079000464255 -0.04567571325351336 0.04790252324247804 -1.3161192338326042 0.15630025840982453 -1.317104036345989
-0.008036964579122497 0.002306964579051279 0.04795333441087256 -1.5166547503820358 0.06454634079091304 -1.700980744797286
0.09162366789774934 -0.013679816373688364 0.04789755795131151 -1.362351835602455 0.3289953347255641 -1.4500225034953131
-0.07980234771317385 -0.02650130000681377 0.04789197868801759 -1.413096637008286 -0.07351730913264887 -1.4987772016717313
0.09077955907824811 -0.00017712252097083203 0.047917693134661626 -1.4359257509441563 0.24983036614929932 -1.3917544882101038
-0.06960391872690924 -0.021770676291474323 0.04790054047016492 -1.3136304813173245 0.08265659738365061 -1.3026935510856357
0.029941644437650235 -0.020344717570122173 0.047980018108658706 -1.3256953353011836 0.17440125784662164 -1.4052545832468952
0.0395568753723951 -0.01427837023000626 0.047919535757385584 -1.5193814087809052 0.0004046616654915791 -1.4781728825576106
0.06567768136957422 -0.010314521005462872 0.04789891370522904 -1.4461053619079025 0.026940201290899468 -1.637330305747963
0.0062314256628619715 -0.02387852354405943 0.04791120416909082 -1.3581213466057211 0.1562040704312091 -1.5547845888428413
0.025351317297217683 -0.05691939955817534 0.04788299592792528 -1.4309839044144017 0.23885608404672953 -1.7245087571329465
-0.038209536595432476 -0.01827622876054797 0.047885536109847485 -1.4325750593734463 -0.10098576643102453 -1.3536357550142126
-0.053775590484688586 -0.020937518543271503 0.04790425096626064 -1.3352643878147579 -0.01131909363371264 -1.5488316238830369
0.0068885945220572 -0.011922585380127576 0.047907888372542035 -1.3661333122445714 0.26998534133689067 -1.4993070792660024
0.014849879771904646 0.03107383158755489 0.04792119861499739 -1.5499632116799555 0.017677829432855008 -1.6879936082526628
-0.009866964579122381 0.005634964579051403 0.047953334410872545 -1.5054587474793182 0.13875039210191487 -1.7608378701007268
0.06460982269612424 -0.022697882005221458 0.047905081546487455 -1.2774645102344733 0.1945651692865651 -1.4533884081366237
0.0025589411833165094 -0.019715324008556915 0.047908682142106404 -1.4334937932045146 0.1676757679388119 -1.5664742965322154
0.04251380163509035 -0.012898542123051636 0.04791663074818195 -1.4054172069611066 0.14015480556107573 -1.3243511008311506
0.08839153267574794 -0.049947838473090235 0.04790117595129961 -1.335964128617009 0.11255561793254909 -1.5933435823834197
-0.012567377849058009 -0.038767593861027204 0.04791991158174539 -1.4273797157146306 0.15537198795439489 -1.6757762399863998
-0.008135964579122452 0.019396964579051237 0.04795333441087242 -1.371846816707398 0.2697512538917173 -1.5623012663971707
0.10466548594208536 -0.045865579463569735 0.047908565225124135 -1.3752402131242292 0.19378709351250212 -1.3879830671108697
-0.05378510948235675 -0.011436948472861848 0.04791621858136954 -1.403991903007477 -0.016347730759858736 -1.3752936411288215
0.07944273017125146 -0.0505874487114148 0.04783638385979635 -1.3315820346831437 0.13520597879698615 -1.6114821703667446
-0.06399461120907972 -0.010661195932513898 0.04790504031814945 -1.483592817722624 -0.021846285198278803 -1.403637864933733
-0.04183018791820227 -0.016573864385901232 0.04791863721738904 -1.380994612566766 -0.0694291905397324 -1.5155710359465666
0.07182208167988087 -0.04241352264456387 0.04788279014473569 -1.3476790077029601 0.1746000219225894 -1.4416582747503015
-0.004290964579122427 0.003977964579051451 0.04795333441087271 -1.5786700286368631 0.20957594769747856 -1.7784222826370333
0.011817188760809878 -0.020032081445683293 0.04792060574893708 -1.3155902520845217 0.23058668877120048 -1.4133958985579935
0.05520736720000308 -0.02655670662942847 0.04791857284129113 -1.435067940984063 -0.041339797670941536 -1.4139013738399744
0.0641199482543487 -0.027990932139575146 0.047919745596318876 -1.3648165542374995 0.09236581082599415 -1.490806950481952
0.011422921587303469 -0.015380458280772355 0.04790790625670647 -1.3876359750008147 0.19480020345285887 -1.4886762085856822
-0.06189495595479609 -0.020509794899429053 0.04789910493487234 -1.365209907599177 -0.010704254948090242 -1.4550478213636502
0.0657948047875882 -0.052632143233237026 0.04791826731483029 -1.317395107560007 0.13952235228726728 -1.491307730720438
-0.09499859194400376 -0.05930074099199827 0.0479131642777968 -1.2985710171345224 0.12429195725675912 -1.6399361203059635
-0.006296964579122574 0.03743096457905129 0.04795333441087261 -1.5003319978191274 0.050641407073438005 -1.7257160133817115
-0.018901643696967976 -0.015002446799504176 0.04791586621325965 -1.335755818720057 -0.11541158949758867 -1.436331706991368
0.0815330760806191 0.0007019002327965202 0.04797952760387486 -1.404998961924823 0.2781758025685177 -1.3254161434762388
0.034195114563852005 -0.04603336388893132 0.04791758054726855 -1.2792106193919253 -0.03658853799713646 -1.4503068954055076
0.00568644729686599 -0.01204097142562894 0.047896363431312594 -1.362385019667691 0.2563866388433007 -1.493000820483577
0.08494768753386012 -0.008616582417614671 0.0479099103060101 -1.4971603801470346 0.37203078952601243 -1.3869858401602981
0.023619200997424133 -0.03948467690973959 0.04788981466120696 -1.2984111990771916 0.12170387912516611 -1.6094381269978897
-0.023308568045186755 0.03757433800767258 0.047866739629684615 -1.522766421240294 0.11771876841181195 -1.695161422767746
0.0680091735140646 -0.028956644747572525 0.04788448907687411 -1.3158714769367612 0.09853715744642111 -1.4550473165525077
-0.028862481173967697 -0.017682685533721352 0.04783844479612748 -1.4749336851946104 0.020547041939756205 -1.530704100247031
-0.07264044393020228 -0.011888877122029908 0.04791564818336718 -1.5007706298473509 -0.02474154206138457 -1.341016688351743
0.07742118415277255 -0.04950887762350709 0.04790603897124043 -1.4759745654896208 -0.022164836329836346 -1.3881492335072536
-0.005429592791585834 -0.018978387938735842 0.04785270287404168 -1.3205686807625783 0.09434186762739372 -1.6812559654968853
-0.022825964579122344 0.008365964579051432 0.04795333441087246 -1.5817455979383837 0.12865439725076344 -1.7678032855968138
0.08454303339507438 -0.03270706432945863 0.047914380270213115 -1.4443970966409498 0.14364302141052976 -1.5535953130597489
-0.017576971143410558 -0.0181814037177186 0.047919070733605594 -1.3716012827334743 -0.013861223888495422 -1.593795384319519
0.03248710632237686 -0.012507848263754652 0.04791901880092794 -1.3576325083737306 0.12286783928183387 -1.4531537581979954
0.08707480348079008 -0.006085110608361125 0.04791389769730053 -1.5370420827791007 0.3868348695918833 -1.3132535758566413
0.073951120318119 -0.04146091558846888 0.04787264408728219 -1.364787705449804 0.12428580639536513 -1.4280180185061189
-0.03758010111817479 -0.040933580816724484 0.04787661450119237 -1.4394619203878498 0.1492614507943939 -1.624692733168029
0.11634979321017569 -0.0010010788568337325 0.0479144106790001 -1.4029605363295217 0.25221994566488726 -1.367955969019393
0.013237930878317873 -0.011389345733938116 0.047931323890026974 -1.460759564807869 0.21455918776321736 -1.6861625033757526
0.001225093097427437 -0.01106607482692316 0.047921207936454116 -1.490424905018989 -0.20007592788822803 -1.378360114158371
0.06833654290214647 -0.04734993814903823 0.04794819476458259 -1.2688678756651275 -0.0904097884714048 -1.6275698393251468
0.003239265047620792 -0.027498587250599175 0.047906654298689684 -1.3774282594629828 0.14449367938325275 -1.6720324899754593
0.05488817524233463 -0.01674066439211157 0.04788276051617969 -1.3112154483289085 0.06980618528787041 -1.4150068410009733
-0.008857964579122498 0.016314964579051287 0.04795333441087256 -1.4828302070623505 0.30243298590788936 -1.4951558002908465
-0.039107964579122446 0.006175964579051237 0.04795333441087242 -1.5921198617207364 0.023136917075274877 -1.7028410739803692
0.00021003542087742405 0.026306964579051288 0.0479533344108726 -1.6364808969342761 0.1859353864853408 -1.6858391817399918
-0.008403889413757564 -0.027969236355752842 0.047916796669822015 -1.2704346368396466 0.06279607955051758 -1.397091767859536
-0.06769017025113959 -0.039161682341648324 0.04783242177406902 -1.246971229570273 0.12151807929279834 -1.5872936187290976
-0.020863657349466748 -0.0496345872675098 0.04791707691889648 -1.3182574697788974 0.12776724157798802 -1.5494459443733248
0.0625472126914818 -0.026313373253285918 0.047914467463817625 -1.4119868523825647 0.10440492573870297 -1.6104825350380318
0.0334458224112298 -0.024282043992661814 0.047847574657510175 -1.3651396645242089 0.15370588438165722 -1.4676509009083345
-0.04391156815455021 -0.029716105435908698 0.04788474008018149 -1.3544295598746108 -0.0066253842133860985 -1.711152488925502
-0.0031803105274603094 -0.025676569548356565 0.04791923898144065 -1.501088929431457 -0.019975433349951555 -1.4242044977278412
