-0.016718,0.025721,0.0654,-1.4025725850119044,0.12343625885140685,-1.4538382061956618
-0.04835,0.002138,0.0654,-1.575666967379032,0.04237696008115721,-1.4272202178382938
0.012275,0.012805,0.0654,-1.5875392310728034,0.005206588149714975,-1.4801395279421297
-0.019796,0.013365,0.0654,-1.4784638904734622,0.1913946351421496,-1.4359228286897558
0.013278,0.017626,0.0654,-1.4877314606090761,-0.12069031550524101,-1.5055164481984027
-0.028864,0.03716,0.0654,-1.395424229229584,0.09694248337946365,-1.4595996116211019
-0.034,0.006378,0.0654,-1.4388596365929558,0.05711067825338678,-1.5376211151767014
-0.000799,0.010333,0.0654,-1.5497631825952414,0.08213073297995588,-1.587247766221895
0.02245,0.029192,0.0654,-1.497051101049304,-0.042482921325529555,-1.3963984961184754
0.023712,0.001766,0.0654,-1.4271364884089262,-0.05750749957802759,-1.6114357413407303
0.011364,0.01238,0.0654,-1.4533570256213313,0.09857638781930178,-1.441588995663883
0.022419,0.012643,0.0654,-1.3075751842429186,0.0893099013641554,-1.5247687046894973
-0.045152,0.01275,0.0654,-1.6227089185511687,0.17216634336585024,-1.5022947388674923
-0.023287,0.028744,0.0654,-1.5488873109221888,0.04075775832231199,-1.4805881158755274
0.069517,0.007552,0.0654,-1.3647185089416114,0.01813365567579539,-1.5425963401778224
0.014114,0.025631,0.0654,-1.3906770869255654,0.0988450193659709,-1.5088087447976413
0.009575,0.021057,0.0654,-1.415938572811945,-0.09149890147869555,-1.5148786195623871
0.041986,0.000514,0.0654,-1.371004556137732,0.0444222945545496,-1.6141697300005187
0.000704,0.024308,0.0654,-1.4916623324429081,0.07147455042841844,-1.592210679160767
-0.062422,0.007682,0.0654,-1.453215467383532,0.09858550099716612,-1.3735378771270303
-0.031304,0.040613,0.0654,-1.4590007429154608,0.1496039345185558,-1.5126878290487544
0.070454,0.000408,0.0654,-1.3626103964451437,0.10018642642401931,-1.5390162633271065
0.006433,0.002119,0.0654,-1.426873168450578,-0.00823419198973685,-1.457156410850515
-0.00642,0.031562,0.0654,-1.552986165754107,0.035677280842098646,-1.4088698028720834
0.030591,0.024172,0.0654,-1.2487934130515952,0.09493687781174143,-1.4941939688341357
-0.049456,0.010201,0.0654,-1.4716416233019964,0.1878608230244596,-1.5822500008108729
-0.072354,0.003778,0.0654,-1.2976314823590203,0.11809644290340504,-1.5189287085812877
0.031015,0.006431,0.0654,-1.5127902113419007,-0.1282540600457327,-1.5104270646322833
-0.007938,0.033153,0.0654,-1.4452145601195112,0.08910765512209884,-1.4210347168671322
-0.010661,0.009783,0.0654,-1.5887138891521322,-0.09684089193367917,-1.2873361986357852
-0.012639,0.006445,0.0654,-1.4439004413297514,0.18860225637008554,-1.5688455379865236
-0.033682,0.004786,0.0654,-1.4312092088894157,0.18093140948351527,-1.6649555319958738
-0.014429,0.008637,0.0654,-1.4459278450861277,0.144779670822496,-1.3510962061875669
0.013456,0.028207,0.0654,-1.3003404446768603,0.11571813165623457,-1.4971481363927934
0.026694,0.001254,0.0654,-1.38042989215811,0.07946756725835247,-1.3995620196576006
-0.041455,0.018198,0.0654,-1.5124515726186145,0.1815131888986965,-1.4947133346708588
-0.033452,0.019421,0.0654,-1.6413979729799104,0.044584721942779515,-1.4970059620827
-0.00752,0.026639,0.0654,-1.4359223250423117,0.04174649194472457,-1.5679684704211
-0.028927,0.023085,0.0654,-1.471155763189254,0.03133900209845941,-1.5244430300522722
-0.02445,0.01776,0.0654,-1.576075355662046,0.11574898441559411,-1.402411951712804
0.013245,0.041032,0.0654,-1.4199514370882074,0.03639734031204833,-1.5587248864247867
-0.04098,0.023778,0.0654,-1.5633959396758348,0.0877653407075154,-1.5322860325277816
-0.022239,0.022719,0.0654,-1.644031952648404,0.08414515002984291,-1.3092238037690342
-0.022091,0.009444,0.0654,-1.5673641211777825,0.10257211604729877,-1.4963868075316897
-0.045683,0.017416,0.0654,-1.305381025455028,0.07555964528887515,-1.3582941588583646
0.059715,0.005789,0.0654,-1.5808405304732185,-0.10398017829420958,-1.4554770854785164
-0.019655,0.011747,0.0654,-1.5375919012791042,0.09999506226175603,-1.5098344848144598
-0.042996,0.003655,0.0654,-1.5346860382828564,0.11859246162484083,-1.4219809332511228
0.024171,0.009352,0.0654,-1.6064442410852013,0.0243647669814564,-1.4432909006361114
-0.012899,1.6e-05,0.0654,-1.4662957862551087,0.19054379464232407,-1.5287164760977723
-0.015085,0.021873,0.0654,-1.5470932083196185,0.01875243665890003,-1.4776784246083607
-0.017628,0.020998,0.0654,-1.4721546422404381,0.12815041217868006,-1.464824816266917
-0.011241,0.002608,0.0654,-1.4968592346548193,0.3003286673763812,-1.4838982866807437
-0.032009,0.028783,0.0654,-1.5009361654996476,0.1441796758856846,-1.4113813543092346
-0.017061,0.000536,0.0654,-1.6777177713586642,0.005079785710861318,-1.4640394176601497
0.013321,0.018238,0.0654,-1.541202672319696,-0.000907964161453334,-1.5298118367702245
0.043548,0.001491,0.0654,-1.5168195710118606,0.0162829591990159,-1.5506293287147752
-0.034886,0.011822,0.0654,-1.4073523529979868,0.14187313794462075,-1.3986309521906142
-0.020132,0.01329,0.0654,-1.5113052048490865,0.1012512964848582,-1.5347656612326799
-0.04037,0.030609,0.0654,-1.4833927169282863,0.17786167033821143,-1.4365683925196564
-0.032034,0.011135,0.0654,-1.5203777218956764,0.2124705970815115,-1.3938231649276207
-0.039594,0.014295,0.0654,-1.361725030784604,0.24432660071148082,-1.4069128651723621
-0.053713,0.019628,0.0654,-1.5684247592678318,0.22010608428614442,-1.4866446690282593
-0.041497,0.00062,0.0654,-1.511358969362719,0.11098774878240825,-1.6586759420428765
-0.013229,0.010784,0.0654,-1.4192907370502983,0.10170842521303469,-1.4284070379922023
0.01212,0.013012,0.0654,-1.6318514758819551,0.11755352028664845,-1.6060109133247282
-0.029601,0.011153,0.0654,-1.322818889247886,0.16171511435519292,-1.572550969877946
-0.058602,0.008982,0.0654,-1.5486622818707083,0.10141131781679813,-1.3945901314451428
-0.032737,0.003392,0.0654,-1.4945171735883511,0.14741243196194564,-1.4630877092208472
0.04014,0.000646,0.0654,-1.607751048572301,-0.03888307659266488,-1.5226687722673906
-0.005745,0.002139,0.0654,-1.453861831968354,-0.05131451871633441,-1.44350963254754
-0.026996,0.030212,0.0654,-1.4591315143587182,0.05914945452569942,-1.4068531150688033
-0.052755,0.016454,0.0654,-1.4126811581543117,0.13086357832904638,-1.5068715190060815
-0.074164,0.004458,0.0654,-1.4774150458201851,0.12276323287667745,-1.1845615861700303
0.017595,0.02686,0.0654,-1.452217445745889,0.04340071750388841,-1.521304779577389
0.000739,0.000554,0.0654,-1.3726264674826154,0.06967445359361735,-1.5008486533612013
0.00319,0.023222,0.0654,-1.5795351710334073,0.1012824619104804,-1.4888981639241456
-0.025537,0.00447,0.0654,-1.518727272984183,0.13143577860509637,-1.3562524596766907
-0.053344,0.007147,0.0654,-1.3996851613517254,0.09982206730671161,-1.583489810569055
-0.045626,0.020498,0.0654,-1.5739591960775783,0.1824698924054884,-1.4640019095552044
-0.037641,0.013346,0.0654,-1.4418088835307705,0.06953302082089063,-1.4212899234203853
-0.008112,0.053806,0.0654,-1.180689981202692,0.028424045503048445,-1.5337295720258044
-0.062216,0.014959,0.0654,-1.5898410516235333,0.29594664410095795,-1.4733076057002774
-0.000568,0.012719,0.0654,-1.5647397237530503,0.09304513047204765,-1.447087727436691
-0.024514,0.020461,0.0654,-1.5283947743718203,-0.03176234007522716,-1.4203397302944398
-0.0099,0.022797,0.0654,-1.3757527585633644,0.016842725674071524,-1.3255772411431086
-0.025067,0.005504,0.0654,-1.6786955895022304,-0.0050026308263955155,-1.6298891928844337
-0.0435,0.012675,0.0654,-1.3299970442074145,0.06350162247511704,-1.460483602885164
0.008716,0.002083,0.0654,-1.4706237612412003,0.052712895114191305,-1.4331807191675443
0.039228,0.020225,0.0654,-1.3938271211933804,-0.12645374697319678,-1.4545985999149467
-0.010025,0.005942,0.0654,-1.4861921373621543,0.06658365762493501,-1.4025041650631953
0.022011,0.001326,0.0654,-1.5620079833856737,0.05112329430518203,-1.5576699407940051
-0.033331,0.017185,0.0654,-1.4350537131037677,0.052524825089214744,-1.3826145771906684
-0.005842,0.00315,0.0654,-1.5259961288096051,-0.005302240539596603,-1.45313779501517
-0.030605,0.005955,0.0654,-1.281489190335259,-0.04284748940529437,-1.5883633476489452
-0.042035,0.000604,0.0654,-1.460874951269879,0.07614118164103933,-1.5185729579349325
-0.017003,0.016531,0.0654,-1.486889255939351,0.11346607898632066,-1.4654298868448783
0.018265,0.001113,0.0654,-1.3889231473540304,0.16870433844270494,-1.4921559722567035
0.055909,0.00961,0.0654,-1.4524412080452334,-0.012267660929588198,-1.616485726833549
-0.039101,0.011032,0.0654,-1.6787473371905912,-0.009545589315959946,-1.4195684351051288
-0.013177,0.007731,0.0654,-1.6196796620758789,-0.056947350208818914,-1.3637620546693003
-0.041937,0.0076,0.0654,-1.5299462389732126,0.01131592250191149,-1.4832647793884253
-0.003774,0.0077,0.0654,-1.4665075826295375,0.03757675072510214,-1.70694570060615
0.005864,0.000311,0.0654,-1.4400362663966277,0.10922253741172283,-1.5095282104892433
0.023497,0.040997,0.0654,-1.5015361762051873,-0.05365308475225161,-1.612923916670711
-0.016735,0.019982,0.0654,-1.52379461395166,0.08605116318305406,-1.437671887740534
-0.02557,0.022923,0.0654,-1.4447838358282146,0.16217486189092467,-1.5378518366897886
0.030068,0.011651,0.0654,-1.4280715286998384,0.09080255096222967,-1.465715406239164
0.030739,0.016637,0.0654,-1.472758615668968,-0.007531602826388539,-1.567083481889226
-0.011961,0.022883,0.0654,-1.515778254930953,0.01932799356719639,-1.4561917926809849
-0.009424,0.009085,0.0654,-1.493799131865913,0.020475967441978327,-1.3045879041590334
-0.066968,0.002334,0.0654,-1.439790869475905,0.19149328980106484,-1.306611697270317
-0.004997,0.017037,0.0654,-1.5693810949821432,0.046057413995352015,-1.5127517075758607
-0.02443,0.009926,0.0654,-1.5251729149667148,-0.06948166194426064,-1.381786646121163
-0.017914,0.020246,0.0654,-1.455642116025226,-0.006996281673097071,-1.3497000418739877
-0.036796,0.029291,0.0654,-1.4047938234017725,0.12561391969770397,-1.362260838274528
-0.049941,0.000657,0.0654,-1.633149503653842,0.0971792788990975,-1.599873044732152
-0.045912,0.011839,0.0654,-1.6663970620941218,0.09107114573634223,-1.4874639215575118
-0.012102,0.000631,0.0654,-1.5526343858862102,0.11002349797497679,-1.3527214105580192
-0.053055,0.018519,0.0654,-1.4639917270923268,0.10276948789912521,-1.454403163216493
-0.01329,0.022568,0.0654,-1.6420620123721934,0.10693287671594875,-1.47321684903227
-0.021009,0.025995,0.0654,-1.444295995735676,0.1677491565224254,-1.5847249260456018
-0.006672,0.046003,0.0654,-1.279357157550806,0.07393707773483915,-1.7309773936284014
-0.01832,0.026646,0.0654,-1.6493513737487715,0.0350749935710557,-1.4728632274657572
-0.059635,0.001098,0.0654,-1.4428100894811695,0.06015435655076673,-1.5268972926945794
-0.036968,0.013554,0.0654,-1.4292826545637012,0.011755405798746787,-1.4779250608129584
-0.006899,0.016666,0.0654,-1.3130691653156774,0.18746663925737606,-1.5362334501459844
0.043386,0.019138,0.0654,-1.3912644822615208,0.019851849896002527,-1.4506630963715932
-0.025057,0.00953,0.0654,-1.49114558497469,0.051588911142278704,-1.4848523981168922
-0.019388,0.047485,0.0654,-1.3493054156790207,0.2358351497455804,-1.5373287170401335
-0.03221,0.036631,0.0654,-1.3782369312719853,0.12031728747644066,-1.5573468432238138
0.026395,0.002053,0.0654,-1.376245022975145,0.08325282685243862,-1.5593333123746969
-0.019163,0.015301,0.0654,-1.5425613107831082,0.1472430506569813,-1.5338336405095387
0.000867,0.001217,0.0654,-1.3863665120715867,-0.11620586140710354,-1.5704714109951514
-0.023116,0.012518,0.0654,-1.5507155399898627,0.06357062014609793,-1.5416064744497397
-0.021021,0.037628,0.0654,-1.4058923462015627,0.1435524550428635,-1.3376556615291701
-0.023054,0.016797,0.0654,-1.4677632835552015,0.09813358100718195,-1.4144991925316566
-0.056828,0.004048,0.0654,-1.567148187295748,0.05513757245078277,-1.49338815045137
-0.042429,0.001558,0.0654,-1.4166021680862497,0.11457807893526617,-1.386520226636155
-0.016511,0.023726,0.0654,-1.6291296302781209,0.10681349448881705,-1.5074728690182162
0.000247,0.007191,0.0654,-1.4529714460802754,0.19935730071910696,-1.4389749037497899
-0.038168,0.013259,0.0654,-1.5066984104216188,-0.04074618872602742,-1.4317466512131547
-0.007997,0.011379,0.0654,-1.4259532613210828,0.09826499903228503,-1.5648718923174494
-0.004971,0.010792,0.0654,-1.3832858747481211,0.18191755495161321,-1.556864523812256
0.041113,0.023275,0.0654,-1.3526222954711427,-0.016234970227715362,-1.4642495113215852
-0.033765,0.010014,0.0654,-1.3441039793997267,0.2112947495380746,-1.4851947409937694
-0.01908,0.030638,0.0654,-1.5550831792440576,0.10956851374795606,-1.5790270880115973
-0.000667,0.026906,0.0654,-1.5173340411050142,0.1033430158906743,-1.5315765530188006
-0.039187,0.010897,0.0654,-1.5326720332535504,0.01071041410391449,-1.4570460232246207
0.001423,0.006513,0.0654,-1.5540575105048706,0.06438149309189578,-1.6499552695984177
0.005627,0.003903,0.0654,-1.4298036724632097,0.14784273058818398,-1.4099577552828144
-0.044527,0.004695,0.0654,-1.4155505431408146,0.14171160403658845,-1.3753401025100653
-0.010639,0.010043,0.0654,-1.4091592230257368,0.12140965800388392,-1.430681197082958
0.049286,0.000123,0.0654,-1.4764411876267676,0.007714515393907551,-1.4367415838553121
0.027595,0.002764,0.0654,-1.546463699442458,-0.003508926725697803,-1.4913689264195127
-0.053328,0.005553,0.0654,-1.4700104259227416,0.0365848251419012,-1.5855153952062557
-0.03678,0.012526,0.0654,-1.4749001570979325,0.14765291163498562,-1.5369469459689344
0.030551,0.003826,0.0654,-1.4346191330086564,0.0716001256946519,-1.5754390512586265
0.019024,0.015431,0.0654,-1.4801696808120728,0.028740842654366938,-1.4258661852987442
-0.060941,0.002438,0.0654,-1.5484004323210332,0.11404915293399442,-1.4253864938012553
-0.023851,0.015413,0.0654,-1.5247699383183375,0.06215446814503656,-1.5112584267555218
-0.028122,0.032203,0.0654,-1.4770808918478056,0.0844981322181888,-1.4635598978050708
0.014501,0.02075,0.0654,-1.4780004480609263,0.07352457185130401,-1.5755387187291545
-0.020198,0.01593,0.0654,-1.5083206735588757,0.1461748564180929,-1.4140001356537466
-0.012701,0.04173,0.0654,-1.3669801717551646,0.10648675702603239,-1.4947605280890162
0.005381,0.00439,0.0654,-1.3900137000299364,0.19812692333457593,-1.3977773180456028
-0.011325,0.027934,0.0654,-1.423261373477936,0.12232497889612404,-1.5070616028351862
0.077177,0.002263,0.0654,-1.5364471132468953,-0.05477923989704525,-1.4938081685245257
-0.066508,0.004352,0.0654,-1.5664069748920548,0.16787892643162206,-1.5977096684743253
0.013277,0.001079,0.0654,-1.4269037102166522,0.030918010975133914,-1.4533456383907737
0.015705,0.005254,0.0654,-1.5278432936537565,0.10880417843124457,-1.5039244623566297
-0.020516,0.026801,0.0654,-1.5474396278548366,0.1400488924566201,-1.4822136409335875
0.01079,0.001124,0.0654,-1.4606977316838172,0.02145196668909355,-1.4843936751779943
-0.041846,0.003566,0.0654,-1.3553426664455273,0.16491498144412375,-1.5592056165008836
0.01609,0.030527,0.0654,-1.6343094247416172,-0.0828983585942058,-1.4572745561829
-0.010736,0.043387,0.0654,-1.4259043615038476,0.05042197493334499,-1.5096528506558016
0.005118,0.035531,0.0654,-1.3462815076332881,0.08019555813492518,-1.4112374722153047
-0.045708,0.011932,0.0654,-1.4246498830242642,0.07534429678961785,-1.4566289344293373
0.007045,0.017823,0.0654,-1.5030264705121912,-0.08178170043091981,-1.500741478137566
0.01323,0.003692,0.0654,-1.3534642458645225,0.1162861098287098,-1.436637892743026
-0.022365,0.00178,0.0654,-1.4707673938872552,0.03904848947416717,-1.4421276779680139
0.029207,0.002448,0.0654,-1.63507622245935,-0.026846286861273327,-1.5024151214600403
0.012162,0.001795,0.0654,-1.4699454986221587,-0.2180111642372009,-1.4519949289591874
0.006671,0.006056,0.0654,-1.5449356550765543,-0.10745776757302106,-1.5564056899202852
-0.011991,0.015704,0.0654,-1.449794426265618,0.21563174315065403,-1.5130322364458229
-0.03046,0.031287,0.0654,-1.3699120352111835,0.1122019358883597,-1.3051191940226738
0.012988,0.024047,0.0654,-1.4080796463504333,0.0485091308464618,-1.6355417591918098
-0.005122,5e-06,0.0654,-1.352474060740676,0.061492523176928326,-1.7245036089695933
0.001085,0.005322,0.0654,-1.5922676030084877,-0.020003325156833895,-1.4832175995530579
-0.003624,0.012627,0.0654,-1.3957709976568278,0.07142470822152713,-1.5047249533254405
-0.012552,0.014903,0.0654,-1.6099900564759766,0.14632508118545662,-1.5978462660315196
-0.037867,0.020728,0.0654,-1.4839640098298832,0.09901632068319444,-1.407749204905754
-0.034888,0.023678,0.0654,-1.482024518430897,0.2126486430208021,-1.4906500869250807
-0.013483,0.011341,0.0654,-1.6302380350368737,0.25565473065564936,-1.5406785742190086
-0.035261,0.012409,0.0654,-1.3759142460159959,0.13727608740960395,-1.3741062999336828
-0.006862,0.017882,0.0654,-1.3991477734569304,0.17256288347039783,-1.5033191517629665
-0.015046,0.021488,0.0654,-1.5896918524352195,0.19707717197048202,-1.5250637140313261
0.025593,0.002505,0.0654,-1.3858710736039113,0.006420176966551505,-1.4331681663348754
-0.012639,0.003187,0.0654,-1.4092605603182937,0.13973130367336872,-1.5210848597385178
-0.038692,0.028956,0.0654,-1.3098305511622699,0.10421973942718576,-1.4706949127789446
-0.023244,0.025519,0.0654,-1.3739945827792095,0.07952934240883236,-1.4099673300456315
-0.047712,0.02629,0.0654,-1.497324328322298,0.1492104900241582,-1.366407570348227
0.00567,0.013685,0.0654,-1.4868035250207836,-0.01928407424170575,-1.4317718478743218
-0.005529,0.012024,0.0654,-1.5020678043039954,0.18807930492662783,-1.6113347354639511
0.002225,0.038134,0.0654,-1.5525381958220021,-0.02879334120110255,-1.4258418734892828
-0.04738,0.026262,0.0654,-1.436052267849466,0.1342361065182598,-1.3928242965531494
-0.022204,0.038253,0.0654,-1.430373784130483,0.10356532820665643,-1.439933442796489
-0.031588,0.017793,0.0654,-1.5565581633800694,0.07832036731489622,-1.3961333898309012
0.043121,0.013959,0.0654,-1.4104228169217365,0.0031598103565433355,-1.5484894739983055
-0.067021,0.009699,0.0654,-1.4733069846796878,0.17632353519193056,-1.6114588086110253
-0.031582,0.031848,0.0654,-1.4072494122651302,0.14296080917719234,-1.6023647434953943
0.015178,0.000341,0.0654,-1.3976455641566226,0.12057284473106811,-1.3694447545155524
-0.05153,0.005988,0.0654,-1.5578022754378937,0.1890592925412664,-1.410692324858226
0.043705,0.026995,0.0654,-1.41616838430075,-0.07469371997730079,-1.5624496746108385
-0.064424,0.004609,0.0654,-1.5467242331480977,0.21927821014008853,-1.5265345474869072
-0.01013,0.009184,0.0654,-1.2959664219372518,0.19205403673708776,-1.4952168444190823
-0.020483,0.023159,0.0654,-1.4729805561916505,0.17648467872427487,-1.5012470400516889
0.039934,0.013362,0.0654,-1.5273543305941153,-0.09173490702498488,-1.4270861043672685
0.001342,0.013356,0.0654,-1.4847032986544773,0.04352058505982659,-1.4906657739253326
-0.017353,0.014462,0.0654,-1.4188355918465165,0.03242726366694004,-1.4557807968741794
-0.012482,0.045732,0.0654,-1.4250575831687293,0.15074235171330197,-1.60728110466684
-0.002787,0.005151,0.0654,-1.2901494316863973,0.2497139048403385,-1.4467934059656578
-0.051257,0.019332,0.0654,-1.5363211997000406,0.11304563336731288,-1.550199325826529
-0.05663,0.003255,0.0654,-1.4866553065680173,0.04145146148200807,-1.4642407097814163
-0.010819,0.028925,0.0654,-1.4594371060554672,-0.06277750543580907,-1.4078230249052643
0.051443,0.014254,0.0654,-1.3489429870000735,0.036265466098977406,-1.4615610392851703
-0.023107,0.010681,0.0654,-1.463660121979316,-0.017559481956960887,-1.2823118642038065
-0.010438,0.039183,0.0654,-1.4380883347246358,0.10542970798538942,-1.5535714789704596
0.019487,0.006389,0.0654,-1.4225225594355715,0.09656053955055866,-1.5658264650149936
0.002547,0.005514,0.0654,-1.4628902133609658,0.08621928696795322,-1.4929474799050186
-0.016686,0.022395,0.0654,-1.4360163638661987,0.03466795609241924,-1.4415806425609172
0.000749,0.009071,0.0654,-1.6588391883543168,0.0956930143554362,-1.4725772651111273
-0.05618,0.011852,0.0654,-1.6701335912228255,0.12014354271834904,-1.4898648590996528
0.006844,0.011569,0.0654,-1.5245341233350769,0.10650976627807829,-1.5572004306316083
-0.00631,0.008114,0.0654,-1.5105508962620773,0.10881977402709331,-1.6672689617563456
-0.026906,0.01654,0.0654,-1.5076569378462428,0.1384406636470581,-1.3471760350746311
-0.01684,0.004359,0.0654,-1.541093923219575,0.17186171457258315,-1.5674403846423286
-0.034272,0.03777,0.0654,-1.5116816222648572,0.2985373867645582,-1.492367753391866
-0.060978,0.00219,0.0654,-1.6522906526876644,0.22958924316767138,-1.4516828919887428
0.040269,0.001903,0.0654,-1.4409597203512163,0.004098241802142022,-1.4574886299622938
-0.070291,0.006353,0.0654,-1.538433353794575,0.07251245998591971,-1.4462832922907993
-0.015712,0.025049,0.0654,-1.5898546632653097,-0.074641359082114,-1.326281424211871
-0.013382,0.016912,0.0654,-1.6007039063477864,0.18269962867073142,-1.5993841226432393
-0.037397,0.018382,0.0654,-1.5628941788532527,0.07648807044240646,-1.6101768181777834
0.018494,0.009152,0.0654,-1.5472743196133067,0.0920207588305395,-1.4409219878655826
-0.004565,0.011559,0.0654,-1.3806152796305213,0.18568619632110472,-1.5257795582851044
-0.007117,0.043181,0.0654,-1.5028246376623955,0.036796060413849085,-1.4992194438360602
-0.024273,0.008664,0.0654,-1.478090210083256,0.1304574902825144,-1.3635862433932326
-0.005887,0.019216,0.0654,-1.4256315150398473,0.15807581006608284,-1.5975896456204788
-0.038884,0.005568,0.0654,-1.5990907245611639,0.02705633010361419,-1.5820597437726496
-0.027791,0.023575,0.0654,-1.4766713391999298,0.08480082677738676,-1.4986080640648014
-0.031983,0.033614,0.0654,-1.5329243811570168,0.14382352968063272,-1.4042678906859316
-0.042497,0.018147,0.0654,-1.4973397928790804,0.16420992851023342,-1.5770900988419876
-0.044953,0.017503,0.0654,-1.4081740202711914,0.2432037617012286,-1.4693768704515542
0.014978,0.011801,0.0654,-1.4773253573656493,0.09857810739039419,-1.5507249820506637
-0.000741,0.012655,0.0654,-1.4954873184007524,0.12594765681004816,-1.5316812307849366
0.025428,0.001361,0.0654,-1.411908834417405,-0.003350950344252146,-1.3708115795437197
0.023547,0.00753,0.0654,-1.4355903506828411,0.06988223415642758,-1.3064433972810054
0.002213,0.018538,0.0654,-1.4249880114963593,0.14405926638409783,-1.4839880904917249
-0.055798,0.012963,0.0654,-1.6061744805605636,0.0751800537259939,-1.3909708835112056
-0.029662,0.011329,0.0654,-1.6657612704665183,0.1462307381882868,-1.4558055484103603
-0.022809,0.006678,0.0654,-1.2906985659190577,-0.04812648307772527,-1.3429268342698761
-0.00629,0.026893,0.0654,-1.5987155324171662,0.11867549332598237,-1.4771534799771304
-0.009815,0.031868,0.0654,-1.5236215983632468,0.16070567964087412,-1.5127656589215854
-0.067129,0.005465,0.0654,-1.4182403096169083,0.06303138778165707,-1.4731746170697035
0.012495,0.009004,0.0654,-1.4125118562149621,0.02138396214366578,-1.4744228888060156
-0.024716,0.004218,0.0654,-1.6090259467069878,0.03379609483313373,-1.4559895199548756
-0.022764,0.03124,0.0654,-1.6034468333668321,0.12997851568671237,-1.4786516571434358
-0.010679,0.019934,0.0654,-1.4683768191021498,0.08325687172795848,-1.5609273790764726
-0.047201,0.013312,0.0654,-1.5152688593650336,0.05307043644431242,-1.3471891574517598
-0.078399,0.000608,0.0654,-1.4540870271118478,0.2629923777952916,-1.4590053439467616
-0.009548,0.025516,0.0654,-1.474664626109582,0.008597815268819753,-1.5168111125262342
0.021177,0.01379,0.0654,-1.4097400599206056,-0.04318076735869414,-1.4309966410957562
-0.051061,0.019325,0.0654,-1.4220894641458026,0.20000022953422625,-1.566074251786371
-0.019177,0.002229,0.0654,-1.4862554057993105,0.2671164633225489,-1.5452615982698534
-0.011756,0.016243,0.0654,-1.5850460532168313,0.16601726784195736,-1.4376147620637243
-0.046486,0.011981,0.0654,-1.3900611231781193,0.17111455503994843,-1.478485705100574
-0.048459,0.016302,0.0654,-1.4024869392009613,0.26525543911378024,-1.4138901568832043
-0.020706,0.001108,0.0654,-1.6262131382361735,0.20204915613664043,-1.5084057879811033
-0.051752,0.004487,0.0654,-1.457678828510163,0.13468049291005202,-1.4153925743296087
0.010662,0.00811,0.0654,-1.5258574288234452,0.03509680923000991,-1.4249452190063798
-0.049965,0.007639,0.0654,-1.418825726841956,0.22005565476699296,-1.3980638381490471
0.019891,0.013605,0.0654,-1.3682182440028083,0.012977228351668257,-1.4905481008183974
-0.025255,0.015975,0.0654,-1.3601389475609025,0.14034090468124294,-1.3858885892674189
-0.041058,0.016302,0.0654,-1.561409264346623,0.11703910075045032,-1.4013322214925212
-0.03059,0.012039,0.0654,-1.4731722314408273,0.2029933127308332,-1.4956498370934437
-0.033957,0.006582,0.0654,-1.5279149418351121,0.05358539377570137,-1.6317628441035477
-0.02377,0.004125,0.0654,-1.5187743021180442,0.19116041390367444,-1.429980371097894
0.012008,0.00117,0.0654,-1.4289533552186207,0.07097804444820599,-1.5112482436246941
0.033446,0.020796,0.0654,-1.4857599486847166,-0.15470203185791598,-1.5290830898901344
-0.018745,0.024752,0.0654,-1.6177394826602935,0.07918792298648225,-1.5110936083014912
-0.008647,0.022974,0.0654,-1.5587101464509097,0.09528421705688328,-1.4031523283395806
0.064414,0.006668,0.0654,-1.2606174399498937,-0.009318970821563966,-1.5020068539412763
-0.06298,0.006752,0.0654,-1.5344424787867073,0.05069309223017626,-1.3860753948439755
-0.047762,0.001734,0.0654,-1.4985718616115309,0.05872331978817735,-1.411933142330706
-0.009349,0.023656,0.0654,-1.4237128048772778,-0.015354317214210766,-1.5025276234264693
0.061888,0.011189,0.0654,-1.4908741405793728,-0.06793628423872367,-1.5050246055047198
-0.001019,0.006728,0.0654,-1.64756900735962,0.02214261965028963,-1.4276615436866267
-0.035739,0.026235,0.0654,-1.5894278940633342,0.1573027954947932,-1.3033188424298277
0.03257,0.006082,0.0654,-1.453368584397271,0.08509325192944095,-1.5533192714300084
0.00052,0.004097,0.0654,-1.512819103948549,-0.011204555594654053,-1.5214222593524
-0.018147,0.018212,0.0654,-1.439394137982273,0.03212828721388683,-1.4074418310405457
-0.024326,0.041855,0.0654,-1.4222625603063719,0.06013623065100426,-1.5613020362224064
-0.028633,0.01891,0.0654,-1.3952199465301802,0.14028742923853477,-1.587791085293205
-0.040759,0.027491,0.0654,-1.554251847573386,0.22422197096120833,-1.3820521323531434
0.006727,0.009208,0.0654,-1.3373640015207788,0.11118179039431486,-1.348245120310008
-0.037624,0.01464,0.0654,-1.4770403539933186,0.23824983851565906,-1.3819782196402919
-0.015082,0.006962,0.0654,-1.5206243088360856,-0.02300259485258449,-1.4607616565915922
-0.006238,0.008073,0.0654,-1.5602656068333174,0.19928548619645192,-1.4623471318991366
-0.020352,0.021602,0.0654,-1.5928728190820831,0.03521749560712206,-1.501838331457657
-0.01121,0.029859,0.0654,-1.3988361031477727,0.050650747858455025,-1.6597047419078386
-0.019597,0.025152,0.0654,-1.5116320061910764,-0.05028658695465049,-1.3498663606576016
-0.022935,0.02153,0.0654,-1.5021856636422766,0.011780530831517533,-1.4551908879310789
0.026994,0.009817,0.0654,-1.5981534411232554,0.00810976008715425,-1.5115822591991726
-0.010542,0.0357,0.0654,-1.5030898395748336,0.11172536973409497,-1.5145358780806852
0.022937,0.010213,0.0654,-1.529175755254928,-0.04065133910529206,-1.3698534077017146
-0.007143,0.007797,0.0654,-1.5475297020732857,0.17360975281812974,-1.4771110128347087
-0.027695,0.014116,0.0654,-1.5344954699372537,0.16914562813235534,-1.5374381167650055
-0.022568,0.002006,0.0654,-1.4884046807374274,0.1525264796516821,-1.3970706748799797
-0.057614,0.016151,0.0654,-1.5193086068008974,0.16121000522351747,-1.4804603673399441
-0.01284,0.000593,0.0654,-1.4608335846990308,0.1274334290504111,-1.535788467956508
-0.002703,0.005824,0.0654,-1.3498287325225626,0.12063585805080579,-1.4316489197267939
-0.029508,0.027755,0.0654,-1.542498961572337,0.004539554785647049,-1.5223629509660235
-0.02275,0.00829,0.0654,-1.5887842066211806,0.15313870461665635,-1.4258692599285316
-0.005474,0.010453,0.0654,-1.5008647747407031,-0.026515788545349528,-1.4016356349672667
-0.059472,0.008012,0.0654,-1.569183435820177,0.2553178530617859,-1.457247993601589
0.012169,0.004029,0.0654,-1.429098172915401,0.11705720250690521,-1.4788872533474473
0.007232,0.03395,0.0654,-1.4908469236125692,0.03835105060154853,-1.5847112294278738
-0.035398,0.034546,0.0654,-1.3806621129851733,0.10112136721912557,-1.526472050049774
-0.036457,0.010544,0.0654,-1.4583667457724305,0.16596142137057734,-1.6506721807739266
-0.023285,0.013556,0.0654,-1.497664881242228,0.3018455643692124,-1.4682689931829844
0.074102,0.000969,0.0654,-1.3718000289682077,0.07667040202112196,-1.4159143211950558
-0.033977,0.013096,0.0654,-1.4819002092200229,0.03024109589169366,-1.6397599773660598
-0.004866,0.018506,0.0654,-1.332077760664557,0.2284239204252334,-1.5442868889370862
-0.007409,0.01899,0.0654,-1.6225234559216528,0.026597459281119562,-1.669781465126261
0.000142,0.024135,0.0654,-1.4449089569593332,0.08087223076899508,-1.5298417876702053
-0.019887,0.00621,0.0654,-1.5315081463217561,0.07732503002778168,-1.5587052790504485
-0.009748,0.026398,0.0654,-1.5634165110230742,0.14815482609650443,-1.5281540747413151
-0.004032,0.005925,0.0654,-1.37657924869897,0.019183963475968513,-1.537077274202402
0.076209,0.00305,0.0654,-1.519851135477328,0.33712003327827045,-1.4537253564864974
-0.032084,0.004406,0.0654,-1.4876811913974783,0.2545116853731664,-1.465564053385502
-0.003463,0.032307,0.0654,-1.4167360413594399,0.14366565517401586,-1.4975137812508532
0.010106,0.000889,0.0654,-1.4590088471824707,0.11299099205712171,-1.3558552810009656
-0.034985,0.013645,0.0654,-1.4596501217885456,0.18361649448303918,-1.636762854401648
-0.038278,0.008088,0.0654,-1.6358867989832593,0.20805359440931137,-1.3629528881859316
-0.01786,0.020578,0.0654,-1.6433755051323897,0.05780294312792189,-1.5740885082328782
-0.01391,0.029309,0.0654,-1.3677259498888517,-0.046860894843351986,-1.4287963137048416
-0.015364,0.016262,0.0654,-1.4124156517402804,0.11219282049688162,-1.3430789562945054
-0.016537,0.011652,0.0654,-1.3866165265758479,0.09479495208593458,-1.4664447149482283
0.006693,0.001418,0.0654,-1.607827576098337,0.1024838568175348,-1.4613916045907587
-0.039669,0.005173,0.0654,-1.4773213846154485,0.011749368968769325,-1.5249256890327518
0.007058,0.002423,0.0654,-1.4947269020845242,0.10541068594231673,-1.5463138721054637
-0.013032,0.001323,0.0654,-1.4255332056547683,0.027319219413422857,-1.3534854328512709
-0.035391,0.036532,0.0654,-1.457321073924491,0.13267197668330866,-1.4215876390598963
-0.004569,0.009216,0.0654,-1.5002891622782217,0.017473766333216068,-1.4583372396068315
0.009361,0.010106,0.0654,-1.5256268646910716,0.09561687064744628,-1.6281936112263893
-0.025871,0.005962,0.0654,-1.5584921876861548,0.20599108058778048,-1.5502893283736405
0.028979,0.01252,0.0654,-1.4878472633287574,-0.02212295679988885,-1.5085663911487663
0.024204,0.030574,0.0654,-1.4660890832720965,-0.04841876300076575,-1.5245981972204505
-0.023692,0.00306,0.0654,-1.377031321327867,0.003532928585518791,-1.4792536109212613
-0.031164,0.037548,0.0654,-1.516602498243036,0.13251703959922745,-1.4942042753541473
-0.009175,0.019865,0.0654,-1.4553966475346303,0.015735656346157922,-1.5440908442637569
-0.023738,0.038737,0.0654,-1.5712133791470053,0.18473832692476777,-1.670603857107018
-0.023115,0.031889,0.0654,-1.3651537581880642,-0.009766030660382619,-1.434964253696253
-0.016498,0.010362,0.0654,-1.465419114458436,0.18019088858241616,-1.3798705699297833
-0.054525,0.001452,0.0654,-1.367467695499086,0.10506858475785585,-1.4126817308123512
-0.016483,0.015046,0.0654,-1.4289767757658371,0.14865634292299523,-1.4520970007638958
-0.019416,0.044012,0.0654,-1.4135826093514223,0.1697772714971757,-1.5822017180707393
-0.019705,0.040719,0.0654,-1.4022699901348434,0.11974722862327436,-1.5118650862444851
-0.048776,0.0218,0.0654,-1.5024370068143609,0.22666723534733957,-1.641958787005989
-0.039384,0.014448,0.0654,-1.5422121764359702,0.07301680498846208,-1.4383905832693085
-0.008682,0.013194,0.0654,-1.578936253450739,0.004830643519514233,-1.512772434419837
-0.057871,0.003621,0.0654,-1.289539315573721,0.2354691917934002,-1.4765775523770603
0.013139,0.009282,0.0654,-1.5290154046764652,0.04047207523364538,-1.5022437241821411
-0.04801,0.023337,0.0654,-1.4916445265792797,0.3919790497381319,-1.6521659671815723
-0.024119,0.031865,0.0654,-1.5462040937774726,0.03261670337471645,-1.500887017761593
-0.030967,0.013791,0.0654,-1.285895786743865,0.22600240109872716,-1.4519482708426439
0.005874,0.010991,0.0654,-1.4088961836764122,0.06885751646390448,-1.5203418487209888
0.020373,0.0081,0.0654,-1.5142266959319717,0.08325550572283924,-1.5000010131686157
-0.024801,0.004851,0.0654,-1.5927508835473494,-0.05477319158524674,-1.3850077848459266
-0.054384,0.020221,0.0654,-1.2787356817450104,0.2476320449358571,-1.317400748475317
-0.033764,0.023793,0.0654,-1.518679935010944,0.22671824172153943,-1.4454405552523297
-0.037013,0.013559,0.0654,-1.6042858120302226,0.021487165311969036,-1.5431299960511087
-0.056976,0.008391,0.0654,-1.4014888564046384,0.1386607570498768,-1.4378763513427388
-0.031194,0.01459,0.0654,-1.3992416663577254,0.008807595599809703,-1.4465772306088678
-0.043527,0.004398,0.0654,-1.6464380462584964,0.1011854780737722,-1.4344008041777399
-0.077863,0.001392,0.0654,-1.4820318812274358,0.10892776025550455,-1.4155318716689478
-0.001056,0.02836,0.0654,-1.342690279738546,0.13230607509702708,-1.5179546933404202
-0.020289,0.012931,0.0654,-1.505954087878473,0.05642114780301033,-1.3364312581489868
-0.026301,0.021091,0.0654,-1.6313056104109065,0.1898213750539124,-1.4989467574855249
-0.053554,0.016022,0.0654,-1.4902709086464925,0.18723912031888013,-1.3635600543328699
-0.034355,0.0074,0.0654,-1.4124639578968106,0.15136457299200545,-1.4694114526118984
0.016565,0.003339,0.0654,-1.376305726513329,0.13544255232786817,-1.5217462064201055
0.0083,0.046891,0.0654,-1.3647708457400805,-0.032930943891839703,-1.4937855271311162
-0.041609,0.008847,0.0654,-1.4062927700708345,0.16506465325900788,-1.4691904893454126
-0.019525,0.025077,0.0654,-1.4582551994827204,0.0037736037814040113,-1.4240705404132856
-0.002897,0.003479,0.0654,-1.599810284614588,-0.024980850234694874,-1.495941758864225
-0.000378,0.020314,0.0654,-1.5747631693268658,0.02082501708679141,-1.4838333212667447
-0.062551,0.009345,0.0654,-1.513048671225893,0.15278722965185088,-1.495190654244721
0.026175,0.031164,0.0654,-1.4226294082318816,0.0352237678959515,-1.6030612320225377
-0.042569,0.018634,0.0654,-1.415623694810732,0.1312672559780208,-1.4378581970098592
-0.044006,0.012296,0.0654,-1.522982649234196,0.03644683861397113,-1.4713445586604919
-0.037211,0.033226,0.0654,-1.4790273532257672,0.20861938955146564,-1.594555962128136
-0.014134,0.028704,0.0654,-1.4663663283647677,-0.00032759527352688167,-1.3618207713802182
-0.020733,0.006631,0.0654,-1.3553177193066184,0.040689706323601804,-1.3531146161657739
-0.040664,0.016303,0.0654,-1.363971563777812,0.2482721464698412,-1.3975294120621224
-0.041126,0.024374,0.0654,-1.5801183875294067,0.21159546085684666,-1.4601389573687662
0.041502,0.004399,0.0654,-1.4620712259574393,-0.04225854445834032,-1.3805800660060066
-0.053563,0.017936,0.0654,-1.433776553088323,0.1497093952710007,-1.4930598765119436
0.01938,0.020599,0.0654,-1.4629447099887933,0.025732086217551187,-1.3190117708305562
-0.064799,0.010332,0.0654,-1.5601166381797038,0.20292142463258478,-1.5417821128014784
0.0186,0.033263,0.0654,-1.434380425669859,0.02834567126249543,-1.579857376155235
0.008533,0.030849,0.0654,-1.5985639789969401,-0.0172993191524049,-1.5207007490132043
0.030491,0.014081,0.0654,-1.5373486409528696,-0.06435933851416054,-1.304704132316772
-0.050743,0.008107,0.0654,-1.553189349859709,0.20450133194435116,-1.5201968959732137
0.000622,0.014905,0.0654,-1.337824753895623,-0.009834900979234895,-1.4779980502160506
0.041896,0.000935,0.0654,-1.5159539579257688,-0.009284098738671975,-1.533719076935845
0.006549,0.014677,0.0654,-1.5619914835416935,0.11999173787630579,-1.5887956898832376
-0.028118,0.00505,0.0654,-1.5423352962185364,0.14094132969455053,-1.4500183854804893
0.054962,0.003559,0.0654,-1.467259806170947,0.0036580027972050733,-1.458311724605935
-0.027151,0.020944,0.0654,-1.5677571794702432,0.19199649539481145,-1.5362008868324084
0.00804,0.031718,0.0654,-1.6121698070857535,0.004211137832232703,-1.5562117984942894
-0.002973,0.027942,0.0654,-1.5200337147094876,0.023858561047295446,-1.5299584104821051
-0.046842,0.012876,0.0654,-1.517579491619678,0.09364530319389908,-1.5172024083590485
-0.032889,0.039056,0.0654,-1.4355305032991608,0.19401966010367788,-1.5479564978712657
0.025762,0.008871,0.0654,-1.562311978872718,0.04485427866546354,-1.4975450634085496
-0.012435,0.025907,0.0654,-1.3796277894967,0.2336543208247006,-1.5355923538268992
-0.012751,0.00349,0.0654,-1.3553080308482572,0.2153386188928963,-1.49427888168876
0.027278,0.009699,0.0654,-1.4530545128094843,-0.012337577784983011,-1.6203235369148303
0.002977,0.022262,0.0654,-1.4525057071884486,0.07386523895327435,-1.5711862178004452
0.070765,0.001157,0.0654,-1.441841350861791,0.05980167615512455,-1.5229959698195945
0.046209,0.000607,0.0654,-1.6534537075214428,0.035262979038186204,-1.6911607833239075
-0.017576,0.032137,0.0654,-1.4714213969373295,0.0593634263408509,-1.4626870874598625
-0.036962,0.007628,0.0654,-1.4324293813055722,0.029684928475514516,-1.3409498585913084
0.015153,0.029156,0.0654,-1.4417745358696141,0.05713069545708205,-1.515999471550608
-0.021186,0.041178,0.0654,-1.3562380809996428,0.05370935507032293,-1.4076884279473127
0.014575,0.005021,0.0654,-1.5207909471102017,-0.031585891348544726,-1.4172201382101604
-0.043767,0.021668,0.0654,-1.357515725726084,0.1784528217391268,-1.670706147139458
-0.042936,0.011201,0.0654,-1.4645513955000755,0.17233275221660094,-1.4051790658215977
-0.062615,0.005841,0.0654,-1.5503036844968958,0.054838365509104925,-1.4187454452536932
-0.061292,0.010445,0.0654,-1.4162465715514414,0.1643615518816841,-1.4451739265670973
-0.026877,0.014649,0.0654,-1.5833718660729879,0.061000254453206004,-1.5246627187017405
0.071748,0.001084,0.0654,-1.3514692111372149,0.14864106298939284,-1.6252529304246903
0.016082,0.014219,0.0654,-1.5777722861658716,0.035641267806882704,-1.573945832637226
-0.021928,0.021552,0.0654,-1.4905928687989436,0.04094233088232513,-1.3647022419076047
-0.010539,0.00745,0.0654,-1.4966073436939193,0.04914173235139474,-1.5951155254197489
-0.043282,0.011683,0.0654,-1.6296638193175546,0.11201263196039779,-1.4384881943388153
-0.024618,0.03121,0.0654,-1.4689208073243218,0.14461530465143313,-1.4385398640864981
-0.013069,0.003237,0.0654,-1.4759893371012889,0.104952999109448,-1.2726154672854713
-0.00828,0.019141,0.0654,-1.4346528640895724,0.1346015260648299,-1.4898971322854642
0.000735,0.002846,0.0654,-1.3435435981250672,0.06246484100575844,-1.5799283718934076
-0.026044,0.026819,0.0654,-1.5768649149113996,0.13099058736388547,-1.4044754166252036
-0.043965,0.021908,0.0654,-1.4475879686953825,0.20692887530231552,-1.2812734304793765
-0.020299,0.030067,0.0654,-1.5491701477128967,0.05297086599546508,-1.4282837064922638
-0.039644,0.009205,0.0654,-1.483760234964006,0.08677939788970868,-1.4958508474989676
0.027835,0.024394,0.0654,-1.5310132127358578,0.040242032544355544,-1.6730680406688545
0.017051,0.006189,0.0654,-1.6241091662713278,0.02163872872710959,-1.608215951136383
-0.020461,0.024926,0.0654,-1.296847590001107,0.13746052323106195,-1.4158950641778092
0.010256,0.017383,0.0654,-1.3918789229867397,0.1294210967872116,-1.501523486096172
0.025311,0.004352,0.0654,-1.5202547820610683,-0.04188687132140889,-1.4634498247508294
-0.01226,0.025739,0.0654,-1.5285261125905163,0.09606282868461502,-1.544993635553735
-0.038629,0.000923,0.0654,-1.443628046621881,0.13675658336514385,-1.5266839650640116
-0.023746,0.035144,0.0654,-1.3875606500115847,0.0024209027266317573,-1.3738007265993892
0.024231,0.009014,0.0654,-1.4125703978209643,0.07367490261011289,-1.5110642016809788
0.020937,0.00561,0.0654,-1.569119207868363,0.01484657810868839,-1.6383467139082402
-0.040291,0.009473,0.0654,-1.4675829516546808,0.02743070257391267,-1.4334919528733898
-0.057059,0.001589,0.0654,-1.5291667284398345,0.06794406379929341,-1.5065973099710708
-0.053139,0.011307,0.0654,-1.5932317800935265,0.16186739097495617,-1.6444697282837875
-0.028204,0.008284,0.0654,-1.320312728762551,0.09139618242656855,-1.4887152929771004
-0.027213,0.014581,0.0654,-1.4368535257093757,0.09129915766765273,-1.3419622638821798
-0.035704,0.033361,0.0654,-1.500210368918813,0.11251079638905237,-1.4694403030042364
-0.035881,0.013666,0.0654,-1.6285772373422474,0.30157247326557113,-1.5321929341307614
-0.022759,0.020016,0.0654,-1.487603955122323,0.12242981407736586,-1.5035454153650372
-0.043388,0.0264,0.0654,-1.4392650389986037,0.10547950241689463,-1.3638074077036737
-0.042229,0.003961,0.0654,-1.5210748325615355,0.0802494590538283,-1.4036693160129603
-0.008665,0.016527,0.0654,-1.6697243095224303,0.039336390206309524,-1.6452250086989142
-0.046933,0.012563,0.0654,-1.6072269354534707,0.08387317062560307,-1.4283905629088616
-0.041168,0.018524,0.0654,-1.523874395268391,0.10430901310811524,-1.53247770781194
0.050899,0.012745,0.0654,-1.3485617381573411,0.022307952452735202,-1.2471029324504375
-0.021899,0.035596,0.0654,-1.3429131947143036,0.2260728299754282,-1.3944828070645539
0.015668,0.000153,0.0654,-1.5483115922301218,0.09915657982072523,-1.411449113347153
0.031595,0.001334,0.0654,-1.3798647735330514,0.11537726538573367,-1.5009442042687522
-0.029144,0.042366,0.0654,-1.3247613626569934,0.18443314757986262,-1.5871683930503275
0.050185,0.003495,0.0654,-1.4519877752109451,0.03582805556625557,-1.5823165830223338
-0.024452,0.002149,0.0654,-1.415880359161604,0.12293286636316925,-1.4980612187487254
-0.008165,0.016021,0.0654,-1.4812905852022729,-0.05406547105696702,-1.5188503920749474
0.006833,0.011158,0.0654,-1.489758408204651,-0.05995085051162308,-1.4990036419629764
0.023237,0.011529,0.0654,-1.5851200224180977,-0.09832397499500045,-1.5391905423840515
0.006028,0.026372,0.0654,-1.5794804052003233,0.010826002765302656,-1.5006789659221655
-0.016211,0.002835,0.0654,-1.4454135773698455,0.12365982032677914,-1.4846553535882727
-0.00681,0.033494,0.0654,-1.468637692472115,0.020985759802290893,-1.4885493814817319
-0.003958,0.031524,0.0654,-1.4933756495199109,0.0920954308303541,-1.5189457705651455
-0.057841,0.009394,0.0654,-1.2734101493868852,0.03636444311643827,-1.7144177303435855
-0.007016,0.014149,0.0654,-1.4445287895660304,-0.06902841675422988,-1.531773750643634
-0.014555,0.025265,0.0654,-1.577272499178096,0.08615447280023991,-1.52709058326765
-0.061877,0.011206,0.0654,-1.4742916766289549,0.06653535800286448,-1.5295771584041626
-0.029619,0.014186,0.0654,-1.4252571750382008,0.12226011468669373,-1.3661323069964728
-0.022362,0.03104,0.0654,-1.4681690759631068,0.09620011818970786,-1.4829617199751253
0.006636,0.01529,0.0654,-1.518034970694794,0.08195745849848479,-1.45488336179926
-0.007218,0.005911,0.0654,-1.430559496769646,0.10228897157671657,-1.5040086516096414
