-0.008037,0.003233,0.0654,-1.641407112504892,0.055386747545882464,-1.5584860727937644
-0.037053,0.003032,0.0654,-1.421178013471655,0.22061483016105332,-1.510078462036029
0.009207,0.029415,0.0654,-1.547948729291255,0.10672707457982655,-1.5327774138673593
-0.006676,0.003353,0.0654,-1.5397537837754787,0.029736821935610447,-1.624680812996894
0.059654,0.004439,0.0654,-1.6167656541958584,-0.11821128438531048,-1.5315175762140485
-0.058206,0.005525,0.0654,-1.5190994892643006,0.16141567537056223,-1.5019962820908943
0.018475,0.007204,0.0654,-1.4226964746374107,0.08086192497979905,-1.5825477485188149
-0.019249,0.010443,0.0654,-1.4194746360050907,0.10109174870231219,-1.503380985600489
-0.008106,0.004157,0.0654,-1.551348444301342,0.007077184658215385,-1.494100881772267
-0.036927,0.000982,0.0654,-1.490794977141137,0.13474110355212243,-1.5381845334661552
-0.012985,0.032949,0.0654,-1.4398568120719601,-0.010810671596628518,-1.5126477100891027
-0.040169,0.018145,0.0654,-1.5622861909448797,0.2056910388948825,-1.5189932853110537
0.019412,0.005867,0.0654,-1.5145915544923432,0.09054839438293971,-1.367792643228754
0.001727,0.012053,0.0654,-1.4459722426431385,0.20528288628769453,-1.4349605301567685
0.013663,0.032151,0.0654,-1.3776945737221076,0.04518593995542197,-1.458772160137318
0.024989,0.009421,0.0654,-1.50617249019526,0.08914893376794009,-1.5130029439813106
-0.028505,0.020976,0.0654,-1.358289349051008,0.17496046913122298,-1.3323007272402188
-0.02534,0.001126,0.0654,-1.4013659167210049,0.2406572700298486,-1.4083233244239302
0.03755,0.029057,0.0654,-1.566249794574922,-0.14898231885955804,-1.4233778456040993
-0.060208,0.007772,0.0654,-1.499105308551182,0.24566278966542532,-1.429737880248859
-0.017989,0.03632,0.0654,-1.5811474640502523,0.07938716469158158,-1.4725533777748894
0.017424,0.033924,0.0654,-1.475185243217564,0.027396532759586645,-1.5537105393938841
-0.034087,0.006391,0.0654,-1.605869529409775,0.08555711228279494,-1.6308913997671988
0.014454,0.007823,0.0654,-1.4816458583988312,0.10209699273642991,-1.5681595330494127
0.013923,0.009196,0.0654,-1.3843517711750954,-0.05596387811135051,-1.520120163671943
-0.058294,0.016457,0.0654,-1.4491189363526542,0.28394774966473557,-1.409579994018151
-0.033616,0.032572,0.0654,-1.509119900584566,0.08963510940469033,-1.5004000320248105
-0.060626,0.00306,0.0654,-1.45012166613541,0.27529301236455006,-1.6659488145333212
-0.032707,0.010908,0.0654,-1.3926715858308876,0.09521023459775302,-1.4017135599310717
-0.038046,0.026396,0.0654,-1.4432580978926115,0.23155376983840825,-1.5875365279137534
-0.019384,0.033764,0.0654,-1.4363501872407887,0.09297317365051971,-1.5226032816160835
-0.065345,0.008502,0.0654,-1.4025506813735038,0.01997915798201433,-1.490419630485167
-0.027184,0.018699,0.0654,-1.4266066909573998,0.06937018210982226,-1.4032309550399422
-0.009541,0.014881,0.0654,-1.5318512844268097,-0.01805033229265085,-1.3471189501012963
-0.01633,0.011475,0.0654,-1.4414682666733687,0.04640104403409073,-1.4785193688730465
-0.050782,0.023975,0.0654,-1.4693003996435565,0.1407280377447384,-1.4155734410098346
0.008715,0.031162,0.0654,-1.4276076139914222,0.029213022467927452,-1.471050000304461
0.009075,0.022867,0.0654,-1.5193720200067315,0.07194077078756012,-1.6853316402245837
0.036508,0.014051,0.0654,-1.289551631729719,0.1441907848873989,-1.5954214528615533
-0.054581,0.004719,0.0654,-1.498264113361701,0.11675158254966322,-1.4166804249839426
-0.021959,0.014073,0.0654,-1.4716969412807506,0.22150091902686975,-1.3637628595788391
-0.020208,0.004172,0.0654,-1.4954137418521345,0.10100752147852199,-1.562093611412236
0.024298,0.044688,0.0654,-1.4330787397144393,-0.03364223562276747,-1.6659493985759348
0.019158,0.005478,0.0654,-1.5738688970054344,0.12201905788923573,-1.6212672912453734
-0.029633,0.035143,0.0654,-1.5721222595245716,0.03105392854370992,-1.372645163286955
-0.019521,0.001198,0.0654,-1.366710157113801,0.2288153749270072,-1.4149624351697165
0.000158,0.023896,0.0654,-1.4141330743965677,0.12885832271677056,-1.4325384112207218
-0.034741,0.017022,0.0654,-1.3040346124579998,0.3143089962314405,-1.393127563994765
-0.014257,0.036268,0.0654,-1.5012199134387458,0.0331986697681701,-1.4710491362047124
-0.035281,0.013949,0.0654,-1.6244725812855914,0.012265523799002365,-1.475798473216698
-0.039996,0.015213,0.0654,-1.5497675634496655,0.21963145321661104,-1.4338484863364052
-0.027477,0.039126,0.0654,-1.4629613391946565,0.14772128697082354,-1.4688508710813
-0.011321,0.044343,0.0654,-1.384640101103657,0.10536483141682207,-1.435684292150743
-0.063336,0.01408,0.0654,-1.614915844902649,0.10902113287088544,-1.4107577811530425
0.018077,0.017491,0.0654,-1.475923750773503,0.008577623222084663,-1.510194579170309
-0.036328,0.033941,0.0654,-1.4226759209843773,0.16159698507884213,-1.3527052654256517
-0.024839,0.018617,0.0654,-1.471561998323405,-0.005327579981338149,-1.3832627372588497
0.07588,0.000764,0.0654,-1.490122736346998,0.23304043679033426,-1.390320520990135
-0.013944,0.004532,0.0654,-1.67661181494667,0.0625409434699511,-1.5543352878939878
-0.042293,0.00563,0.0654,-1.345664488374771,-0.01665856829032153,-1.618355951159101
-0.029564,0.031174,0.0654,-1.3899968645580143,0.1139363131420077,-1.3344800017322909
-0.015702,0.008166,0.0654,-1.4977236557705118,0.2454905971513941,-1.5009026108199368
-0.004738,0.005102,0.0654,-1.6272914619543832,0.013003685511993046,-1.2955167785284607
-0.021495,0.024855,0.0654,-1.4646346293806933,0.02890868922304235,-1.4585682657665753
-0.017024,0.012396,0.0654,-1.49461465218103,0.1145927866127836,-1.5059104594220758
-0.038582,0.015664,0.0654,-1.56354304161484,0.04845391062514337,-1.4572683698674518
-0.030068,0.003313,0.0654,-1.409381870983018,0.2714268471959391,-1.456298308766668
0.014887,0.019272,0.0654,-1.4416586400769014,0.15865586580341495,-1.4961420505510596
-0.00518,0.043603,0.0654,-1.435130493493902,0.13610543300737388,-1.611586349464069
-0.009589,0.026534,0.0654,-1.4560657640452384,0.027106683339577886,-1.4318233105321687
-0.061746,0.007831,0.0654,-1.5266975094121908,0.08460471118437862,-1.3681325694887239
0.04596,0.015266,0.0654,-1.4374171679735894,-0.0074133044233042344,-1.5451211630578026
-0.030064,0.009475,0.0654,-1.7584487427465532,0.05363934497147982,-1.373232380948031
-0.028276,0.020906,0.0654,-1.3247877875978904,0.08705872605539189,-1.536297765398017
-0.011121,0.017612,0.0654,-1.4945618670923217,0.044012044423188845,-1.6239089735343815
-0.053861,0.010468,0.0654,-1.4489059102638089,0.061330539240788795,-1.452361213915998
0.020903,0.016698,0.0654,-1.6171163406834481,-0.02600789823461147,-1.5665482147298875
0.007008,0.028854,0.0654,-1.5677530379858426,-0.14050802484458536,-1.444281947431957
-0.028491,0.012057,0.0654,-1.542888462915163,0.10899726492533612,-1.5108266953123166
0.008176,0.028883,0.0654,-1.5420627698690184,0.10955202042055667,-1.5146912423823224
0.004454,0.019646,0.0654,-1.4584015103886208,0.07095658790511417,-1.5162694178798266
-0.015675,0.01694,0.0654,-1.3686715079625296,0.082573441836993,-1.4703975728941407
-0.000837,0.027434,0.0654,-1.4064431561669775,-0.028165532059944764,-1.4081669587489625
0.017701,0.025707,0.0654,-1.517457976742549,0.037157122425956146,-1.4667458685750265
-0.066281,0.005523,0.0654,-1.3786829970806493,0.07428172434469893,-1.4695831270060864
-0.009291,0.023623,0.0654,-1.4590572973520812,0.0005513820111737733,-1.418063626694983
-0.065793,0.00978,0.0654,-1.3717363766577344,0.18367645997789195,-1.5124922782644161
-0.00189,0.019722,0.0654,-1.4814248741948624,0.014485241288824557,-1.36741017542395
-0.059039,0.005422,0.0654,-1.464792391540716,0.10499026108806486,-1.392852633642674
-0.030285,0.010483,0.0654,-1.5119558505016344,0.019683875230362524,-1.540308489836003
-0.052723,0.0141,0.0654,-1.3677526881168527,0.04604697179816286,-1.426052535369149
-0.013705,0.017673,0.0654,-1.2869434291632924,0.051290545162838486,-1.5766189785707314
-0.030007,0.006338,0.0654,-1.4971688993226573,0.14711117968103093,-1.5340177270000341
-0.034807,0.025629,0.0654,-1.5242615641794193,-0.0087825936191126,-1.5068159497208573
-0.020632,0.026738,0.0654,-1.3672055769512346,0.1095065964706301,-1.2745274608475805
-0.005908,0.019986,0.0654,-1.588443876429149,0.0735454612607438,-1.374996510869591
-0.052151,0.003456,0.0654,-1.695911516563874,0.08392491703574745,-1.6392616315680204
-0.034167,0.023447,0.0654,-1.4776118548759363,0.0889898946774732,-1.3655623369774321
-0.050827,0.015578,0.0654,-1.4433598143407487,0.12497127792260576,-1.436823583766341
-0.040359,0.001238,0.0654,-1.5228132547635775,0.0918312568916082,-1.575751703692896
-0.002375,0.026684,0.0654,-1.5428515650178825,0.040245266876270724,-1.4504199392515842
-0.024073,0.00282,0.0654,-1.502147221531006,0.1222597642943748,-1.4548964856606177
-0.034467,0.02776,0.0654,-1.3764048054419677,0.16463927261492572,-1.4911496499314727
0.026467,0.001226,0.0654,-1.3809673647900322,0.1428915759228626,-1.3610187871117194
-0.031758,0.005942,0.0654,-1.4956268297543094,0.029259371790094857,-1.3952253720604486
-0.027817,0.034386,0.0654,-1.531870452218765,0.11361730469483677,-1.4647507659583356
-0.020155,0.015563,0.0654,-1.4948424198443524,0.056819740328156065,-1.5992994771814644
0.004973,0.002985,0.0654,-1.6312536187346889,-0.048567109293562005,-1.3184831579290461
-0.018689,0.049975,0.0654,-1.4138726285833005,0.0429109868116091,-1.3900320938025517
-0.011121,0.031259,0.0654,-1.4618564668365528,0.0361826121254063,-1.4178675289711347
-0.029159,0.027805,0.0654,-1.712275277626981,0.049165844503265,-1.3295490846952351
-0.060608,0.003449,0.0654,-1.5430759714316051,0.06234581416164353,-1.4412637626723386
0.024291,0.005866,0.0654,-1.500925776596921,-0.15119075461528997,-1.5197385941762154
-0.035712,0.024233,0.0654,-1.3279734792114644,0.10588812661912739,-1.4363040124540942
-0.07179,0.004726,0.0654,-1.4710833400653156,0.10161852438897645,-1.5306072413961669
0.014068,0.007898,0.0654,-1.3416095865622037,0.023591945470933462,-1.5417486732546728
-0.034382,0.025072,0.0654,-1.44443392742601,0.17077263613355464,-1.5739812990377937
-0.034002,0.001078,0.0654,-1.4098902240030171,0.08065189511367388,-1.5614446733013891
-0.03093,0.020516,0.0654,-1.545377762244179,0.15041180763729556,-1.539540418898705
-0.012866,0.008536,0.0654,-1.479329645696482,0.038934902149014405,-1.4748181184792812
-0.007868,0.037471,0.0654,-1.3166850149895948,0.014901056778336086,-1.3066786849788343
-0.030963,0.033263,0.0654,-1.3162726774076665,-0.009436113552256709,-1.4603657966997587
-0.021922,0.040712,0.0654,-1.3762676801771214,0.13655791816321527,-1.3787612895381898
-0.021286,0.003432,0.0654,-1.5067245519530899,0.09339190435752487,-1.5881387884809168
-0.015571,0.024803,0.0654,-1.5067733469794478,0.03662698926095964,-1.444874370899545
0.019875,0.005192,0.0654,-1.6576964498803497,-0.04896844129500155,-1.4814613180828369
0.038519,0.010452,0.0654,-1.5239099698424456,0.04200744584212801,-1.5729075221183118
-0.007053,0.006999,0.0654,-1.5542243021961877,0.045857795224993,-1.508002653408984
-0.030818,0.015433,0.0654,-1.4598290249846224,0.09696830100258458,-1.4649935394508733
0.045293,0.00154,0.0654,-1.588081185349878,-0.14214125513544085,-1.5283696390047044
0.032839,0.034151,0.0654,-1.2127477245614315,0.07193668379468354,-1.5796561137673077
0.00805,0.004307,0.0654,-1.348433546526897,0.11328848900179,-1.5893503872045476
0.037256,0.025151,0.0654,-1.4418523373179124,-0.050837827447864914,-1.5648874454458217
-0.024762,0.000778,0.0654,-1.6932757205815143,0.07195995142434941,-1.5493967660223933
-0.013198,0.018605,0.0654,-1.4937606681120066,-0.09275665610172701,-1.4443135145257084
0.0579,0.00041,0.0654,-1.5414058834530562,0.0046023629048292936,-1.3308055112982307
0.016285,0.004718,0.0654,-1.467202545293468,0.14544887402443107,-1.4384347898607959
-0.026196,0.020182,0.0654,-1.5487176759489918,0.08822870125659232,-1.6624550470085628
-0.022369,0.026822,0.0654,-1.461579505636107,0.029703060597046527,-1.5379121374407763
0.048571,0.006496,0.0654,-1.3527482773918715,0.030392990962497368,-1.4215077530890157
0.003338,0.001713,0.0654,-1.4786422675290805,0.19873768148068693,-1.5884067765701804
-0.000559,0.025127,0.0654,-1.5172632311713559,0.14818540707448236,-1.5730271525435893
-0.019822,0.015336,0.0654,-1.426866385191618,0.013663968081284894,-1.3908757588634881
0.011739,0.024593,0.0654,-1.5249005097777786,-0.05267406820956544,-1.5419057524573174
0.050528,0.001169,0.0654,-1.3726803572775328,0.19228148775345422,-1.4647298039171093
-0.027127,0.011326,0.0654,-1.4733072507417517,0.17209450365077106,-1.5470898280053575
0.060074,0.008553,0.0654,-1.3731355680636854,0.08472564866864363,-1.5434268302042662
0.029082,0.001493,0.0654,-1.609058203530598,-0.028778573136340135,-1.4478742730836711
-0.003718,0.021935,0.0654,-1.546142254593804,0.036492195253659876,-1.4783019735862228
0.002832,0.01762,0.0654,-1.336011635660306,0.2291605956649354,-1.4468729310723518
0.055344,0.019418,0.0654,-1.32892790048781,-0.04973337163779967,-1.4855450242732757
-0.034606,0.006745,0.0654,-1.4918779977168588,0.26707692783612735,-1.4549725587265876
-0.018805,0.001798,0.0654,-1.5138653531489144,0.10111202121622243,-1.5293316539518074
-0.033663,0.006329,0.0654,-1.4059818588531452,0.08574132906461673,-1.4957661064974754
-0.01366,0.036688,0.0654,-1.374895662318395,0.05488060582306775,-1.358909597401703
0.010989,0.010283,0.0654,-1.4380082302575672,0.14263389160918827,-1.4492778319851367
-0.003869,0.004617,0.0654,-1.438970696332594,0.089728519260313,-1.4174313824344642
-0.009476,0.024918,0.0654,-1.3833525220513436,0.1864224013507012,-1.4218501696894157
-0.029588,0.035937,0.0654,-1.4485161937205875,0.1240938140433383,-1.3364949395028805
-0.014269,0.000398,0.0654,-1.5580228076049798,0.11002776729353259,-1.5224565517546313
-0.053303,0.021377,0.0654,-1.452445401559673,0.19716894126436757,-1.4370829379474683
-0.021357,0.020835,0.0654,-1.5941766894131577,-0.04021111596575122,-1.4568885308218904
0.029342,4.7e-05,0.0654,-1.452506509980069,0.15928077798968143,-1.5092111652399676
-0.027592,0.030151,0.0654,-1.5619112210319746,0.05101190248508769,-1.567311277987234
-0.018704,0.027094,0.0654,-1.2814384216284282,0.02678460365921942,-1.4452423126700589
0.01034,0.007591,0.0654,-1.5810563538761,0.07880166802484401,-1.4397318962412773
-0.018146,0.022456,0.0654,-1.4833913176452558,0.027449479229112228,-1.4319814509064157
-0.007607,0.032194,0.0654,-1.5554493951269783,0.11632639759879071,-1.5273096038534102
-0.02397,0.028532,0.0654,-1.4928518040035847,0.07904106657546794,-1.3996403824203916
0.009382,0.002549,0.0654,-1.4015615884584023,0.18842691437396297,-1.4666381199035943
-0.045233,0.021621,0.0654,-1.4652234526324277,0.1487688657353754,-1.3978036799999367
-0.064022,0.008969,0.0654,-1.463195510497017,0.24442548099000194,-1.4608239922174662
-0.016531,0.033995,0.0654,-1.5283874762351906,-0.0012192321233315262,-1.634371433066923
0.001019,0.032068,0.0654,-1.5071690590049018,0.0883887663202858,-1.4597818272815846
-0.011704,0.00499,0.0654,-1.5380690440386242,0.15519522048919,-1.4312083308595254
-0.024322,0.017765,0.0654,-1.6154402567891706,-0.006461836676171062,-1.535399915231789
0.040144,0.004258,0.0654,-1.6075357935239782,-0.008656170923510231,-1.4258958365345527
0.075299,0.000365,0.0654,-1.408035805451787,0.13683544084753052,-1.5731172085359935
0.014578,0.033072,0.0654,-1.479787759206498,-0.01958037675652924,-1.5264278330486023
-0.055595,0.007392,0.0654,-1.6687555987188607,0.153467550254069,-1.4190402537016433
-0.010204,0.038865,0.0654,-1.3787318523723875,0.09740444179338814,-1.4778102092369703
-0.025759,0.039653,0.0654,-1.4948319310220992,0.15064364083705195,-1.5675423417562044
0.031647,0.000757,0.0654,-1.4019968898801938,0.12419514823054167,-1.5983434427026106
-0.007044,0.032873,0.0654,-1.375176484715559,0.18162135966610138,-1.506195294011951
-0.03765,0.0073,0.0654,-1.5864653809050722,0.057216442640381615,-1.3566153879106249
0.005184,0.033192,0.0654,-1.582682101770734,-0.02344574194912874,-1.4393754029167296
-0.031936,0.023367,0.0654,-1.4393687170582163,0.2520760505426267,-1.526600976098749
-0.029091,0.030603,0.0654,-1.5882900506897162,0.11622298090233874,-1.445778817477271
0.007901,0.012179,0.0654,-1.4977192230719851,0.14098363204885733,-1.4847836909364882
-0.01231,0.027882,0.0654,-1.6379366312148536,0.05177555628934072,-1.551012574225585
0.028197,0.00063,0.0654,-1.3929696950165522,0.06631918559601746,-1.503229969741376
-0.015515,0.041127,0.0654,-1.4939795380149419,0.15248057499868217,-1.4752269777592282
-0.019012,0.042112,0.0654,-1.4680194218141416,0.030751025174381885,-1.4762720756438243
-0.035912,0.021856,0.0654,-1.5672599330043118,0.05066961976287154,-1.434998604312608
-0.047125,0.015195,0.0654,-1.4310872282647287,-0.0062120086001429264,-1.3304903055040296
-0.019458,0.018393,0.0654,-1.5292756428119199,-0.017222621430445173,-1.514612692346652
0.00019,0.013849,0.0654,-1.546891481533761,0.10512650792716416,-1.5731042481049191
-0.034987,0.038794,0.0654,-1.5770716222428047,0.1624151138896519,-1.6006450576690705
-0.018361,0.03501,0.0654,-1.3967774475615078,0.22846426892330363,-1.397075864313322
-0.004961,0.025658,0.0654,-1.4880229608195064,0.16680156313281724,-1.4571521361764714
0.066621,0.004938,0.0654,-1.4588421888268865,-0.0021413835310852836,-1.5488811099858906
-0.011674,0.016295,0.0654,-1.4804681258855776,0.12581813400130404,-1.5860002546902268
0.02758,0.023982,0.0654,-1.5257462360919383,0.020237901744508457,-1.5516684785967798
-0.007073,0.008004,0.0654,-1.54138799192771,-0.05064885568816124,-1.4420897130970676
-0.035157,0.003722,0.0654,-1.5726525596578549,0.12267621720995558,-1.4641227511965218
-0.036204,0.016905,0.0654,-1.3571328456098808,0.17556764404434277,-1.4676497044388022
-0.012159,5.8e-05,0.0654,-1.423011988719172,-0.028112121967074355,-1.4823713811940844
-0.063391,0.012564,0.0654,-1.511923772291419,0.0689252632511681,-1.5558555890453811
-0.033334,0.025117,0.0654,-1.5907328473220885,0.006516502228838039,-1.4487239837979884
-0.052387,0.016398,0.0654,-1.5992315125018524,0.08675099923905227,-1.4443793608320044
-0.002116,0.048051,0.0654,-1.3453160299763274,0.12167319058888548,-1.5885528217816407
-0.051545,0.002434,0.0654,-1.5532262204731764,0.13170386674608903,-1.5439144740648008
-0.007878,0.027856,0.0654,-1.4921969373243216,0.0379978441761899,-1.494539748442289
0.046068,0.016358,0.0654,-1.4777118326326961,-0.047787856497821135,-1.5899244964070032
-0.021272,0.050027,0.0654,-1.4183278626750564,0.11827989634120972,-1.3860592307711175
-0.01853,0.024919,0.0654,-1.598646437157659,0.04116325969472956,-1.4173588672241084
0.061788,0.005145,0.0654,-1.5175388489726782,0.012680207552836498,-1.6966854859629772
-0.017852,0.024169,0.0654,-1.4629322375319678,0.09871771841431154,-1.4829823197485927
-0.006912,0.026667,0.0654,-1.4409176262966412,0.07942489183833734,-1.4443348906022504
-0.001513,0.035936,0.0654,-1.4068956764485854,0.1099990922559051,-1.4903829868373173
-0.053681,0.018715,0.0654,-1.6112848163860916,0.12361557278756208,-1.4806973794020992
0.002114,0.025916,0.0654,-1.455730838589014,0.06259394021693332,-1.5211454242477138
-0.024557,0.000541,0.0654,-1.420834482211838,0.15572688672743884,-1.3868823979908862
0.00463,0.013489,0.0654,-1.563688944444811,0.15933615064429274,-1.5225038762261265
0.009691,0.032052,0.0654,-1.5402138822706366,-0.05699487085862387,-1.358695459929651
0.005235,0.002209,0.0654,-1.3525650575191792,0.1286871337852762,-1.426141674362289
-0.044194,0.024309,0.0654,-1.4774816286022059,0.06425381498275806,-1.4659019396147293
-0.016516,0.044136,0.0654,-1.508803436999222,0.1421689654489522,-1.4609879742970635
-0.014863,0.012224,0.0654,-1.603359233298139,-0.011710680327221334,-1.5470058576899763
0.01725,0.033663,0.0654,-1.5154328734146751,0.0743489783930027,-1.6489362657562348
-0.029132,0.005191,0.0654,-1.470663374861366,0.1205881807453335,-1.4503127477738438
0.060695,0.003038,0.0654,-1.476108438489131,0.045401256104596444,-1.5423621176537288
0.072124,0.005579,0.0654,-1.5965730591917335,0.3186292736308982,-1.5495300385656787
0.004476,0.005305,0.0654,-1.459458941389185,0.18303461343211258,-1.5213979328297669
0.029974,0.021867,0.0654,-1.2619393439692597,0.06400404858216024,-1.5534351535178688
-0.047049,0.023462,0.0654,-1.4490758020015666,0.17096318783166176,-1.3307291459181052
-0.053347,0.020709,0.0654,-1.5258195817293345,0.15553017452925122,-1.5539746970194672
0.022532,0.046216,0.0654,-1.3910044536185504,0.034113686311816105,-1.6359174341889366
-0.036615,0.023132,0.0654,-1.531783296512115,0.16158423052533966,-1.5045092272502716
0.046947,0.018918,0.0654,-1.5071242333536672,-0.1193605631125223,-1.4810308572024078
0.065457,0.001406,0.0654,-1.3281135294533088,0.1485619243339742,-1.3404556195885389
-0.022523,0.044587,0.0654,-1.3489192191700723,0.14553552394922709,-1.489230019642666
-0.027004,0.024682,0.0654,-1.530718489851543,0.1011522559987601,-1.5416239340223357
0.022342,0.001567,0.0654,-1.528592549979128,-0.09101126749428667,-1.2467088697516757
0.017677,0.021512,0.0654,-1.4789173546647283,0.16474244218245726,-1.4943367941415222
-0.033179,0.025152,0.0654,-1.509782655262375,0.0594400772767405,-1.577002082119978
-0.02882,0.006462,0.0654,-1.5474320762540998,0.07298891884884928,-1.440224231136552
-0.071816,0.005708,0.0654,-1.5024591190221934,0.03820112105773732,-1.547684347967061
0.028758,0.005479,0.0654,-1.5172074988377398,0.019919236810431284,-1.4996986814880955
0.004167,0.021744,0.0654,-1.4456017125180374,0.15697082392624728,-1.5079789353963569
-0.002143,0.04416,0.0654,-1.5367222158834322,-0.02207878334495872,-1.4857762245229853
-0.024092,0.015964,0.0654,-1.4974639147020041,0.1611642112243703,-1.3868924654923167
-0.035852,0.011501,0.0654,-1.4693926629832614,0.020352939525669633,-1.4505875944258566
-0.036756,0.029735,0.0654,-1.455263459154485,0.19890788863744469,-1.5305627822842296
0.017571,0.049613,0.0654,-1.4522201480205088,-0.11552002600348987,-1.6289906936770127
-0.002359,0.039564,0.0654,-1.362538283351934,0.10341531592378739,-1.372798253636604
-0.016046,0.026638,0.0654,-1.5210248933039232,0.04553694001370201,-1.4208780342696212
-0.032658,0.009383,0.0654,-1.5166487788668048,0.24879012390204358,-1.5710679475245635
-0.022835,0.011162,0.0654,-1.7606382303880128,0.15599927110975864,-1.559659889146888
0.01888,0.005444,0.0654,-1.5034485623860203,0.02664644330296162,-1.3995171281295886
0.014891,0.025416,0.0654,-1.3956012429875861,0.022137167677740655,-1.574087768694459
-0.03358,0.000546,0.0654,-1.4624092859340743,0.05393829745346013,-1.380344005947362
-0.007099,0.003873,0.0654,-1.436721954266537,0.08334227261129512,-1.6181216221101653
-0.063182,0.014148,0.0654,-1.5043934497690776,0.03672196654214854,-1.6385494212608682
-0.007985,0.007219,0.0654,-1.4030961398967072,0.21206282170170576,-1.5519488595182498
-0.021504,0.040351,0.0654,-1.507471769385198,0.03457791295741841,-1.4513478002722422
-0.013381,0.027278,0.0654,-1.584696327074472,0.08097709306931433,-1.4009602223299569
-0.071623,0.004643,0.0654,-1.402801892562582,0.06789894164174792,-1.6321642279357171
-0.037656,0.010181,0.0654,-1.6068602715100926,0.20083954173655783,-1.4443287151627608
0.037744,0.004434,0.0654,-1.404009879367742,0.03827598848230318,-1.6897188990320293
0.009396,0.014479,0.0654,-1.4793457848361011,0.04759473267932024,-1.7189622598694398
0.000655,0.045658,0.0654,-1.4098337171268391,0.05701001683980467,-1.5739836246566101
-0.035956,0.02611,0.0654,-1.578931115185628,0.1815086062002742,-1.4617928690540343
0.03769,0.034234,0.0654,-1.6438803771010184,-0.18629579525865014,-1.4906060452921783
-0.041321,0.005882,0.0654,-1.5627422439193304,0.012769458757056595,-1.5549813341167182
-0.032057,0.027485,0.0654,-1.306235017158673,0.0276612357320265,-1.5067715702251114
0.020845,0.023233,0.0654,-1.368673037937908,0.11185980661404082,-1.4932809731150516
-0.015148,0.033843,0.0654,-1.60315155333123,0.11224268568626217,-1.5285346916848475
-0.008371,0.000764,0.0654,-1.421315533683741,0.20938564198907006,-1.3851006043935483
-0.065597,0.004402,0.0654,-1.4875651454971817,0.06315266591768509,-1.4594415060624966
0.01186,0.011524,0.0654,-1.3869491700082075,0.138292595242685,-1.4002854398310445
0.018895,0.042212,0.0654,-1.4101840970769859,-0.03930916916875593,-1.3958087426997943
-0.002696,0.004634,0.0654,-1.4008479142188575,0.16004663349149983,-1.4590045898999655
0.021626,0.026068,0.0654,-1.5016087194083203,0.0049182847239297445,-1.5028585733151805
0.039008,0.025712,0.0654,-1.3589876481055634,0.036025645505483705,-1.3374189611693614
0.001231,0.014119,0.0654,-1.5836884274460117,0.11859600671014636,-1.6160736660815915
0.003493,0.002345,0.0654,-1.4141993601843286,0.08673983958536469,-1.4809745936802654
-0.056553,0.000824,0.0654,-1.4003639597707758,-0.014357062774364993,-1.5516555670559158
-0.042757,0.009903,0.0654,-1.4882932298308882,0.04594986087014585,-1.5007360861393626
-0.034518,0.029143,0.0654,-1.360352322499965,0.1393107342211577,-1.3176929123808323
-0.022419,0.044451,0.0654,-1.4749244443819096,0.04024840404225527,-1.4305517300129216
0.025088,0.018681,0.0654,-1.358504964514693,0.08386675536247745,-1.4233188964057748
-0.014764,0.014703,0.0654,-1.5533489195594257,0.03964801335722945,-1.5209497593668424
-0.055398,0.010168,0.0654,-1.4550629745305352,0.1364528611525957,-1.3735820400177006
-0.04756,0.009019,0.0654,-1.322229037340871,0.04610731320316197,-1.3216199994270592
-0.052628,0.017479,0.0654,-1.5513430928997534,0.1358531557320699,-1.38011496095213
-0.070528,0.001618,0.0654,-1.6132276962341319,0.05896885117995998,-1.52407690250848
-0.059168,0.003493,0.0654,-1.6347332165544397,0.22771369096593164,-1.3897545769019652
-0.076141,0.002967,0.0654,-1.5327095071939376,0.04731920460610328,-1.485406357437158
-0.002716,0.005231,0.0654,-1.498736237472705,0.18935917701944294,-1.4684662633664733
-0.031934,0.005397,0.0654,-1.5510385206006507,0.08230259382684157,-1.5644455007539713
0.024673,0.001541,0.0654,-1.5702074052134884,0.09699044455059891,-1.406218618085779
-0.074168,0.004598,0.0654,-1.3863632703955475,0.05070199233259198,-1.673313358762421
0.030524,0.016838,0.0654,-1.4431115522658533,0.0038027823528541393,-1.3699449397815915
-0.002059,0.018557,0.0654,-1.3952742004252685,0.03888468136136147,-1.4515095632791615
0.011396,0.017118,0.0654,-1.6665009606574541,0.12452095041495981,-1.7267017932111375
-0.027508,0.032325,0.0654,-1.3633433984590757,0.08354369275252926,-1.473891105168815
-0.001414,0.002024,0.0654,-1.492917972375168,0.033812038146112444,-1.4648856224199351
-0.03536,0.012252,0.0654,-1.4543150079589395,0.19062243848876026,-1.4809437878207878
-0.031077,0.040511,0.0654,-1.3797824658316626,0.17760106014149568,-1.3635202671948952
-0.06384,0.00177,0.0654,-1.5324599040737445,0.19406608505673262,-1.7141719264642994
-0.062279,0.013557,0.0654,-1.5437815347157677,0.10874798744495107,-1.5788113083136646
-0.03241,0.009827,0.0654,-1.7501296347744455,0.14527366943593378,-1.5516248846380134
-0.030813,0.002281,0.0654,-1.6528147827376223,0.016304443524698176,-1.6054826399844726
-0.010563,0.030303,0.0654,-1.4714991658124303,0.1053561527543716,-1.5507404276623091
0.035695,0.002644,0.0654,-1.4328243834343626,-0.00472378365272208,-1.3286003847816723
0.025155,0.030651,0.0654,-1.383212018445363,0.07728764819727041,-1.6049085164545738
0.028234,0.000472,0.0654,-1.4557835845970544,0.11244649613367641,-1.4588176682585543
-0.021688,0.002584,0.0654,-1.4196965872214096,0.10286291146823978,-1.5140354780977114
0.03452,0.013067,0.0654,-1.4722544084064957,-0.007282392847580255,-1.6072770243413796
0.056503,0.007526,0.0654,-1.4314909155952122,0.01344521159947476,-1.5085336286109141
0.012648,0.015407,0.0654,-1.5523427989015586,0.024862679350987404,-1.4757561449056256
-0.011846,0.040281,0.0654,-1.5125337185117895,0.11821039258113086,-1.5924563677462222
-0.064162,0.013531,0.0654,-1.4709767366347544,0.08659317379269016,-1.4434917158616318
-0.069466,0.006042,0.0654,-1.4411471513950322,0.1547400599668709,-1.5198061865631283
-0.022701,0.02486,0.0654,-1.4168628261598646,0.1623465026298101,-1.5101002425408054
-0.035456,0.005273,0.0654,-1.5650241884045646,0.19256179579704424,-1.357761595437252
0.019364,0.016146,0.0654,-1.3246979742918843,0.056347678598022144,-1.5771168247891094
-0.015833,0.019877,0.0654,-1.2805354260900212,0.06773940912543264,-1.5985736051658952
0.029228,0.014099,0.0654,-1.526582464896947,0.0006237287257973012,-1.5139690065600453
-0.030273,0.024027,0.0654,-1.5859723216558475,0.033748316730034755,-1.3486346997972594
-0.039274,0.022023,0.0654,-1.3764989777617909,0.11145227322809892,-1.4610286593930415
-0.037935,0.001238,0.0654,-1.4431470719950312,0.11600442936658406,-1.5912709257307687
0.012375,0.021885,0.0654,-1.5465313855302987,0.02391651265657968,-1.4981455826059815
-0.007742,0.001288,0.0654,-1.5072031462616897,-0.0031704010603677,-1.379384745864017
0.049,0.004808,0.0654,-1.4742579969614757,-0.008075583662577657,-1.4258579907349795
-0.011198,0.029159,0.0654,-1.4094766005167665,0.04587187320636388,-1.5642897518444032
-0.014983,0.00022,0.0654,-1.4720322436996789,0.19557203199042195,-1.484262267382346
-0.003157,0.012396,0.0654,-1.381544772542497,0.18392834959147009,-1.4034130813796564
0.020022,6.7e-05,0.0654,-1.585435878882647,0.1839740018169287,-1.6038549291010764
-0.010036,0.039516,0.0654,-1.3642812362378458,0.1737999728864068,-1.386225019890651
0.020626,0.031663,0.0654,-1.5936980176838875,-0.014122604179251042,-1.5056712596000208
-0.055765,0.018946,0.0654,-1.661977636211793,0.11663970804751167,-1.5284670466672812
-0.032869,0.023272,0.0654,-1.5125014968080222,0.14154051888661945,-1.4556255911618279
-0.022362,0.025269,0.0654,-1.4612546930584782,0.05852579213836551,-1.6799891638338846
0.039474,0.02519,0.0654,-1.4132702373626582,0.008875174639897843,-1.6164555513300582
-0.019867,0.010593,0.0654,-1.5396901387636897,0.1273122157538049,-1.6248851742391803
-0.03729,0.015667,0.0654,-1.393978128182998,0.12348672241876324,-1.516883615992499
-0.006015,0.026132,0.0654,-1.5377594777594474,-0.025680608696636575,-1.4017650440458929
0.002214,0.007589,0.0654,-1.573079998718207,0.023038486418814896,-1.3547039732975181
0.039296,0.017827,0.0654,-1.3960864342104258,-0.020534834061288088,-1.5357109557620872
0.026305,0.002704,0.0654,-1.373014431517125,0.17825618301968738,-1.4536683472642273
-0.001655,0.030695,0.0654,-1.451625713806741,0.09309308945841366,-1.5096015718790423
-0.036347,0.014647,0.0654,-1.5180225075091625,0.1846145447547578,-1.4800635895700673
-0.010736,0.017908,0.0654,-1.4653812502886698,0.08969017662701351,-1.5595700610011909
0.012729,0.001697,0.0654,-1.6420013901582462,0.05539614894702782,-1.401012944356433
0.01125,0.017142,0.0654,-1.4661768121612302,0.06928380065503248,-1.4217472472403165
-0.0173,0.01332,0.0654,-1.4220941683197021,0.17529040206353286,-1.5059164758691759
0.012345,0.001149,0.0654,-1.3667202224297428,0.05243690542117485,-1.655015417701195
-0.028513,0.035848,0.0654,-1.4226479881439769,0.08540330080916037,-1.3801256060243847
-0.033854,0.033607,0.0654,-1.4900136343884525,0.08187531918923652,-1.553817409361546
-0.040929,0.03141,0.0654,-1.5178306322684216,0.09478960829220595,-1.5558485350362599
-0.004148,0.031976,0.0654,-1.3098509848552298,0.07942579814408934,-1.3843577316431475
0.056289,0.003321,0.0654,-1.323127113964733,0.09058017086530334,-1.232872796302291
-0.008027,0.027498,0.0654,-1.590521197635849,0.07879030721508884,-1.7180081691859448
0.054454,0.008086,0.0654,-1.3390898814556493,0.09907422903037699,-1.3949021036869997
-0.035784,0.011194,0.0654,-1.397288993341574,0.22719373312423197,-1.5169102043119214
-0.020354,0.022311,0.0654,-1.5532004468791059,-0.05087746062186049,-1.410128619823861
-0.035169,0.032292,0.0654,-1.4966232868161122,0.146850355010673,-1.4114858889616093
-0.021841,0.006011,0.0654,-1.483622672055139,0.17054132980660808,-1.4166913108598145
-0.044419,0.000557,0.0654,-1.6041141797636391,0.11634042979768933,-1.4519336048465654
-0.044801,0.017893,0.0654,-1.4380902153580224,0.11787816449753508,-1.3578257681762125
0.029159,0.028294,0.0654,-1.3507188238856906,0.021703197909244132,-1.499501366912972
0.017487,3.6e-05,0.0654,-1.5382251968331833,0.013784804582610333,-1.459805807013658
0.06017,0.012655,0.0654,-1.43487286215895,0.01501161468516532,-1.5180469768685783
0.042041,0.028412,0.0654,-1.5533051466285892,-0.10508248347196791,-1.6266601239984482
-0.003953,0.015621,0.0654,-1.5270109766438265,0.006008227952980061,-1.4187579135950195
-0.044912,2.1e-05,0.0654,-1.4865786423080414,0.07719355565855901,-1.4716077944622128
-0.030419,0.036803,0.0654,-1.3416274387045248,0.13427462571792503,-1.2979584152700812
-0.008469,0.011154,0.0654,-1.5317451399197548,0.17137336550932436,-1.4772665244691932
-0.034826,0.012684,0.0654,-1.5172892642859184,0.03506087114084355,-1.6155162078244925
-0.042237,0.026766,0.0654,-1.3958464468180325,0.038561996804359344,-1.6203615668075757
-0.004896,0.002478,0.0654,-1.3988613740290479,0.20471803211764228,-1.4309959522171325
-0.019695,0.008563,0.0654,-1.4768752852295817,0.007995823987428485,-1.3787969237891027
-0.061948,0.002213,0.0654,-1.521191223213516,0.04584226957955351,-1.4866945662292113
0.02489,0.025928,0.0654,-1.58992397348742,0.019666451346975755,-1.5305076380038214
0.016614,0.028121,0.0654,-1.401017122502192,0.004856382854677266,-1.5903128523741523
-0.013529,0.017932,0.0654,-1.407923546706392,0.18736205734910616,-1.5266618056736256
-0.029637,0.02624,0.0654,-1.4957145048474418,0.1322556666661796,-1.4476821921126652
-0.00738,0.018132,0.0654,-1.2617173700555733,0.19982170079054362,-1.510149367117401
0.064666,0.001798,0.0654,-1.2330695590289873,0.012432236013049325,-1.5369541688903898
-0.0332,0.002003,0.0654,-1.5115247807029886,0.1738124595206474,-1.5164423925419979
0.041541,0.015235,0.0654,-1.4821281910287076,0.02812648378985605,-1.4152822499726472
0.019063,0.038139,0.0654,-1.5092457280650924,-0.029819198972976357,-1.5837942861443333
-0.036871,0.024136,0.0654,-1.3951154150910043,0.19033610375093057,-1.4766117767909366
-0.043757,0.006534,0.0654,-1.7044333992969167,0.0022043139903955566,-1.5149226295999583
-0.023733,0.017245,0.0654,-1.3527085102772745,0.08291034171576683,-1.3647820398699693
-0.019314,0.026579,0.0654,-1.4953287588754824,0.021356044779538452,-1.4785293722191035
-0.028434,0.022371,0.0654,-1.5624594485039092,0.08909664733836986,-1.422599087052761
-0.01248,0.022549,0.0654,-1.6368440763147614,0.044633206307026274,-1.62229232804848
-0.011415,0.044745,0.0654,-1.3896404207670987,0.03307171178702539,-1.3773743693131584
-0.069522,0.003674,0.0654,-1.5055591937990715,0.08933790905820138,-1.374700028520959
-0.041365,0.013391,0.0654,-1.5541239088432368,0.24599865049751668,-1.4308658873998288
-0.034845,0.007874,0.0654,-1.6679180634232458,0.16738132914589965,-1.4654228246289058
-0.040009,0.020213,0.0654,-1.497097334716715,0.13601716692458532,-1.5824614492373132
-0.013583,0.010142,0.0654,-1.612725142585324,0.042955027840757776,-1.4875179746286902
-0.069985,0.006903,0.0654,-1.479654578356257,0.10374774419811295,-1.3826326673095775
-0.012382,0.022456,0.0654,-1.2804046749132916,0.2082507521841941,-1.3696839657411857
-0.048539,0.010233,0.0654,-1.5033622036874537,0.18527894314813476,-1.5308443155115454
-0.037663,0.016313,0.0654,-1.7199956476971414,0.17381382906699794,-1.5383543399373514
-0.023749,0.029683,0.0654,-1.504981894231006,0.2178749780956999,-1.4230057861480117
0.030206,0.005081,0.0654,-1.5277038910364094,0.09998102384152485,-1.5262182116180687
-0.053401,0.008065,0.0654,-1.5905037667905393,0.11850995787900787,-1.5354620070618055
-0.013827,0.000906,0.0654,-1.4762362056638445,0.17037087763665104,-1.480775718028973
-0.055404,0.017634,0.0654,-1.358178593178406,0.14390225777458987,-1.4221985008786202
0.012043,0.000112,0.0654,-1.4659744974225544,0.16390446173741635,-1.595732882191198
-0.044336,0.011445,0.0654,-1.442604410875548,0.15813042700475055,-1.4784318332069788
-0.016272,0.010652,0.0654,-1.4840856905858713,0.11559166629409279,-1.405764144953701
-0.045159,0.017604,0.0654,-1.4667740047483377,0.14043586720564827,-1.472738504770405
0.004327,0.034419,0.0654,-1.6194195268294667,0.001023725878717352,-1.5822411672799892
-0.033815,0.024891,0.0654,-1.5868710783575484,0.08508113651562699,-1.444165926141223
-0.007485,0.002608,0.0654,-1.5567770662815859,0.0017313337997171274,-1.4608299744303128
0.001757,0.045959,0.0654,-1.4397830799108569,-0.01835695913147095,-1.3995927763043776
0.015639,0.029148,0.0654,-1.4707265844501598,0.06853773533800078,-1.5244311052506931
-0.06553,0.002831,0.0654,-1.4644212654010524,0.10201822223034474,-1.4501944555592554
0.017372,0.002023,0.0654,-1.3970136712078431,0.1865956901046062,-1.436615419962899
-0.011764,0.020527,0.0654,-1.5280453496004214,-0.0333782954544235,-1.4228724041760843
-0.050217,0.00722,0.0654,-1.5131927176020605,0.1319657325927699,-1.4376917851578506
-0.058039,0.009446,0.0654,-1.5218347279137552,0.04088219253353076,-1.5240192147535143
-0.039263,0.004678,0.0654,-1.5270265930338802,0.12324135804583736,-1.5486714807720843
-0.000525,0.032418,0.0654,-1.3568939113857343,-0.08004646451954178,-1.2164820571476629
0.001202,0.050765,0.0654,-1.3519087643087337,0.06306902565965267,-1.4386794870369581
-0.013058,0.0379,0.0654,-1.4697385662345066,0.14891212015150224,-1.467708789904321
-0.015605,0.035964,0.0654,-1.4990464054135049,0.07767510800260502,-1.596810020719485
-0.02097,0.031587,0.0654,-1.555715042364504,0.12984896312353378,-1.5203288727393272
0.044177,0.016161,0.0654,-1.481678386327612,-0.15936408610827746,-1.468443305089488
0.017747,0.012921,0.0654,-1.4987505735097748,-0.02675068570449035,-1.582471170290144
0.036698,0.010303,0.0654,-1.4346874185291423,0.03583248088992441,-1.5650652625738852
-0.011136,0.03215,0.0654,-1.5508435623043981,0.08581959469502709,-1.4734791707460124
-0.006096,0.026065,0.0654,-1.577161929889038,0.02316257916636455,-1.4423351075828281
-0.04065,0.008137,0.0654,-1.5300014858379485,0.07344570889205393,-1.6235190322915387
-0.011825,0.023179,0.0654,-1.4672400225731004,0.1474073823480988,-1.3958511887103875
-0.045543,0.014792,0.0654,-1.4896729067761487,0.01320704573095588,-1.4874788596797872
-0.009695,0.022472,0.0654,-1.4011823507285492,0.15121669708349872,-1.5270319697356214
0.003779,0.012684,0.0654,-1.490945728322512,0.10009091001449177,-1.521928561190773
0.037321,0.000727,0.0654,-1.4720197297407724,0.024764818834211333,-1.3519207759585798
0.027467,0.007056,0.0654,-1.5311493370696683,0.1486468136636463,-1.6015607588845449
-0.003631,0.002267,0.0654,-1.6558235134661594,-0.11868392630914415,-1.5666105649997522
-0.062042,0.005724,0.0654,-1.3509973466975416,0.15547124229498288,-1.546835254309523
0.031262,0.012282,0.0654,-1.442085585366083,0.04628471226929731,-1.5015665997480832
0.032325,0.014801,0.0654,-1.3956857940744036,0.04408524566655436,-1.4996323378400738
-0.061903,0.015109,0.0654,-1.559398921821973,0.21287190946581402,-1.5596201366028004
-0.013977,0.014762,0.0654,-1.5522720659678235,0.22776483496918676,-1.5578926791998664
-0.056612,0.001691,0.0654,-1.5415829501621068,0.16263190094894653,-1.520115824947782
0.004859,0.039052,0.0654,-1.436559065368734,-0.017025647479829153,-1.6416159417271565
0.00359,0.006429,0.0654,-1.5210291746674256,0.020378274959227616,-1.5333292644365046
-0.030341,0.024621,0.0654,-1.443495862177734,0.015007774793289741,-1.3047070081765564
0.031919,0.003949,0.0654,-1.4008671478178714,0.14901952538627228,-1.4686358377949131
-0.015712,0.025685,0.0654,-1.456083183362188,0.18708528586991302,-1.5885006374804616
-0.035411,0.015869,0.0654,-1.228695755279863,0.183225094328052,-1.6131652293952146
-0.019479,0.014699,0.0654,-1.5675555917032895,0.25451185124003506,-1.637434926813511
-0.007702,0.040733,0.0654,-1.3646930423138712,0.16774330627572853,-1.4215687866829072
0.04074,0.008848,0.0654,-1.4911240034781117,0.03503539376898335,-1.4735408685961717
-0.036352,0.033826,0.0654,-1.384268389930547,0.04353265809969287,-1.4376762585073257
-0.030257,0.038969,0.0654,-1.4051070009229638,0.09107838488929221,-1.5068678824746518
0.006247,0.00991,0.0654,-1.543419109003239,0.012229343091043399,-1.550892418498027
-0.017162,0.024429,0.0654,-1.3486881327081208,0.12303687214380754,-1.5139682868536946
0.008811,0.022562,0.0654,-1.3150053312532954,0.15209826157633,-1.468479631060753
-0.018764,0.020562,0.0654,-1.4401267212047617,0.15338731960860308,-1.4692371953263552
-0.033584,0.011214,0.0654,-1.3915080082445694,0.17099777346192546,-1.3816389880030855
0.000607,0.027428,0.0654,-1.4670310763169065,-0.07241813220647653,-1.2577460253015424
0.038168,0.005652,0.0654,-1.2932081436617604,0.03638337199166486,-1.280275745957995
-0.013051,0.020699,0.0654,-1.6406765809788666,0.09697104827067826,-1.7282214640864204
-0.007696,0.00329,0.0654,-1.6368019610028768,0.25666493899271337,-1.5302683932313346
0.009568,0.006653,0.0654,-1.6816577528787215,0.13840521066250955,-1.5152523212302234
-0.039016,0.032226,0.0654,-1.5061731151496363,0.24775275879228809,-1.4706309376232007
-0.032013,0.000966,0.0654,-1.3505232957703848,0.18768295098160714,-1.3950756652488494
-0.004367,0.004969,0.0654,-1.5173459970510412,0.26007766954873657,-1.4219055949620474
-0.05203,0.000192,0.0654,-1.5451276294752003,0.18215679715338107,-1.5141540742090054
-0.047472,0.009052,0.0654,-1.4496163412778438,-0.005275095355444126,-1.6105497221120295
-0.040352,0.019818,0.0654,-1.3953182160963253,0.10560033998882457,-1.3694152749099877
-0.031468,0.021058,0.0654,-1.4511279219485866,0.20926138387486004,-1.5145571027595868
-0.030196,0.026267,0.0654,-1.5890126088007155,0.19112731865442778,-1.520375295883802
0.067817,0.005054,0.0654,-1.4697013306224296,0.045189282547638765,-1.39278020114532
0.043263,0.016233,0.0654,-1.5273598813479494,-0.08651393493159665,-1.387966409123633
-0.016253,0.000741,0.0654,-1.5543946280111633,-0.03240404145095166,-1.522932243225847
0.01315,0.021028,0.0654,-1.4233932625605399,0.06287187947385897,-1.4215840649732359
-0.008528,0.034014,0.0654,-1.2713955649856872,0.09626880528854564,-1.5187932069528827
-0.034084,0.009923,0.0654,-1.5032242527835835,-0.024255525714995452,-1.42165047918597
-0.057939,0.010076,0.0654,-1.3271306818129678,0.15440161904176808,-1.6431843685680487
-0.020152,0.007995,0.0654,-1.4480276683491409,-0.030496880620864086,-1.4187657209580073
0.027721,0.010373,0.0654,-1.510804928830985,0.0768653903807861,-1.6097254703971535
-0.005535,0.022989,0.0654,-1.4466659354141729,0.005923462239699306,-1.506604684260431
0.02592,0.005726,0.0654,-1.4974783690117992,0.10547223738799971,-1.5129202108990734
-0.060173,0.00208,0.0654,-1.5333328266970145,0.369164299488697,-1.4616179744714972
0.015157,0.032081,0.0654,-1.355770239749536,0.016332092765187767,-1.5849780568238383
-0.044389,0.024926,0.0654,-1.5659229526619762,0.07747614214654197,-1.4382608565698036
-0.013047,0.026061,0.0654,-1.449687927365803,0.033487795443466695,-1.564553081561041
-0.007748,0.001654,0.0654,-1.3860715658144498,0.03333933128664368,-1.4579215904308918
-0.048521,0.007364,0.0654,-1.5884467632517645,0.039153216379988365,-1.4345140066239623
