0.024016,0.013589,0.0654,-1.4644321562870823,-0.07530018983518305,-1.2833618827307385
0.009316,0.01344,0.0654,-1.5051008749614396,0.05266797884864882,-1.4919987129949432
-0.059448,0.013341,0.0654,-1.2992705111775282,0.3615597720252033,-1.2928688857469481
-0.00097,0.024279,0.0654,-1.5219665717303277,0.04418696519878229,-1.550230038112669
0.000984,0.005445,0.0654,-1.6178562895610458,0.16778318728373476,-1.4197079079358863
-0.053068,0.005597,0.0654,-1.5025813176716558,0.08280505925157944,-1.437260414433782
-0.00279,0.023131,0.0654,-1.3774382096994147,-0.06289426530501241,-1.4323608123857168
-0.014714,0.006881,0.0654,-1.588939795698156,0.0948900802410717,-1.5603180521176876
0.013757,0.009073,0.0654,-1.3693616717971273,0.06590877328198141,-1.532147145306557
-0.025227,0.01864,0.0654,-1.4895701237219638,0.12584102117389273,-1.5828261576228786
0.036459,0.004721,0.0654,-1.2636242759619423,0.24120157614732185,-1.157466228761619
-0.006436,0.026629,0.0654,-1.5240334253870653,0.18420394364074943,-1.6224476578499576
0.021333,0.032044,0.0654,-1.558502702497441,-0.07174806235617903,-1.5345486469740541
-0.028265,0.001401,0.0654,-1.5097326432509646,0.1348865817587932,-1.4717455714069916
-0.040604,0.031802,0.0654,-1.5114196812361358,0.16187243506699422,-1.476638990766222
0.004031,0.000445,0.0654,-1.4008323316517115,0.20775641696087543,-1.3967148729499477
-0.025405,0.026135,0.0654,-1.4168549052595543,0.12612462406240366,-1.4694468636230633
0.018166,0.023458,0.0654,-1.4813247361116355,-0.025085934074651428,-1.409584087048513
-0.046486,0.019121,0.0654,-1.4193359984213736,0.1250418098107291,-1.3551995467796336
0.002552,0.0264,0.0654,-1.463661459452963,0.00580096406963726,-1.6074574662603878
0.021527,0.006877,0.0654,-1.3370654422015562,0.172204470562612,-1.4807622339974025
-0.034007,0.005603,0.0654,-1.3889281771698467,-0.03433191418670423,-1.6163975796723595
0.00577,0.009054,0.0654,-1.4789354679151536,0.17727805985652134,-1.5354791361734996
-0.033775,0.039848,0.0654,-1.4079058587385307,0.15757494030511365,-1.4166161311002614
0.069365,0.004812,0.0654,-1.528836024692,-0.10682051717986374,-1.4879751694001822
-0.037228,0.009823,0.0654,-1.570166507191853,0.0479245924623406,-1.4791796543818843
0.02433,0.010773,0.0654,-1.4720090328157025,0.06647069282363072,-1.4981317547567239
-0.043559,0.02407,0.0654,-1.592230299432613,0.04274460010950709,-1.3816393925070376
-0.041185,0.019424,0.0654,-1.3875212867078752,0.13650027347556604,-1.4584180712196921
-0.038669,0.022011,0.0654,-1.4347891185784936,0.008094945397771447,-1.5082583965279026
0.001735,0.002399,0.0654,-1.4076203459936967,0.09240615494117654,-1.5256805246381375
-0.02442,0.003856,0.0654,-1.1849315917671737,0.19319992534250718,-1.5320002960499661
-0.033115,0.015372,0.0654,-1.5850818711341044,0.18049715468541216,-1.5538425329481669
-0.02325,0.008044,0.0654,-1.5527720496657424,0.07163600928104041,-1.515899704660536
-0.003664,0.01215,0.0654,-1.4426703942871484,0.050859972780620044,-1.540965014624181
0.014415,0.021806,0.0654,-1.3136716171705696,0.0904735740248217,-1.500878959317905
-0.040279,0.032962,0.0654,-1.528222480840611,0.13618357244597656,-1.5311656111581249
-0.006703,0.005939,0.0654,-1.3930419287448406,0.03185227470522034,-1.3325107392415714
-0.057534,0.007558,0.0654,-1.5214115885475794,0.14552247615698266,-1.3638586837421625
0.022413,0.03402,0.0654,-1.5147428461214199,-0.012923928498985937,-1.5630241070334745
0.017175,0.01219,0.0654,-1.564962343637822,-0.08031730972852857,-1.5026431092195511
-0.046255,0.007392,0.0654,-1.4730209106981733,0.1230190749227913,-1.3897410126917187
-0.042853,0.023773,0.0654,-1.5581855742318593,0.10650836344838122,-1.5013455026297151
-0.000554,0.011579,0.0654,-1.4277877981188487,0.12935848463121036,-1.579421289078573
-0.011022,0.002319,0.0654,-1.4664234543125256,0.1451722670676181,-1.422049578857074
0.011088,0.035296,0.0654,-1.491506592938116,0.011166362558225895,-1.4501105259336367
-0.006988,0.016806,0.0654,-1.5911701094405368,-0.026246401592421087,-1.4964727558023387
-0.014407,0.001304,0.0654,-1.7122243694148442,0.19399796671531977,-1.4131140487125082
-0.027755,0.014905,0.0654,-1.5211668807239913,0.05313815135656075,-1.3657041727557144
-0.045547,0.014145,0.0654,-1.4986801245103645,0.1476105545267241,-1.4450298980111485
-0.01718,0.009428,0.0654,-1.5003501404614215,0.23218341136777898,-1.5239511998666984
0.021114,0.022265,0.0654,-1.4081418695572832,0.0755727015649168,-1.4968700257214012
0.012913,0.022747,0.0654,-1.4689250137691967,-0.022528532430434067,-1.519769717618274
-0.03569,0.02983,0.0654,-1.444540913848974,0.16908941778946196,-1.4708719096519298
0.007378,0.001626,0.0654,-1.3937085878338502,0.24102952351095075,-1.4971538144408005
-0.021202,0.038111,0.0654,-1.3922060812181685,0.02639369445105344,-1.404855361954159
0.010685,0.012673,0.0654,-1.529118269570358,0.0845817155363997,-1.537015549638645
-0.050928,0.003303,0.0654,-1.3752001221160215,0.18068754910742513,-1.6139679140838785
0.021838,0.024548,0.0654,-1.4169093528843797,0.008666199267332031,-1.4932931501999382
0.009172,0.028878,0.0654,-1.4153140059679155,0.1676555668643731,-1.5364418094692236
-0.02442,0.022335,0.0654,-1.447296290630081,0.1348621046893328,-1.5230347114524567
-0.040845,0.024773,0.0654,-1.4014978973933134,0.1472814958077331,-1.3837942791406979
-0.000971,0.009508,0.0654,-1.3631555526531034,0.21987918225364966,-1.347813139250239
-0.03425,0.018774,0.0654,-1.4259678986387763,-0.021090334595357918,-1.5401324566485928
-0.027025,0.005389,0.0654,-1.6124589376091032,0.29659205318250104,-1.4511285798160467
-0.000541,0.026604,0.0654,-1.5508088763408174,0.1193140590290993,-1.6275321788611266
0.007882,0.02113,0.0654,-1.490808998320173,0.14706337996481933,-1.477147933247414
-0.025414,0.00661,0.0654,-1.5750350660592871,0.05195537484450208,-1.4493143044874406
0.025703,0.001849,0.0654,-1.4362618511935275,0.18481137322483443,-1.5177346919592039
0.024561,0.006585,0.0654,-1.4431984589127231,-0.13785344609443895,-1.4360315783525917
-0.046098,0.007684,0.0654,-1.575418381008681,0.25639494325057655,-1.469554786427858
-0.031714,0.00249,0.0654,-1.3988516863714513,0.019405214375571633,-1.3315673493529039
-0.028771,0.027266,0.0654,-1.4279384686337095,0.08884218231893692,-1.4846489096956754
-0.016637,0.018975,0.0654,-1.314995080097084,0.2200069110401055,-1.2897921135334853
0.003613,0.030006,0.0654,-1.4255868045051407,0.018103918491752857,-1.2304674597950584
-0.043884,0.00135,0.0654,-1.620983795418455,-0.035798710700118974,-1.581597199742069
-0.002323,0.009503,0.0654,-1.544435852615682,0.20420788173109927,-1.6200502985970036
-0.04888,0.00587,0.0654,-1.5461971931726173,-0.02315898876450362,-1.5370812959556712
-0.01372,0.010971,0.0654,-1.4851290161962898,0.13274322901517688,-1.5173020344286698
0.01593,0.001628,0.0654,-1.4969409400324643,0.07593560580880987,-1.3881791913209969
-0.011543,0.013438,0.0654,-1.4299633291433487,0.0004095953971559041,-1.6774815781966725
-0.015844,0.043184,0.0654,-1.320588678673306,0.14391559749031413,-1.424684650325156
0.009448,0.019822,0.0654,-1.4918066626132,0.15024514839673309,-1.5505712743328224
0.02754,0.00174,0.0654,-1.404139059459048,-0.04067656703919664,-1.5304087252304417
0.015608,0.012879,0.0654,-1.6157162403527607,0.052115031175199444,-1.531867293872925
0.036088,0.007541,0.0654,-1.4504481103229432,0.019943604817259875,-1.3036727261661687
-0.026955,0.004961,0.0654,-1.428547540813004,0.02556208942438465,-1.549133019159568
-0.005877,0.014081,0.0654,-1.445522641431672,-0.11878570974201152,-1.5495110109441563
-0.015669,0.008844,0.0654,-1.4769601851270657,1.4393355221686832e-05,-1.545271283773685
0.013521,0.016193,0.0654,-1.6368442699630426,0.06769665143453585,-1.4073487669525198
-0.005209,0.013824,0.0654,-1.495360140498481,0.12834843602864243,-1.5524189425634871
-0.030556,0.005109,0.0654,-1.3780726407971786,0.13687693623394304,-1.4681502226564378
0.024883,0.007625,0.0654,-1.6628868486616843,0.0053141069117352835,-1.505869872487848
0.010313,0.002955,0.0654,-1.4188468664791654,0.11174780164338238,-1.4845204720033356
0.039921,0.001452,0.0654,-1.5339912812416947,-0.004163803896080287,-1.3999128708028064
0.012628,0.016183,0.0654,-1.447478385180679,0.06104464118325992,-1.6107061091658117
-0.017176,0.005709,0.0654,-1.487650559311364,0.20205186493202,-1.4187884676152944
-0.0093,0.034379,0.0654,-1.4410239772641684,0.032734137167960364,-1.500665252466017
-0.040633,0.031332,0.0654,-1.3677441505399688,0.0858352740533792,-1.4794812239647188
-0.026922,0.024865,0.0654,-1.2112156653490647,0.006841804975584287,-1.5346889057762596
-0.014121,0.032327,0.0654,-1.4605560690992219,0.09039322977591979,-1.4503143049228986
-0.046013,0.018875,0.0654,-1.3850374746793055,0.17205642530288578,-1.4196265891380948
0.001079,0.014502,0.0654,-1.447743931013873,0.004390274528963678,-1.5348462691972806
-0.058948,0.008385,0.0654,-1.3957634349635228,0.14713223855778668,-1.2987957419897231
-0.022627,0.028716,0.0654,-1.4993322058705778,-0.037196441113521495,-1.4513410623409737
-0.009069,0.000496,0.0654,-1.4282745362678957,0.04582203268648222,-1.4333321074204919
-0.019255,0.021366,0.0654,-1.492581542832617,0.20221560990847998,-1.3337465470538168
0.025533,0.022643,0.0654,-1.5234137325538428,-0.013582564352951021,-1.4312923848610508
-0.047383,0.017073,0.0654,-1.6266350356996961,0.12098190744587556,-1.520854076435087
-0.033669,0.031953,0.0654,-1.3999507579172012,0.23525701710240243,-1.4260714764979519
-0.073033,0.003529,0.0654,-1.3670571107234797,0.14525064303704927,-1.3984955863303368
-0.033974,0.003608,0.0654,-1.4439529744267843,0.0865289743752049,-1.424642229346341
-0.021937,0.035488,0.0654,-1.3801143106087375,0.06252717772207261,-1.375830783039971
0.000116,0.032336,0.0654,-1.5550164131899589,-0.017096818645430778,-1.587561238336466
0.010382,0.005389,0.0654,-1.4584092396484334,0.042895560005273614,-1.2993165545842298
0.006291,0.019218,0.0654,-1.5434921692836565,0.032538917948668145,-1.4679165562733092
0.000941,0.020102,0.0654,-1.464198703921994,0.115745143566369,-1.4541332844759998
-0.069312,0.008047,0.0654,-1.4835970671518892,0.26281521234615646,-1.307835195503449
0.052928,0.00028,0.0654,-1.2435687253445495,0.14989998972505147,-1.5478610862422935
-0.064269,0.008208,0.0654,-1.3654235714832437,0.1218107105575641,-1.5839889871460167
0.023175,0.01206,0.0654,-1.457382314320532,0.10707732254596825,-1.402187008668316
-0.042102,0.024711,0.0654,-1.4162410625379807,0.14223791163141009,-1.5359153079878347
0.029527,0.012794,0.0654,-1.2888191795301178,-0.03129366600096639,-1.4355792016869298
0.061212,0.009589,0.0654,-1.4736088518588895,0.016118933290424797,-1.6744308094657057
-0.060224,0.007227,0.0654,-1.5824924824086695,-0.0007904501084390336,-1.4560808442323847
0.001944,0.014398,0.0654,-1.5748446777800675,0.08599315066278068,-1.4985158371021556
-0.036915,0.005293,0.0654,-1.3699155683679538,0.055184138872527155,-1.6532837322572143
-0.024158,0.034592,0.0654,-1.4653918217839577,0.12978552879350747,-1.5348717602597755
0.037321,0.000119,0.0654,-1.4818587452077263,0.1035448075530716,-1.442442646389041
0.017061,0.003828,0.0654,-1.3803771616326133,0.003079894078200418,-1.5182236471945219
0.014955,0.007309,0.0654,-1.4873318428462319,-0.029929763587885905,-1.455364148820684
-0.064468,0.000363,0.0654,-1.536967420111014,0.2587101693815035,-1.4293496056303387
-0.04318,0.011859,0.0654,-1.5153852257586435,0.053545410261335524,-1.398904023565411
0.059239,0.000686,0.0654,-1.3786552326172523,0.013109429651481763,-1.4496582478516553
-0.000686,0.013181,0.0654,-1.5573797506207192,0.06690682418755278,-1.4858800261379166
0.037029,0.014058,0.0654,-1.2812657471264508,0.07583510167802276,-1.5147806484046389
0.006212,0.018543,0.0654,-1.5073829651271278,0.12607397654937946,-1.5052437019829148
-0.008112,0.018136,0.0654,-1.3207964572647422,0.25880318159113846,-1.581471276487825
-0.027742,0.001469,0.0654,-1.6937815274361738,0.05640680476000037,-1.385728426090811
0.053055,0.017473,0.0654,-1.4124370207356542,-0.0841921398611134,-1.3978160946596778
-0.002213,0.000191,0.0654,-1.6138539574354416,0.2248600272934036,-1.6110531690454877
-0.055789,0.009256,0.0654,-1.5155994698307445,0.09874104724763333,-1.3493525889742708
-0.007201,0.035854,0.0654,-1.4627692398813832,-0.005821933399041246,-1.3964620469094746
-0.027582,0.005618,0.0654,-1.4606291529564441,0.02841987837052251,-1.5457698894052985
-0.043375,0.012402,0.0654,-1.4375501079997695,0.17625211092166393,-1.4503854330944497
-0.015846,0.008967,0.0654,-1.6321480999862423,0.11649742646116912,-1.4272518836238453
-0.007327,0.024404,0.0654,-1.2507639701283104,0.2024983300301717,-1.3365557241510992
-0.019868,0.014522,0.0654,-1.3817234365874786,0.1273690864354755,-1.4674026158531044
-0.01335,0.024785,0.0654,-1.4707919000812741,0.04279855150416734,-1.4460822441808847
0.004991,0.025857,0.0654,-1.613265013861888,0.15328564266901368,-1.6541355979249013
-0.039558,0.015437,0.0654,-1.6162087082661971,0.028069467666245407,-1.535577144733732
-0.010006,0.019117,0.0654,-1.5000413149717347,-0.05325327197654128,-1.417683526908389
0.005921,0.00327,0.0654,-1.5048093076358948,0.13898920386094926,-1.6117248723102542
-0.026061,0.022036,0.0654,-1.5211139850943736,0.19445646812824258,-1.3996357077832158
-0.061964,0.001793,0.0654,-1.468300294603919,0.32919064543736365,-1.4331747528384942
-0.043381,0.008554,0.0654,-1.361056259725544,0.1400273826700431,-1.5066471929126086
-0.020772,0.046619,0.0654,-1.2495481308422598,0.13475498915410844,-1.5412550457462546
0.048028,0.02382,0.0654,-1.3157836824502571,-0.049552065586444094,-1.599256385441681
-0.03664,0.026791,0.0654,-1.388008772254326,0.04302427662067454,-1.3489062010112622
-0.004516,0.010982,0.0654,-1.437054961962277,0.0767369919385108,-1.4912610938123068
-0.003072,0.029856,0.0654,-1.4092126047954483,-0.015669290332006813,-1.5114967281252927
-0.018716,0.004841,0.0654,-1.633797625368663,0.017099135030969936,-1.4312508259916317
0.010313,0.034021,0.0654,-1.424186156917644,-0.02283362015342738,-1.4301815631036847
0.019778,0.00915,0.0654,-1.4481308148283558,0.05030015445244285,-1.5323868396773555
0.002233,0.037832,0.0654,-1.4317260052944887,0.13295221775663668,-1.5523312211436113
-0.01057,0.026797,0.0654,-1.2598955282843098,0.22243641415444437,-1.5564416192292987
-0.010689,0.004317,0.0654,-1.477367691860088,0.13609606964256638,-1.5460630915184395
-0.035663,0.030697,0.0654,-1.4114357286625616,0.048776921394312334,-1.48394433707141
-0.007869,0.03265,0.0654,-1.4454091576335288,0.12467098755608452,-1.4745264871633146
-0.033675,0.033974,0.0654,-1.389690385959928,-0.006883270534275843,-1.4417100357375063
-0.015804,0.035401,0.0654,-1.4606015079440773,0.11377657741090474,-1.5086108208684903
-0.062071,0.005659,0.0654,-1.521914573538066,0.057093558622437035,-1.3639519687285406
-0.044117,0.028142,0.0654,-1.4424895467469423,0.13050132423617722,-1.244842963382695
0.011503,0.022318,0.0654,-1.2527114310231366,0.2042090902150222,-1.530815517659068
-0.027935,0.017565,0.0654,-1.5635532841471151,0.21228012662154483,-1.5891555080350581
0.008873,0.011448,0.0654,-1.5176317554400442,0.11837924500743613,-1.465324741943518
-0.006896,0.028861,0.0654,-1.5921460199940989,0.08656072151407002,-1.6019162043269248
-0.010135,0.020237,0.0654,-1.590961231639007,-0.002581308959169304,-1.3298857012077618
-0.014632,0.00049,0.0654,-1.4903166608063019,0.1168529211094449,-1.5336610757208253
-0.029168,0.033916,0.0654,-1.4912943239067125,0.16776811382733126,-1.614150993441288
0.017596,0.015098,0.0654,-1.383909633791582,0.07628256400689337,-1.3342487404572922
-0.043595,0.012285,0.0654,-1.4419878399837727,0.09340449170669984,-1.5467390007203432
-0.018672,0.019672,0.0654,-1.4290955528801863,0.21187044013917133,-1.343570004303637
0.024095,0.019404,0.0654,-1.4537705028574868,0.17224504736382573,-1.594106698242434
-0.040372,0.020282,0.0654,-1.4174673988575939,0.021650349148439663,-1.4198224609988939
-0.015373,0.019202,0.0654,-1.5119252558170644,0.042255947140464434,-1.4782579300090044
0.006803,0.015369,0.0654,-1.5720809784289056,0.06074608469848308,-1.7238064918002385
-0.028487,0.029861,0.0654,-1.4684320018170058,0.16944809439994235,-1.4539878518718794
-0.049858,0.000778,0.0654,-1.5176980758406933,0.05093932759167474,-1.4658949611235896
-0.001793,0.004223,0.0654,-1.4900884362732305,0.14546597468258105,-1.4462898232431252
-0.066355,0.011928,0.0654,-1.6309580100875694,0.09361850284193696,-1.3627033171230285
-0.027265,0.019722,0.0654,-1.5735793432792347,0.13970278735931219,-1.558919851190414
-0.019627,0.004364,0.0654,-1.4834177992764248,-0.05772355055808198,-1.427306988625378
-0.050346,0.010652,0.0654,-1.3492889109253627,0.29768543812866555,-1.4883705071506865
-0.051656,0.007335,0.0654,-1.4385944203669745,0.03581765120438174,-1.5139210407920456
0.000519,0.005924,0.0654,-1.3335505094137556,0.24822141080727222,-1.439512312336722
0.010437,0.039203,0.0654,-1.4905460277290727,-0.10720131300775404,-1.4756143542782776
-0.016978,0.022489,0.0654,-1.4694582232448703,0.10097888357749052,-1.3871816012954767
-0.020407,0.016362,0.0654,-1.3973977259761048,0.08919821222606217,-1.3955422970156557
0.032312,0.002641,0.0654,-1.4073688542272553,0.1428262419731221,-1.5804501341083415
0.00746,0.009035,0.0654,-1.522150765481053,0.11387422942948522,-1.3561120110168678
-0.038467,0.023679,0.0654,-1.5451533066032876,-0.008666971358695097,-1.5545821419075834
-0.03262,0.031826,0.0654,-1.3104598507242111,0.07282323890512155,-1.574390700472881
0.024116,0.009475,0.0654,-1.4192629357188116,0.09769063453596427,-1.4800455258394214
-0.016444,0.0368,0.0654,-1.3924900201228074,0.19198280171352944,-1.3882969440152826
-0.026223,0.022011,0.0654,-1.4537051228171125,0.20210922789579921,-1.3118136799980498
-0.052888,0.020022,0.0654,-1.3510371274315631,0.1425034675133463,-1.4841923596427378
0.02058,0.020456,0.0654,-1.4924715460865343,0.020801695272915754,-1.6178056819898068
-0.036682,0.006148,0.0654,-1.3976772491868308,0.014867121041969966,-1.3156318519736356
-0.002627,0.00845,0.0654,-1.4062573967170602,-0.0006497908790865647,-1.3858070308225465
-0.035175,0.000592,0.0654,-1.4029865450507824,0.008163157722260284,-1.4763842014620858
0.016303,0.015531,0.0654,-1.5024758446581072,0.13931388376808052,-1.5970448715903263
-0.00826,0.004578,0.0654,-1.3956752800013688,0.27231334091015813,-1.4225022957703186
-0.033855,0.012659,0.0654,-1.4648474613376306,0.11452087413353729,-1.5122887370923455
-0.015111,0.035257,0.0654,-1.4897132379556826,0.07378497125526962,-1.5215365511103247
-0.003022,0.003566,0.0654,-1.419434333445773,-0.012274213407825085,-1.4589005992447421
-0.037256,0.014494,0.0654,-1.436265342659636,-0.02274620019485285,-1.5491895565949847
-0.036471,0.018922,0.0654,-1.469748833927738,0.07037630711707377,-1.4941676859880955
0.036982,0.014152,0.0654,-1.363313627339688,0.02969123950469843,-1.596731736078879
-0.057479,0.004019,0.0654,-1.380380525739142,0.0146200661456235,-1.5945935144321657
-0.012734,0.016101,0.0654,-1.5456481121123118,0.16207030083107665,-1.3294484233549697
-0.032785,0.028557,0.0654,-1.485292552834468,0.16223252413758793,-1.4753869702625282
0.018428,0.027549,0.0654,-1.3529220679064289,0.10039458193736683,-1.4910535875858293
-0.019769,0.01924,0.0654,-1.5386808079866767,-0.09258082074675134,-1.493671918971195
-0.053879,0.00398,0.0654,-1.4986852415915066,0.27219898812467447,-1.5111282035079407
0.001741,0.008596,0.0654,-1.4818341629008955,0.019159928225248146,-1.367936714131802
-0.051503,0.011473,0.0654,-1.2917396663745184,-0.024754532157934328,-1.4448794319813003
-0.052294,0.000307,0.0654,-1.550774089923546,0.119504816546673,-1.7350969984730202
0.035817,0.002038,0.0654,-1.4258192335636877,0.04602377550272041,-1.5342411591027956
0.015929,0.024298,0.0654,-1.5009050042542966,0.06406413430759583,-1.4448096500931233
-0.053838,0.0019,0.0654,-1.521740555736174,0.20137006225251897,-1.6155665293493477
-0.006619,0.00742,0.0654,-1.497551133834731,-0.0018301389111117228,-1.481175206371955
-0.07091,0.004727,0.0654,-1.5870822722130749,0.20009335927702954,-1.335854064400948
-0.045857,0.010089,0.0654,-1.517120228829054,0.08363619376307252,-1.5719061052295475
-0.049217,0.014465,0.0654,-1.5199339181066123,0.07187019895973501,-1.4162795972439073
0.006165,0.025112,0.0654,-1.5335461295255828,-0.07156875608390068,-1.5002006593356902
-0.025673,0.036289,0.0654,-1.5654726033812236,0.1919836200739069,-1.5133222401698252
-0.00642,0.008013,0.0654,-1.5251972571338843,0.05163791889406566,-1.4457803556382134
-0.040148,0.009273,0.0654,-1.449439533794544,0.06420310368969062,-1.5956099575638931
-0.014195,0.032328,0.0654,-1.5694856354615678,0.028267738152090827,-1.4042330619878851
0.004746,0.019911,0.0654,-1.4548024107135613,-0.06376739702810408,-1.3751860727388656
-0.024377,0.031646,0.0654,-1.355478061598613,0.15591755886244085,-1.515183963984891
-0.053743,0.019406,0.0654,-1.636440828640733,0.10200127570574935,-1.3276677540026398
-0.069488,0.009012,0.0654,-1.621765723761402,0.24602556598306213,-1.471188138121524
-0.032288,0.006486,0.0654,-1.6023093939086557,0.053203959038938375,-1.4969576799878659
-0.038869,0.023219,0.0654,-1.2726281669673674,0.14591358191471882,-1.4437042825372737
0.014334,0.002015,0.0654,-1.3990748822452015,0.006297467329594353,-1.4352181572225429
-0.035761,0.014687,0.0654,-1.4641718065333054,-0.04178524156791896,-1.6272917665247049
-0.013178,0.005227,0.0654,-1.5848169843881637,0.02102596985196703,-1.5369727049076702
0.034428,0.004218,0.0654,-1.4889100625806115,0.09611489571660825,-1.6193896741701572
-0.064323,0.008341,0.0654,-1.5391215257999638,0.21342526935425754,-1.4948208786399009
-0.025439,0.037628,0.0654,-1.4023159443692983,0.223740178657599,-1.4280751661964692
-0.01527,0.03051,0.0654,-1.3101794280672607,0.23191154225974886,-1.4608976670202598
-0.046926,0.009195,0.0654,-1.3860764394362195,0.13444732764010747,-1.5662606196666276
-0.041222,0.005625,0.0654,-1.601284996653465,0.09273113836800073,-1.3927469876221148
0.009004,0.005231,0.0654,-1.5575877316575086,0.09742213266711941,-1.5089777238391016
-0.032268,0.009306,0.0654,-1.5869249718808092,0.07600854989218009,-1.3702279862528892
0.071044,0.006972,0.0654,-1.5349985314601793,-0.1290390244864219,-1.6025644745312473
-0.072673,0.004989,0.0654,-1.38191756560304,0.1360423778066282,-1.5454152784776625
-0.031098,0.02815,0.0654,-1.6897515616384111,0.14650982171279203,-1.5760007671891043
-0.016543,0.012218,0.0654,-1.6391367563194192,0.1027981275652805,-1.3928673031501162
0.003498,0.014509,0.0654,-1.526723511423706,0.08784365305709074,-1.4083069500121146
0.006351,0.022435,0.0654,-1.4821870055998032,0.07923153580909048,-1.606779500369966
0.033008,0.005592,0.0654,-1.4937730296733611,0.02362506050748281,-1.545757016345285
0.014132,0.00255,0.0654,-1.4865858594507946,0.1428117914037894,-1.5270292871780649
-0.06735,0.007248,0.0654,-1.6143067698470743,0.2139151058043136,-1.427053222661642
-0.014686,0.009351,0.0654,-1.5925704890176573,0.198303894733993,-1.4682759427917855
-0.04026,0.018696,0.0654,-1.6257191819406618,0.015484324033640418,-1.475265031886982
-0.00515,0.010638,0.0654,-1.5070518804310655,0.19425779721402314,-1.5328948066360568
-0.006659,0.028799,0.0654,-1.5142432401596042,0.16002452168474846,-1.512804681309197
-0.062659,0.01338,0.0654,-1.6114820683751738,0.058104810800894136,-1.2540654031581917
-0.065231,0.008156,0.0654,-1.4972724602395717,0.19879398445351315,-1.4263813803098693
0.01556,0.03369,0.0654,-1.3759889990982532,-0.14820107280260486,-1.4702842159761045
-0.059283,0.000962,0.0654,-1.6198035902000554,-0.02808583462849601,-1.3887095063420147
0.012746,0.022447,0.0654,-1.5622039616292076,0.054427492316499126,-1.479076978631194
-0.030362,0.007147,0.0654,-1.3964998165555105,0.37792665954878957,-1.5976756730222215
-0.003637,0.01492,0.0654,-1.499264243990726,0.27587656277499595,-1.588617313065902
0.006784,0.000626,0.0654,-1.3928600827695499,-0.09221201610687624,-1.3072350564925863
-0.007922,0.018125,0.0654,-1.5750973989066976,-0.054057618085072034,-1.4352974949871564
0.003841,0.020923,0.0654,-1.491398190254088,0.0964854278298608,-1.3648215801541852
-0.017092,0.011671,0.0654,-1.4922866194229603,0.11818322922648261,-1.609390015932951
-0.02777,0.023868,0.0654,-1.475036860263829,0.088913231892503,-1.5931398014927538
-0.047139,0.000873,0.0654,-1.5992711908406538,0.13974139612113734,-1.5461861083956296
-0.010929,0.032989,0.0654,-1.3646503501373417,0.14301217976950942,-1.6302900330700023
-0.021048,0.026786,0.0654,-1.5000682197050954,0.09823085175792845,-1.4435202957960827
-0.039604,0.007933,0.0654,-1.4227722092590298,0.1526245876376353,-1.388832141026802
0.015627,0.009388,0.0654,-1.3206528929317958,0.13365977566464227,-1.421219781503245
-0.006031,0.006115,0.0654,-1.4201562357552209,0.07560664012516183,-1.440486074690856
-0.032869,0.02625,0.0654,-1.4222332304669176,0.1597587430163827,-1.2699297626859867
0.038328,0.000712,0.0654,-1.3681636741167604,0.11891319477030238,-1.3570788028488792
0.013704,0.038225,0.0654,-1.4730351657850393,-0.04445444870702242,-1.452291763933872
-0.058719,0.012366,0.0654,-1.4386165056872635,0.11898523589318333,-1.6225394533386466
-0.051022,0.020064,0.0654,-1.5197783560479146,0.15546265590025143,-1.3954637819063682
-0.050379,0.022136,0.0654,-1.3794618701551362,0.32540865198767577,-1.4154016738734958
0.02423,0.000721,0.0654,-1.5289992388072096,0.07990350493696918,-1.5674381848611043
-0.002635,0.019747,0.0654,-1.5874026942512245,0.05586428648989328,-1.4870642661437101
-0.025466,0.01002,0.0654,-1.501517888270176,0.15697431944553486,-1.4947844522482838
-0.057042,0.019875,0.0654,-1.4575502944318004,0.16760077886853542,-1.5215303193799856
-0.017332,0.030882,0.0654,-1.4719992778060695,0.03409171817371792,-1.434189552841646
0.033019,0.014848,0.0654,-1.5172847814137942,0.03446882215820901,-1.4955953984170356
0.008411,0.034728,0.0654,-1.5089623824261154,-0.10939204938739522,-1.4988597557412353
-0.009566,0.021557,0.0654,-1.4856945885757713,0.012621639857085087,-1.6368444370027115
-0.026445,0.008292,0.0654,-1.541360180432196,0.15242147635231507,-1.596766200685839
-0.073055,0.003272,0.0654,-1.4565214581125556,0.1344545289021164,-1.3841958757174078
-0.052854,0.019571,0.0654,-1.450953708930367,0.13464078891776432,-1.4384536085741106
0.002289,0.024373,0.0654,-1.3973105529786836,0.09952839437804917,-1.3168038921123832
-0.000297,0.020212,0.0654,-1.3468199366945677,0.12024129695649455,-1.4838904570867877
0.041558,0.012799,0.0654,-1.4345204135956664,0.10605447174590488,-1.6231872628134576
-0.042415,0.032486,0.0654,-1.4704197639811614,0.08655336681945136,-1.3962721812916206
-0.033762,0.011366,0.0654,-1.3523564467418279,0.18795502021523425,-1.5284969712487928
-0.060603,0.006263,0.0654,-1.510320770966373,0.18082329880861958,-1.5463062037066322
0.012819,0.008624,0.0654,-1.393691366109067,-0.004726530002302276,-1.4976414667178737
-0.030299,0.032562,0.0654,-1.5202205388167631,0.24046395450155078,-1.6765037274116854
0.031536,0.018735,0.0654,-1.4494486033574427,-0.14565136792024957,-1.4898675023329577
-0.022054,0.02473,0.0654,-1.5466388795794368,0.05473565595580143,-1.5824723630840982
0.02812,0.020525,0.0654,-1.501070120449782,0.04708134048257273,-1.5015452631924728
-0.002336,0.037368,0.0654,-1.4342027229422376,0.0965701460855446,-1.4314506966909377
-0.033227,0.018706,0.0654,-1.4630979388476215,0.03463500462056257,-1.5118032797370249
-0.064434,0.007805,0.0654,-1.518746283400876,0.0732174822984013,-1.5213192557567636
-0.025898,0.00232,0.0654,-1.1724186541267057,-0.018977592786681985,-1.5274114449420608
0.014802,0.023155,0.0654,-1.5241902562632554,0.02620197503813193,-1.4098774355219508
0.021037,0.032893,0.0654,-1.5187502086635591,-0.038319258377204735,-1.5135640675510893
-0.009093,0.000414,0.0654,-1.6319367212339597,0.08916225554100321,-1.5671913296987316
-0.004008,0.016825,0.0654,-1.5408968287113056,0.1481118765753271,-1.6147272335494027
-0.060472,0.016045,0.0654,-1.4217509907637003,0.03459847534885063,-1.4768184237037192
-0.055767,0.014222,0.0654,-1.3853497646606854,0.1974336133653325,-1.5133968711935772
-0.044792,0.016824,0.0654,-1.5657586380305533,0.2282239080175954,-1.4560532704691662
-0.008181,0.003231,0.0654,-1.5227420432036034,0.07515550951372063,-1.5376801403347347
-0.010919,0.033569,0.0654,-1.4858560767425315,0.15647243032470315,-1.4372020628249744
-0.027451,0.0001,0.0654,-1.4059980402442998,0.11501485851155224,-1.3704895344589099
-0.034805,0.022138,0.0654,-1.4375919132738688,-0.06354656808415293,-1.4519601162323912
-0.009202,0.030448,0.0654,-1.5117049575367831,0.040424658548903425,-1.5304420933319725
-0.023654,0.005499,0.0654,-1.3919227676944004,0.10356573231203448,-1.4771887096928527
-0.046251,0.004066,0.0654,-1.435578715577088,0.06411675170787001,-1.4837417279597507
-0.069921,0.007458,0.0654,-1.4111360367046715,0.1710136595982399,-1.4370259849428852
0.017444,0.013008,0.0654,-1.3857356277361617,0.1829551708516739,-1.6685983634194101
0.038832,0.003377,0.0654,-1.4222068183647043,-0.09698508172784348,-1.583249937546149
0.01315,0.026039,0.0654,-1.5776809631132782,0.09829844345743499,-1.6726375661145587
0.005402,0.004469,0.0654,-1.525231002713597,0.14799290672257803,-1.3640982292894652
0.009009,0.028484,0.0654,-1.5079430465161572,0.11997796698982688,-1.5611856065743013
0.017503,0.022961,0.0654,-1.5607138829554263,0.058692585309327194,-1.6110713924009252
-0.039444,0.00012,0.0654,-1.3889868234700231,0.18979691349907157,-1.4857763965797208
0.006641,0.038167,0.0654,-1.3586574185837723,0.01902677586538748,-1.494686525865233
-0.03441,0.004886,0.0654,-1.4815226957397412,0.07484980044213585,-1.4280691263075802
-0.044208,0.017387,0.0654,-1.398053906522599,0.22186562062323034,-1.4503037999230939
-0.064631,0.007599,0.0654,-1.4048906789854698,0.06445154639241402,-1.5467230841358186
-0.034371,0.034726,0.0654,-1.5152743571452385,0.07718355878676642,-1.528329488535436
-0.042188,0.016157,0.0654,-1.4431985939718133,0.07034577637829043,-1.4476567449367965
-0.001996,0.00972,0.0654,-1.5515393890659055,0.1182044976758283,-1.4739122802918345
0.064745,0.01233,0.0654,-1.4415228407082834,-0.11973814704168229,-1.545893441832441
-0.06364,0.0008,0.0654,-1.507590717561729,0.23840117659515636,-1.477013198648534
-0.06148,0.011433,0.0654,-1.2900050153806064,0.08319251448151088,-1.254572821791085
-0.015888,0.029014,0.0654,-1.5065197716975998,0.10388655491348775,-1.407718541202708
-0.032938,0.017152,0.0654,-1.443455947365333,0.051642937036969094,-1.4896792519912827
-0.006856,0.021535,0.0654,-1.5685652961820842,0.10568546539577506,-1.5901165676713163
-0.033916,0.012386,0.0654,-1.5821190801506697,0.04905744053766248,-1.4422662433294557
-0.05188,0.009226,0.0654,-1.4643338537048916,0.12541815625207264,-1.60656432983545
-0.033798,0.012675,0.0654,-1.486507978404212,0.011263583562362234,-1.3750028014813798
-0.032259,0.012305,0.0654,-1.6036301605918628,0.11852819136903414,-1.258102443170844
-0.000318,0.019832,0.0654,-1.4922083485654125,0.06112735876260267,-1.4398587933594262
-0.006006,0.009529,0.0654,-1.5124109723674108,0.05846245312166021,-1.6044622061260017
-0.06534,0.008532,0.0654,-1.4355597210479243,0.18386744884084916,-1.5099819363111213
-0.016071,0.020992,0.0654,-1.4170502734569943,0.08778576119598891,-1.6238783778365642
-0.023459,0.00955,0.0654,-1.337652728279144,0.1258041385320432,-1.5525708472264277
0.014723,0.021945,0.0654,-1.409245039039528,-0.00991709543544772,-1.5355520113791015
-0.061181,0.006212,0.0654,-1.457447916003026,0.18957894128797892,-1.308624477133297
-0.048423,0.00179,0.0654,-1.4752571744604472,0.08712817504677695,-1.5446931040923455
-0.058513,0.009683,0.0654,-1.4594185099553776,0.02564409323945549,-1.535506590073017
-0.027665,0.012171,0.0654,-1.4687474075558336,0.05612895575430543,-1.490594431622046
-0.032013,0.01353,0.0654,-1.6032988111763962,0.2113211076745909,-1.5436308554934346
-0.014052,0.003314,0.0654,-1.5393779447652858,0.11017714495253816,-1.4645058150569512
-0.033072,0.013797,0.0654,-1.4376202171222165,0.010801526646287085,-1.6349399754116583
-0.040852,0.032131,0.0654,-1.4108709281185423,0.18991288853379262,-1.3422146548002596
0.002013,0.00564,0.0654,-1.4718397336283235,0.16090372460415914,-1.463473371993379
-0.012359,0.027515,0.0654,-1.3217643853247212,0.11845201397552874,-1.6015026637926741
-0.018677,0.023845,0.0654,-1.4419018493000741,0.19409413966936517,-1.4216554808322734
0.0287,0.001553,0.0654,-1.4499966216209623,0.07375666489571353,-1.4077870458280946
0.00424,0.021538,0.0654,-1.437740384426774,0.0622223066060823,-1.4385540349852943
0.005371,0.017631,0.0654,-1.512143293639558,0.055508832122938,-1.390608662299529
-0.043581,0.026871,0.0654,-1.407338557286289,0.20302281903502073,-1.4643102324643917
0.009519,0.026348,0.0654,-1.4371064405561718,0.15013852126221927,-1.4982372164306152
-0.072611,0.005125,0.0654,-1.481499494186347,0.08548781785704396,-1.489372745444644
-0.019866,0.028652,0.0654,-1.6211308316559216,0.07037507837975099,-1.4331170471590768
-0.02416,0.019544,0.0654,-1.4126514175187939,0.1397741367779708,-1.40439358017012
-0.013702,0.000313,0.0654,-1.5123006641888577,0.2784114508401181,-1.5934256315942699
0.007669,0.014062,0.0654,-1.3885220049038614,0.050299378488126045,-1.407554806210491
0.002091,0.012357,0.0654,-1.5189140997778348,0.056299170158771616,-1.4325094959857658
-0.053437,0.012235,0.0654,-1.5022387187335846,0.23273644496161294,-1.5924357470759027
-0.032828,0.030848,0.0654,-1.5196965776640685,0.13595033437336457,-1.5134410754025103
-0.058859,5.7e-05,0.0654,-1.6138159557140959,-0.003416960326392715,-1.4449560629413234
-0.031314,0.034062,0.0654,-1.4142807205638763,0.0858193325568275,-1.4473398995931486
0.003569,0.002316,0.0654,-1.6155239812741862,0.08416218809691811,-1.4194575673846423
0.010788,0.014454,0.0654,-1.3924692279804467,0.10820304386846624,-1.456132683277393
-0.018349,0.022977,0.0654,-1.4384511907563342,0.12460540230439632,-1.4584623710862576
-0.021113,0.029381,0.0654,-1.4675558485354319,0.14141850822329083,-1.4811677156804879
0.002581,0.019971,0.0654,-1.5480336663910659,-0.03597218931304891,-1.4476201703430545
-0.033923,0.002783,0.0654,-1.507662710695529,-0.080635463157535,-1.395771706093231
-0.006172,0.018113,0.0654,-1.4425790867050075,0.13130303712341096,-1.3693589304106508
0.020308,0.017042,0.0654,-1.5454823737789856,0.07184355683049737,-1.478257303470131
0.028457,0.042391,0.0654,-1.3690706088667768,-0.07661412769354836,-1.5584657358364886
-0.022002,0.006329,0.0654,-1.5854193687725782,0.14279282830230255,-1.3623276581339565
-0.041974,0.025524,0.0654,-1.362446126358434,0.22879866508754132,-1.4220388800660269
-0.027736,0.009989,0.0654,-1.545385852665198,-0.010514274693171233,-1.4185658212043133
-0.021545,0.031291,0.0654,-1.33375036515558,0.0746225654731989,-1.4717244033120471
-0.008557,0.030797,0.0654,-1.5026461534792803,0.00012177323688833397,-1.4813813168709231
-0.054993,0.002456,0.0654,-1.4307366882010657,0.1404966572826618,-1.5411494688509475
-0.012247,0.00179,0.0654,-1.3576037592132846,0.19833205758682304,-1.3297426668055043
-0.028089,0.008574,0.0654,-1.586463898835738,0.010881930770699544,-1.4977313499215168
-0.028062,0.02151,0.0654,-1.5454183258155763,0.08430114367987573,-1.3731652686080107
-0.00835,0.011536,0.0654,-1.5143852524889796,0.12445175568195643,-1.576236935078994
-0.024008,0.025573,0.0654,-1.581814436126287,0.14502807046304622,-1.4112513144949923
-0.031184,0.024862,0.0654,-1.4520656678513497,0.04848178936740477,-1.4813941034351916
-0.026272,0.022341,0.0654,-1.4987009560468467,0.15331110191209096,-1.533140506560166
0.03282,0.000467,0.0654,-1.4373662090395665,0.10624340874482607,-1.5810932181543609
0.004965,0.037665,0.0654,-1.307384719599672,0.156414620300245,-1.5331307883782943
0.010688,0.036064,0.0654,-1.4687419302865599,-0.04212142325922574,-1.4193188038878373
-0.006286,0.016831,0.0654,-1.5544429110077458,0.0040181017201681435,-1.4528224600267805
-0.03255,0.023563,0.0654,-1.576673075721652,0.007765569773730663,-1.4353330643019242
0.05855,0.006459,0.0654,-1.4563491132790571,0.037912805909465996,-1.5872602508233662
-0.012686,0.005578,0.0654,-1.4389982842970956,0.1422143510099385,-1.4722123847184003
0.034819,0.003546,0.0654,-1.5830838198754609,0.0612896696150107,-1.5686457532126592
-0.043472,0.003506,0.0654,-1.371867302171401,0.1563815498929726,-1.3795557042524251
-0.059611,0.004213,0.0654,-1.5736742765389955,0.014042198782059812,-1.4112197370674846
-0.022109,0.017771,0.0654,-1.5813712810549911,0.1808645370130142,-1.289511564082732
-0.015067,0.025298,0.0654,-1.4602116326860577,0.013489070515670942,-1.3817359218207874
-0.028229,0.028414,0.0654,-1.5646839268686463,0.20621910310852565,-1.5310979953139627
-0.035327,0.023718,0.0654,-1.4645995486899903,0.10430444125112381,-1.464124819934218
-0.042505,0.032799,0.0654,-1.5270425017610505,0.20401078077455637,-1.3616460172187868
-0.014016,0.019672,0.0654,-1.5612497872549356,0.1983750332264751,-1.4161010749528953
-0.006104,0.017896,0.0654,-1.5366864926565278,0.11808437588014109,-1.4810192160208444
-0.062413,0.000178,0.0654,-1.495954611052106,-0.045780747081316964,-1.494734893805451
-0.025378,0.007756,0.0654,-1.3989067003878066,0.0663542360355549,-1.5145668704571549
0.013631,0.033351,0.0654,-1.3756548402309368,0.10312767611412332,-1.506683041672568
-0.035676,0.003326,0.0654,-1.4990005198989274,0.12488617169374039,-1.3906128491037442
-0.005427,0.012449,0.0654,-1.4318771979671463,0.14768229571904645,-1.4935845393511884
-0.04957,0.025256,0.0654,-1.461328976442342,0.0831587853243616,-1.338630325566727
-0.037437,0.020643,0.0654,-1.504515131921885,0.15908926461827289,-1.4586257135414489
-0.025124,0.0375,0.0654,-1.460642805938081,-0.00879797626642298,-1.484046071763779
-0.047005,0.004238,0.0654,-1.5358991933319546,0.2688507036052543,-1.6598050946555176
-0.008119,0.007007,0.0654,-1.5301433915084321,0.258602106427829,-1.5137224732776873
0.034217,0.02836,0.0654,-1.443789077112958,-0.015357541100796679,-1.6038095397737506
-0.031648,0.017111,0.0654,-1.4910946948999813,0.06216281359753073,-1.4170055927335992
-0.022919,0.008909,0.0654,-1.587820403838012,0.2639144368767181,-1.4594141172896808
-0.03749,0.014783,0.0654,-1.429882917010765,0.2165820816608941,-1.6219984275235635
0.014532,0.008273,0.0654,-1.6746223197982517,-0.07253123721956634,-1.3761125786872626
0.007871,0.012417,0.0654,-1.4306836113240031,0.06213535541737958,-1.4352265253196792
-0.043417,0.016176,0.0654,-1.4867765463671425,0.20145223600611528,-1.5039862686183618
-0.000229,6.7e-05,0.0654,-1.4967086295525702,0.10056317353850353,-1.4977342745846967
-0.064651,0.000503,0.0654,-1.3254898384416969,0.056222912200367015,-1.3785233635024432
-0.019468,0.019094,0.0654,-1.4151910382112174,0.17189025887061793,-1.5111023777387773
-0.016063,0.018805,0.0654,-1.5149256850974315,0.04473500250271667,-1.3852567030223353
-0.057264,0.015041,0.0654,-1.4588411406055168,0.137413240937575,-1.425187145618749
-0.017117,0.001684,0.0654,-1.458078559491103,0.04236082786505069,-1.4708001603911036
-0.054397,0.012042,0.0654,-1.5546094309515248,0.09887113070352771,-1.5980460915318357
-0.030855,0.001919,0.0654,-1.582241260146174,0.15285635404905373,-1.5653099329572677
-0.02694,0.02779,0.0654,-1.490091778289617,0.14827493898402655,-1.3836613026918076
-0.02006,0.028777,0.0654,-1.451560849144229,0.09133324848548918,-1.4633711322048397
-0.032146,0.012786,0.0654,-1.5534398669333869,0.18367714167292992,-1.4270498470850357
-0.030674,0.006733,0.0654,-1.6038099935733112,0.16251492519606225,-1.419728261018091
-0.036202,0.001945,0.0654,-1.5540502457905416,0.10802288549015793,-1.3408813282106615
-0.010315,0.018483,0.0654,-1.5237122329678163,0.07294757451545886,-1.3478291763131287
-0.016278,0.018236,0.0654,-1.4838980568032267,0.11027168315332614,-1.4439908615236945
0.019623,0.032805,0.0654,-1.4240637350344327,-0.001810853817095781,-1.3533497867180997
-0.033837,0.014887,0.0654,-1.4045522290915566,0.06881961345617316,-1.5276354880167609
-0.026427,0.028246,0.0654,-1.3895225524707078,0.09727502869359972,-1.5168474065006223
0.007537,0.02278,0.0654,-1.374441568647704,0.09442969053738448,-1.3285470023708223
-0.01736,0.025741,0.0654,-1.4991205044874125,0.15858791267009598,-1.5416457342730867
-0.004753,0.026926,0.0654,-1.4948139474245563,0.03665714922025498,-1.438369084016627
-0.044922,0.022092,0.0654,-1.422972360613205,0.2266832978869573,-1.4647944408917173
-0.018257,0.034109,0.0654,-1.4614584597099562,0.27070069460417323,-1.5932843472337028
-0.048606,0.020622,0.0654,-1.4911694432667022,0.16598169960181042,-1.5125577398094778
0.003436,0.018312,0.0654,-1.5068658298079534,0.06894596403560294,-1.42918691061657
-0.024881,0.011044,0.0654,-1.4924318100514595,0.2651642286568938,-1.4662575173183987
-0.003789,0.027338,0.0654,-1.4670570583772582,-0.03451872704757886,-1.416409907816597
-0.029408,0.015752,0.0654,-1.57502097382427,0.06965919501382545,-1.405624142382795
-0.021664,0.004702,0.0654,-1.3885157794078207,0.13556209846898404,-1.411803184654027
-0.036729,0.010465,0.0654,-1.5107187661634578,0.14306588173897894,-1.3345731741490257
0.0419,0.004077,0.0654,-1.4584637598699408,0.016199703787551867,-1.3887438336909512
0.036172,0.003197,0.0654,-1.361702151887936,0.13683462956191672,-1.4496703533722808
-0.030847,0.028516,0.0654,-1.4831671006084846,0.03796452722892418,-1.509900481908187
-0.008455,0.034411,0.0654,-1.3765855712084083,0.1896364048598307,-1.4523962680411762
-0.024802,0.03446,0.0654,-1.482254631585936,0.03085890575207495,-1.5965459966845756
0.025007,0.014861,0.0654,-1.4329773935066061,-0.02327538880695501,-1.4643517906069456
-0.021308,0.026059,0.0654,-1.489290460130543,0.20298001402673838,-1.4119810985612398
-0.008471,0.026346,0.0654,-1.5617314126135537,0.07069519522946055,-1.4877649600965506
-0.021237,0.027682,0.0654,-1.5309349027886756,-0.061274795432803675,-1.3824355930728485
0.038947,0.010816,0.0654,-1.4738774088393811,0.09998472628199306,-1.5869419061001075
-0.067259,0.007764,0.0654,-1.5404915187769932,0.252869015885846,-1.5781638811415484
-0.011837,0.002639,0.0654,-1.8400484289675356,0.045964288779386075,-1.6463870683679664
-0.027283,0.014278,0.0654,-1.5328003298981012,0.06769449970612995,-1.349213741888359
0.00418,0.017889,0.0654,-1.6321770974184222,0.05451372164940471,-1.5295303221760548
-0.009089,0.01326,0.0654,-1.5570375456254757,0.2007089359565184,-1.5518020416723977
-0.039416,0.004629,0.0654,-1.3919927152603462,0.1186868559462777,-1.5358846592447657
-0.036269,0.002959,0.0654,-1.516042248593866,0.15363406566440352,-1.4335758168019541
-0.025755,0.028282,0.0654,-1.5696910040321796,0.05749910218707033,-1.5083922043963036
-0.04783,0.010959,0.0654,-1.6395145891045704,0.24864917860585622,-1.683838580714306
-0.045347,0.00302,0.0654,-1.4672313378910737,0.1615461916983576,-1.3407622784617903
0.033542,0.010392,0.0654,-1.4301782324766255,0.08660346763058802,-1.3304279139930821
-0.022822,0.016043,0.0654,-1.4699958296352016,0.12289674641559101,-1.3696273407230466
-0.020903,0.019587,0.0654,-1.5486041146321377,0.13730879623025127,-1.4672027193845327
