0.098087,0.038502,0.0
-0.006792,0.063001,0.0
0.0239,0.055086,0.0
-0.010742,0.092939,0.0
0.085511,0.106544,0.0
0.022574,0.075344,0.0
0.109407,0.1022,0.0
-0.001393,0.068262,0.0
0.01718,0.079501,0.0
0.103198,0.086757,0.0
-0.019707,0.05067,0.0
0.097322,0.06555,0.0
0.123606,0.029998,0.0
0.105038,0.025865,0.0
-0.010272,0.087888,0.0
0.109689,0.092296,0.0
0.09552,0.076536,0.0
0.080973,0.023301,0.0
0.024973,0.075334,0.0
0.034398,0.066731,0.0
0.072509,0.11561,0.0
0.123404,0.065362,0.0
0.105699,0.094267,0.0
0.089682,0.092498,0.0
-0.000872,0.095488,0.0
0.108506,0.086554,0.0
0.006427,0.053046,0.0
0.090059,0.056031,0.0
0.085323,0.059745,0.0
0.081365,0.023246,0.0
0.106787,0.104701,0.0
0.077047,0.024799,0.0
0.003187,0.048152,0.0
0.073913,0.079075,0.0
0.088801,0.108254,0.0
0.099049,0.121773,0.0
-0.014812,0.091703,0.0
0.029849,0.097131,0.0
0.117493,0.107662,0.0
0.066943,0.035777,0.0
0.113211,0.02727,0.0
0.006408,0.090154,0.0
-0.016393,0.062522,0.0
0.080086,0.04071,0.0
0.023448,0.046163,0.0
0.085871,0.059424,0.0
0.115405,0.122666,0.0
0.103516,0.115357,0.0
0.011597,0.055217,0.0
0.093276,0.033657,0.0
0.128628,0.111428,0.0
0.119775,0.047203,0.0
0.081888,0.076247,0.0
0.005815,0.050594,0.0
0.08289,0.060338,0.0
0.089558,0.07188,0.0
0.093187,0.091233,0.0
-0.020327,0.062015,0.0
0.017878,0.083717,0.0
0.122183,0.099276,0.0
-0.02494,0.091672,0.0
0.122368,0.093404,0.0
0.0783,0.027383,0.0
-0.005862,0.08209,0.0
0.113211,0.07662,0.0
0.073703,0.08131,0.0
-0.000515,0.047093,0.0
-0.02567,0.077396,0.0
0.12882,0.059527,0.0
0.107954,0.066759,0.0
0.118883,0.081212,0.0
0.076695,0.038669,0.0
0.109283,0.111987,0.0
0.109955,0.028884,0.0
-0.011138,0.073117,0.0
0.103432,0.085339,0.0
0.095874,0.090846,0.0
0.066961,0.10394,0.0
0.119878,0.033217,0.0
0.087242,0.059473,0.0
0.095867,0.050908,0.0
0.11689,0.050028,0.0
0.007929,0.091553,0.0
0.070384,0.048496,0.0
0.076706,0.065107,0.0
-0.012457,0.094021,0.0
0.009732,0.091367,0.0
-0.030886,0.07473,0.0
0.121932,0.111945,0.0
0.069146,0.07741,0.0
0.005129,0.09768,0.0
0.000594,0.072154,0.0
0.074935,0.034406,0.0
0.125072,0.053351,0.0
0.0838,0.058797,0.0
0.015926,0.056863,0.0
0.08137,0.039688,0.0
0.029062,0.081192,0.0
0.089538,0.110136,0.0
0.108678,0.025085,0.0
0.113798,0.050161,0.0
0.068829,0.040392,0.0
0.079476,0.05071,0.0
0.096759,0.063415,0.0
-0.00367,0.073518,0.0
0.083958,0.110191,0.0
0.078874,0.046609,0.0
3e-05,0.042296,0.0
0.093203,0.021888,0.0
0.035704,0.074177,0.0
0.060035,0.027801,0.0
0.112273,0.074577,0.0
0.124815,0.071533,0.0
0.080092,0.063301,0.0
0.014733,0.088932,0.0
0.085539,0.029225,0.0
0.106184,0.082152,0.0
0.103507,0.102455,0.0
0.088855,0.07538,0.0
0.114298,0.049515,0.0
0.110971,0.072571,0.0
0.092927,0.084687,0.0
0.123225,0.110871,0.0
0.112282,0.02883,0.0
0.104562,0.032229,0.0
0.096195,0.09961,0.0
0.128579,0.042243,0.0
0.077653,0.084496,0.0
0.107845,0.075955,0.0
0.088018,0.049893,0.0
0.106169,0.027685,0.0
0.0327,0.088865,0.0
0.015627,0.050528,0.0
0.107269,0.065051,0.0
0.11471,0.09981,0.0
-0.018862,0.056291,0.0
0.107714,0.041624,0.0
0.074169,0.096664,0.0
0.078712,0.095095,0.0
0.101403,0.04782,0.0
0.105158,0.073174,0.0
-0.022273,0.069394,0.0
0.116769,0.032231,0.0
-0.012579,0.062612,0.0
-0.004756,0.085779,0.0
0.071399,0.0483,0.0
-0.011942,0.077347,0.0
-0.016579,0.07393,0.0
0.112678,0.097988,0.0
0.118447,0.056153,0.0
0.081311,0.069283,0.0
0.024884,0.098503,0.0
0.021013,0.095272,0.0
0.075666,0.062282,0.0
0.075143,0.03878,0.0
0.077427,0.073267,0.0
0.128918,0.066927,0.0
0.079179,0.104123,0.0
0.114677,0.060067,0.0
0.089885,0.050105,0.0
0.029643,0.09748,0.0
-0.01782,0.086282,0.0
0.119244,0.089114,0.0
0.005361,0.077091,0.0
0.129244,0.098389,0.0
0.07613,0.04853,0.0
0.032417,0.080326,0.0
0.059378,0.032066,0.0
0.092423,0.100571,0.0
0.123248,0.061174,0.0
0.092004,0.093788,0.0
-0.009429,0.080767,0.0
-0.021975,0.079643,0.0
0.02024,0.098612,0.0
0.09171,0.041756,0.0
0.114104,0.093692,0.0
0.087337,0.108071,0.0
0.067922,0.030345,0.0
-0.014065,0.054395,0.0
0.115492,0.037803,0.0
0.068636,0.026733,0.0
0.097129,0.109651,0.0
0.015497,0.07602,0.0
0.109041,0.028434,0.0
0.087073,0.034806,0.0
0.016854,0.090954,0.0
0.075927,0.093444,0.0
0.117608,0.066823,0.0
0.075082,0.03439,0.0
0.086352,0.03839,0.0
0.069287,0.088749,0.0
0.070869,0.064136,0.0
0.101564,0.108815,0.0
0.073957,0.062551,0.0
-0.018503,0.057097,0.0
0.101377,0.120271,0.0
-0.007055,0.082194,0.0
0.114231,0.093005,0.0
0.082291,0.118722,0.0
0.099742,0.032963,0.0
0.033399,0.087858,0.0
0.034578,0.077981,0.0
0.074032,0.023125,0.0
-0.033481,0.078482,0.0
0.109129,0.082411,0.0
0.072418,0.079708,0.0
0.114309,0.051302,0.0
0.116547,0.091051,0.0
0.013066,0.053984,0.0
0.082758,0.053854,0.0
0.115228,0.051259,0.0
0.126642,0.111033,0.0
-0.006829,0.067973,0.0
-0.009382,0.056073,0.0
0.115751,0.062707,0.0
-0.01378,0.089696,0.0
0.027835,0.090756,0.0
0.085714,0.10589,0.0
0.114889,0.114263,0.0
0.0026,0.057658,0.0
0.023392,0.093698,0.0
0.08818,0.117713,0.0
0.025924,0.091214,0.0
0.079442,0.04417,0.0
-0.033015,0.086226,0.0
-0.020658,0.055863,0.0
-0.00494,0.074199,0.0
0.004611,0.066517,0.0
0.082696,0.047772,0.0
0.096847,0.112892,0.0
-0.000555,0.059678,0.0
0.120144,0.108433,0.0
0.081811,0.101773,0.0
-0.014734,0.070814,0.0
0.118478,0.058106,0.0
0.110127,0.046509,0.0
-0.016146,0.085341,0.0
0.111513,0.08204,0.0
0.092459,0.043895,0.0
0.083247,0.102193,0.0
0.00866,0.095949,0.0
0.129919,0.051247,0.0
0.098293,0.075669,0.0
0.019093,0.079851,0.0
0.107708,0.089539,0.0
0.088849,0.037927,0.0
0.067791,0.086257,0.0
0.004932,0.059577,0.0
0.002286,0.043411,0.0
0.09473,0.046636,0.0
0.109009,0.056186,0.0
-0.003457,0.080478,0.0
-0.020769,0.09198,0.0
0.10951,0.032828,0.0
0.093012,0.038589,0.0
-0.012908,0.044259,0.0
0.023655,0.091885,0.0
0.127877,0.036594,0.0
0.128139,0.107371,0.0
0.069083,0.113143,0.0
-0.030068,0.086441,0.0
0.020448,0.068192,0.0
0.084992,0.038529,0.0
0.078211,0.07709,0.0
0.018653,0.07078,0.0
0.112131,0.124879,0.0
-0.003196,0.066037,0.0
0.106426,0.045242,0.0
0.098724,0.026374,0.0
0.122492,0.117132,0.0
0.104281,0.085405,0.0
0.107053,0.065823,0.0
0.081555,0.108676,0.0
0.123067,0.047085,0.0
0.114004,0.106949,0.0
0.007713,0.07367,0.0
0.12785,0.081989,0.0
0.066418,0.029012,0.0
0.118467,0.022198,0.0
0.101975,0.034216,0.0
0.079783,0.099335,0.0
0.095448,0.083699,0.0
0.017164,0.067818,0.0
0.002699,0.061094,0.0
0.101399,0.071912,0.0
-0.014139,0.092982,0.0
0.013095,0.045402,0.0
0.082939,0.071087,0.0
0.119446,0.039774,0.0
0.120858,0.073122,0.0
0.031201,0.055794,0.0
-0.008811,0.062108,0.0
0.095203,0.036668,0.0
-0.00245,0.04337,0.0
0.119306,0.075152,0.0
-0.003537,0.086245,0.0
0.103855,0.096021,0.0
0.065093,0.103157,0.0
0.094521,0.077551,0.0
0.006679,0.043089,0.0
0.030265,0.084809,0.0
0.018203,0.056443,0.0
0.08898,0.047775,0.0
0.129414,0.080957,0.0
-0.02172,0.092745,0.0
0.036775,0.058681,0.0
-0.015118,0.064225,0.0
0.120808,0.039547,0.0
0.128169,0.025325,0.0
0.0901,0.042269,0.0
-0.002582,0.049029,0.0
0.098672,0.076585,0.0
0.074711,0.099932,0.0
0.027137,0.085638,0.0
0.114395,0.12177,0.0
0.094523,0.086025,0.0
0.094262,0.021818,0.0
0.057192,0.024948,0.0
0.079987,0.054477,0.0
0.100802,0.073053,0.0
-0.003988,0.053366,0.0
0.129734,0.056016,0.0
-0.005112,0.046443,0.0
-0.01066,0.059715,0.0
0.088797,0.031201,0.0
0.114031,0.093711,0.0
0.129942,0.115412,0.0
0.085588,0.079913,0.0
0.099623,0.03249,0.0
0.085529,0.058404,0.0
0.012905,0.048004,0.0
0.091228,0.062659,0.0
0.110433,0.103231,0.0
0.011444,0.064585,0.0
0.023626,0.060341,0.0
0.100712,0.022422,0.0
-0.004135,0.099873,0.0
0.038371,0.07058,0.0
-0.027423,0.062513,0.0
-0.004261,0.048576,0.0
0.09687,0.071065,0.0
0.070249,0.087445,0.0
0.105387,0.026596,0.0
-0.013101,0.058008,0.0
0.101914,0.085695,0.0
0.117181,0.023814,0.0
0.128435,0.07414,0.0
0.117178,0.10774,0.0
0.124268,0.107044,0.0
0.027531,0.093491,0.0
0.095988,0.10985,0.0
0.115211,0.07736,0.0
0.110501,0.049502,0.0
-0.020287,0.078113,0.0
0.092377,0.050163,0.0
0.126153,0.072495,0.0
0.126689,0.033021,0.0
0.000279,0.068496,0.0
0.025611,0.095889,0.0
0.078896,0.024454,0.0
0.065058,0.035924,0.0
0.019798,0.048922,0.0
0.020466,0.062481,0.0
0.129035,0.112427,0.0
0.118567,0.097534,0.0
0.010328,0.083697,0.0
0.100975,0.043961,0.0
0.004464,0.080673,0.0
0.119997,0.037032,0.0
0.069548,0.040495,0.0
0.069366,0.107678,0.0
0.018573,0.058576,0.0
0.016783,0.089448,0.0
0.114585,0.093837,0.0
0.076353,0.040806,0.0
0.096138,0.095239,0.0
-8.7e-05,0.10065,0.0
0.126233,0.101728,0.0
0.082276,0.04336,0.0
0.12732,0.029689,0.0
0.015755,0.081436,0.0
0.070869,0.058049,0.0
-0.01462,0.049294,0.0
-0.026394,0.083097,0.0
0.115375,0.061392,0.0
-0.012671,0.064309,0.0
0.016624,0.069039,0.0
0.103238,0.081795,0.0
0.104281,0.074456,0.0
0.02596,0.089906,0.0
0.104175,0.062945,0.0
0.011691,0.038839,0.0
0.028867,0.056204,0.0
0.087747,0.075254,0.0
0.035491,0.055221,0.0
0.016811,0.042556,0.0
0.12439,0.097974,0.0
0.128711,0.063073,0.0
-0.028201,0.067489,0.0
0.079235,0.032406,0.0
0.070982,0.06521,0.0
0.099484,0.035906,0.0
0.039684,0.079263,0.0
0.099481,0.022187,0.0
-0.004795,0.080813,0.0
0.07342,0.099607,0.0
0.111198,0.052621,0.0
0.089771,0.059294,0.0
0.127729,0.100515,0.0
0.028517,0.067002,0.0
-0.003426,0.071203,0.0
0.030084,0.045534,0.0
0.033477,0.076383,0.0
-0.006955,0.072696,0.0
0.087592,0.101029,0.0
0.121191,0.061056,0.0
-0.020148,0.092578,0.0
-0.005913,0.074435,0.0
0.127435,0.042693,0.0
0.103301,0.069949,0.0
0.129551,0.050634,0.0
0.109374,0.095602,0.0
0.082868,0.111367,0.0
-0.024752,0.094785,0.0
0.085061,0.035594,0.0
0.067751,0.044649,0.0
0.014794,0.098735,0.0
0.077294,0.039925,0.0
-0.002929,0.049892,0.0
0.076919,0.114287,0.0
0.078984,0.095393,0.0
0.099145,0.112079,0.0
0.125351,0.112662,0.0
0.021622,0.06008,0.0
0.121698,0.126657,0.0
-0.01121,0.047968,0.0
0.119901,0.02923,0.0
0.006355,0.057528,0.0
0.086279,0.096565,0.0
-0.012815,0.063038,0.0
0.072264,0.02769,0.0
-0.032235,0.082392,0.0
0.081197,0.038127,0.0
0.088486,0.064933,0.0
0.079661,0.044864,0.0
0.1187,0.123334,0.0
0.006843,0.101604,0.0
0.033102,0.05643,0.0
0.122775,0.108392,0.0
0.128902,0.055695,0.0
0.117796,0.032639,0.0
-0.007812,0.061057,0.0
0.123546,0.06056,0.0
0.027276,0.081646,0.0
0.108345,0.076024,0.0
0.075983,0.048828,0.0
-0.009428,0.070986,0.0
0.110771,0.091796,0.0
0.107512,0.113236,0.0
0.078382,0.031761,0.0
0.123925,0.084675,0.0
0.075926,0.064622,0.0
0.102262,0.024884,0.0
0.02035,0.068966,0.0
0.090366,0.046372,0.0
0.106751,0.088628,0.0
0.106663,0.057458,0.0
-0.004449,0.061887,0.0
0.005956,0.046032,0.0
0.096564,0.119684,0.0
0.116362,0.032663,0.0
-0.008676,0.076107,0.0
0.087625,0.041104,0.0
0.090645,0.115324,0.0
-0.021,0.078971,0.0
0.123427,0.126448,0.0
0.058636,0.0262,0.0
0.021739,0.057421,0.0
0.079879,0.065803,0.0
0.115135,0.099012,0.0
0.111812,0.101805,0.0
-0.02641,0.075024,0.0
-0.007885,0.04677,0.0
0.006744,0.08217,0.0
0.107487,0.100287,0.0
0.073718,0.085815,0.0
0.001617,0.06591,0.0
0.010222,0.047773,0.0
-0.028002,0.084373,0.0
0.127346,0.065523,0.0
0.125936,0.025488,0.0
0.089989,0.064876,0.0
0.023988,0.045314,0.0
0.105184,0.077817,0.0
0.108277,0.038764,0.0
0.114361,0.054125,0.0
0.007782,0.039509,0.0
0.120655,0.09334,0.0
0.091511,0.053238,0.0
0.108399,0.069805,0.0
0.096849,0.077861,0.0
-0.028098,0.082822,0.0
0.018118,0.079233,0.0
0.016317,0.040392,0.0
0.006759,0.086438,0.0
0.030061,0.067633,0.0
0.095995,0.028834,0.0
-0.023392,0.074835,0.0
0.08807,0.081458,0.0
0.015288,0.099165,0.0
0.088228,0.107322,0.0
0.029869,0.096319,0.0
0.000316,0.097033,0.0
0.08414,0.065935,0.0
0.067147,0.035619,0.0
0.07955,0.100436,0.0
0.021622,0.093763,0.0
0.084363,0.117122,0.0
-0.016254,0.089164,0.0
0.018674,0.066123,0.0
0.01736,0.10133,0.0
0.101833,0.026542,0.0
0.034172,0.066827,0.0
0.080806,0.063764,0.0
0.069487,0.101304,0.0
0.007151,0.086778,0.0
0.120586,0.10773,0.0
0.105161,0.065884,0.0
0.06748,0.051908,0.0
0.127701,0.09249,0.0
0.088008,0.079676,0.0
0.121305,0.074739,0.0
-0.010153,0.053576,0.0
5.4e-05,0.094434,0.0
0.122612,0.032801,0.0
0.008016,0.087769,0.0
0.003444,0.07545,0.0
-0.027465,0.080379,0.0
0.067328,0.035328,0.0
-0.020371,0.071437,0.0
0.113755,0.12529,0.0
0.087907,0.106004,0.0
0.003035,0.042199,0.0
0.126576,0.091017,0.0
0.026527,0.044074,0.0
0.022924,0.0563,0.0
0.116886,0.055684,0.0
0.10007,0.042667,0.0
-0.005654,0.089776,0.0
-0.006867,0.088933,0.0
0.128171,0.06011,0.0
0.089604,0.100244,0.0
0.07923,0.10491,0.0
-0.027425,0.071933,0.0
0.096361,0.105762,0.0
0.126917,0.044442,0.0
0.090228,0.077747,0.0
0.026207,0.061079,0.0
0.030404,0.074076,0.0
0.092024,0.046765,0.0
0.08669,0.027849,0.0
0.081292,0.069517,0.0
0.07485,0.100694,0.0
0.126857,0.075447,0.0
0.128598,0.092222,0.0
0.070708,0.110864,0.0
0.091708,0.078635,0.0
0.071134,0.022828,0.0
0.080336,0.024829,0.0
-0.014967,0.054863,0.0
0.115128,0.047415,0.0
0.008453,0.060346,0.0
-0.00865,0.072442,0.0
0.029652,0.070551,0.0
0.086293,0.067249,0.0
0.095697,0.098293,0.0
0.121825,0.107298,0.0
-0.015494,0.055759,0.0
0.072666,0.070603,0.0
0.091712,0.021892,0.0
0.012376,0.084973,0.0
0.064308,0.102599,0.0
-0.005594,0.068414,0.0
0.114309,0.035408,0.0
0.067855,0.08588,0.0
0.127005,0.057065,0.0
0.094514,0.032412,0.0
0.021631,0.085988,0.0
0.070785,0.082991,0.0
0.086351,0.047797,0.0
0.107196,0.103519,0.0
0.016493,0.09742,0.0
0.114905,0.061757,0.0
0.126436,0.047146,0.0
0.113639,0.105573,0.0
0.123413,0.091258,0.0
0.106462,0.087667,0.0
0.083633,0.024858,0.0
0.118108,0.109701,0.0
0.11548,0.123089,0.0
0.1002,0.107534,0.0
0.068466,0.086158,0.0
-0.004669,0.067423,0.0
0.080975,0.042696,0.0
0.10363,0.059637,0.0
0.069873,0.055547,0.0
0.119174,0.064159,0.0
0.076022,0.051627,0.0
0.07168,0.115261,0.0
0.082479,0.029612,0.0
0.081807,0.05001,0.0
0.090539,0.08891,0.0
0.128528,0.030717,0.0
0.068137,0.043475,0.0
0.120887,0.091582,0.0
0.094417,0.038093,0.0
0.062949,0.114175,0.0
0.078385,0.078054,0.0
0.008579,0.074591,0.0
-0.024468,0.089126,0.0
0.127806,0.058998,0.0
0.127324,0.060018,0.0
0.094655,0.029884,0.0
0.089921,0.095227,0.0
0.070112,0.059291,0.0
-0.005322,0.054601,0.0
0.016746,0.098282,0.0
0.013642,0.064417,0.0
0.089907,0.070154,0.0
0.111798,0.059264,0.0
0.094008,0.054643,0.0
0.083874,0.106489,0.0
-0.02027,0.059178,0.0
-0.009552,0.075757,0.0
0.103999,0.110696,0.0
0.011498,0.073254,0.0
0.071412,0.051384,0.0
0.087401,0.072031,0.0
0.019524,0.048683,0.0
0.029829,0.053533,0.0
0.092428,0.032056,0.0
0.103065,0.087474,0.0
0.088406,0.03443,0.0
0.103432,0.089153,0.0
0.116972,0.048424,0.0
0.011138,0.064137,0.0
0.006847,0.063722,0.0
0.113114,0.030974,0.0
0.081642,0.024475,0.0
-0.00217,0.049644,0.0
0.084485,0.110353,0.0
0.086428,0.05298,0.0
0.10817,0.067404,0.0
0.10586,0.058761,0.0
0.107033,0.098453,0.0
0.020137,0.067615,0.0
0.037067,0.06706,0.0
0.010548,0.066239,0.0
0.108247,0.023565,0.0
-0.027261,0.078025,0.0
0.126269,0.086984,0.0
-0.008364,0.067988,0.0
0.127372,0.031746,0.0
0.111486,0.077822,0.0
0.122766,0.06778,0.0
0.12285,0.024526,0.0
0.035193,0.069914,0.0
0.070927,0.045883,0.0
0.105939,0.029272,0.0
0.128582,0.116955,0.0
0.114577,0.061462,0.0
0.073971,0.103323,0.0
-0.033112,0.084093,0.0
0.087647,0.09314,0.0
-0.003582,0.08625,0.0
0.01045,0.075086,0.0
-0.022942,0.076429,0.0
0.094342,0.077328,0.0
0.078051,0.086944,0.0
-0.020931,0.065799,0.0
0.095659,0.09999,0.0
-0.018033,0.057003,0.0
0.068712,0.054166,0.0
-0.017196,0.070566,0.0
0.014868,0.037985,0.0
0.125285,0.068132,0.0
0.064757,0.107225,0.0
0.089373,0.083087,0.0
0.081441,0.085597,0.0
0.080811,0.114201,0.0
-0.032089,0.067979,0.0
0.040286,0.065491,0.0
0.028565,0.092612,0.0
0.009254,0.081949,0.0
0.104126,0.107252,0.0
0.084311,0.078971,0.0
-0.013819,0.049522,0.0
0.100244,0.040018,0.0
0.063825,0.102862,0.0
0.076715,0.058489,0.0
0.112897,0.105958,0.0
0.126977,0.096129,0.0
0.110107,0.092718,0.0
0.119952,0.091188,0.0
0.100195,0.094784,0.0
0.089484,0.0685,0.0
0.068588,0.036853,0.0
0.070031,0.115288,0.0
0.083825,0.025551,0.0
0.070405,0.074531,0.0
-0.02214,0.09185,0.0
0.071227,0.08401,0.0
0.07567,0.061584,0.0
0.091272,0.047283,0.0
0.036857,0.08494,0.0
0.114278,0.027086,0.0
0.118871,0.021657,0.0
0.121901,0.04589,0.0
0.0015,0.046297,0.0
0.071138,0.03301,0.0
0.06848,0.056372,0.0
0.118712,0.097404,0.0
0.093372,0.085159,0.0
0.118572,0.118201,0.0
0.013902,0.042454,0.0
0.019684,0.105038,0.0
0.123219,0.109418,0.0
0.112651,0.106635,0.0
0.096731,0.053311,0.0
0.07096,0.065538,0.0
0.033763,0.061434,0.0
0.126046,0.043269,0.0
-0.033903,0.082612,0.0
0.06862,0.033773,0.0
0.124708,0.111762,0.0
-0.030516,0.064942,0.0
0.119514,0.105055,0.0
0.115296,0.027669,0.0
0.110435,0.089163,0.0
-0.023613,0.073654,0.0
0.112601,0.083793,0.0
-0.030046,0.082101,0.0
0.031502,0.055099,0.0
0.007491,0.094018,0.0
0.081809,0.111073,0.0
0.112653,0.045198,0.0
-0.032828,0.071289,0.0
0.127805,0.101064,0.0
0.102638,0.05945,0.0
0.080276,0.100896,0.0
0.091468,0.030225,0.0
0.003003,0.053851,0.0
0.076732,0.031464,0.0
0.128671,0.039911,0.0
-0.015096,0.050415,0.0
0.120035,0.02499,0.0
0.000579,0.079105,0.0
0.07382,0.024723,0.0
0.099521,0.100599,0.0
0.033626,0.051246,0.0
0.092257,0.029525,0.0
0.072651,0.045965,0.0
0.108424,0.062794,0.0
0.029565,0.089461,0.0
0.126413,0.09113,0.0
0.082531,0.118662,0.0
0.080207,0.03891,0.0
0.12089,0.071465,0.0
0.07082,0.06243,0.0
0.092453,0.080607,0.0
0.075783,0.10436,0.0
0.087283,0.023473,0.0
0.07753,0.03154,0.0
-0.030046,0.084715,0.0
0.113091,0.08367,0.0
-0.003432,0.081904,0.0
0.112431,0.072325,0.0
0.015056,0.077701,0.0
0.09192,0.024926,0.0
-0.01233,0.055114,0.0
0.075608,0.117698,0.0
0.110612,0.090107,0.0
0.094136,0.060844,0.0
0.097835,0.040728,0.0
0.069774,0.056308,0.0
0.120847,0.057636,0.0
0.129456,0.110053,0.0
0.006582,0.058064,0.0
0.107191,0.077186,0.0
0.095096,0.022393,0.0
-0.01525,0.059821,0.0
-0.016396,0.053686,0.0
-0.01064,0.061817,0.0
0.105564,0.039311,0.0
0.091342,0.046039,0.0
0.005544,0.069177,0.0
0.107386,0.109338,0.0
0.086159,0.064631,0.0
0.113612,0.054684,0.0
0.108293,0.065195,0.0
0.100163,0.104302,0.0
0.10719,0.104683,0.0
0.022696,0.050237,0.0
0.070469,0.028583,0.0
0.105629,0.100701,0.0
0.063191,0.030331,0.0
0.114804,0.108635,0.0
0.032338,0.064589,0.0
0.097248,0.037372,0.0
0.009772,0.057785,0.0
0.029179,0.082022,0.0
0.096669,0.073573,0.0
0.0129,0.090085,0.0
0.017393,0.041144,0.0
0.100283,0.053927,0.0
0.070176,0.050384,0.0
0.014229,0.073082,0.0
0.009834,0.081745,0.0
0.062553,0.105719,0.0
0.081221,0.099786,0.0
-0.022931,0.07947,0.0
0.019154,0.103952,0.0
0.012191,0.075174,0.0
0.025149,0.046564,0.0
0.116377,0.048171,0.0
0.012686,0.088882,0.0
0.026718,0.074589,0.0
-0.002149,0.057127,0.0
0.120952,0.032863,0.0
-0.018421,0.069055,0.0
0.075645,0.083123,0.0
0.073121,0.066926,0.0
0.095788,0.047276,0.0
0.116013,0.11988,0.0
0.030897,0.059022,0.0
0.010512,0.083615,0.0
0.088566,0.078137,0.0
-0.011591,0.072877,0.0
0.099442,0.076903,0.0
0.070918,0.116596,0.0
0.113415,0.113473,0.0
0.108272,0.047937,0.0
0.009715,0.066581,0.0
0.126787,0.121162,0.0
0.094331,0.045287,0.0
0.113272,0.058656,0.0
0.108864,0.103622,0.0
0.115958,0.068957,0.0
0.10911,0.044446,0.0
0.058719,0.030095,0.0
0.063977,0.106492,0.0
0.106442,0.052155,0.0
0.118959,0.065957,0.0
0.098468,0.068616,0.0
0.127103,0.083444,0.0
0.070537,0.0681,0.0
0.009245,0.057938,0.0
0.125591,0.121897,0.0
0.122158,0.109267,0.0
0.015446,0.094796,0.0
0.088837,0.03405,0.0
0.129124,0.049631,0.0
0.101543,0.093341,0.0
0.103852,0.040442,0.0
0.125749,0.082453,0.0
0.106337,0.089714,0.0
0.023126,0.088353,0.0
-0.026138,0.062547,0.0
0.122387,0.082065,0.0
0.095461,0.025125,0.0
-0.006603,0.073579,0.0
0.125845,0.054654,0.0
0.02947,0.05795,0.0
0.111426,0.025873,0.0
0.002757,0.064148,0.0
-0.012605,0.049193,0.0
0.096846,0.115164,0.0
-0.029854,0.080276,0.0
0.07641,0.03835,0.0
0.034606,0.069858,0.0
0.102597,0.050999,0.0
-0.003272,0.047611,0.0
0.074669,0.059438,0.0
0.021036,0.069272,0.0
-0.006337,0.098903,0.0
0.030557,0.04565,0.0
-0.006688,0.043859,0.0
-0.019263,0.05468,0.0
0.08962,0.111088,0.0
0.096413,0.112763,0.0
0.03611,0.059463,0.0
-0.032514,0.07363,0.0
0.095633,0.068206,0.0
0.087872,0.035493,0.0
0.088885,0.05298,0.0
0.112192,0.120047,0.0
0.127897,0.05262,0.0
0.113647,0.085466,0.0
0.116316,0.105851,0.0
0.103785,0.113163,0.0
0.024297,0.087297,0.0
0.116307,0.106907,0.0
0.099795,0.062008,0.0
0.073617,0.045167,0.0
0.015595,0.074242,0.0
0.104367,0.100718,0.0
0.086,0.059153,0.0
0.094703,0.054309,0.0
0.018579,0.094941,0.0
0.006072,0.040646,0.0
-0.002794,0.050636,0.0
-0.019177,0.083736,0.0
-0.0125,0.091988,0.0
0.077145,0.046505,0.0
0.069214,0.098475,0.0
0.110415,0.096633,0.0
0.124094,0.079551,0.0
0.117312,0.032228,0.0
0.003986,0.085896,0.0
0.074513,0.066178,0.0
0.101471,0.083779,0.0
0.085481,0.115009,0.0
-0.005548,0.097923,0.0
0.129205,0.124731,0.0
0.063793,0.107393,0.0
0.107901,0.090711,0.0
0.002238,0.049955,0.0
0.126006,0.076128,0.0
0.012304,0.069599,0.0
0.016782,0.086028,0.0
0.012201,0.054498,0.0
0.094494,0.078941,0.0
0.002658,0.083518,0.0
0.082323,0.080339,0.0
-0.009915,0.092051,0.0
0.016716,0.059409,0.0
0.10631,0.101013,0.0
0.121443,0.059365,0.0
0.112821,0.080358,0.0
0.119782,0.081905,0.0
0.097037,0.092151,0.0
0.121676,0.113912,0.0
0.10869,0.038646,0.0
0.002121,0.071024,0.0
0.097823,0.033338,0.0
0.00538,0.07503,0.0
-0.008111,0.091479,0.0
0.115391,0.104025,0.0
0.094814,0.040395,0.0
-0.014388,0.059742,0.0
0.116253,0.086007,0.0
0.084144,0.088411,0.0
0.09719,0.087314,0.0
0.098021,0.054933,0.0
0.076771,0.104399,0.0
0.102119,0.063362,0.0
-0.032104,0.08385,0.0
-0.021424,0.06255,0.0
-0.014953,0.096547,0.0
0.086746,0.065372,0.0
0.082058,0.055481,0.0
0.08,0.024112,0.0
-0.01963,0.05302,0.0
0.102994,0.039439,0.0
-0.021745,0.060686,0.0
0.005214,0.055851,0.0
0.088673,0.055747,0.0
0.016584,0.048686,0.0
0.092469,0.062153,0.0
0.071415,0.05218,0.0
0.107536,0.096165,0.0
0.106029,0.077887,0.0
0.097735,0.103563,0.0
-0.018606,0.064862,0.0
0.068239,0.028336,0.0
0.107837,0.0658,0.0
0.090186,0.056374,0.0
0.030027,0.061405,0.0
0.022361,0.067694,0.0
0.058124,0.024693,0.0
0.07257,0.110555,0.0
0.003122,0.055458,0.0
0.085801,0.05399,0.0
0.088427,0.072303,0.0
0.120989,0.089868,0.0
0.076468,0.06159,0.0
0.006047,0.044114,0.0
0.039651,0.067215,0.0
0.038523,0.065827,0.0
0.082875,0.109195,0.0
0.091027,0.102472,0.0
-0.014345,0.050808,0.0
0.071842,0.10452,0.0
0.079671,0.041021,0.0
0.03454,0.075665,0.0
0.085371,0.079927,0.0
0.023879,0.051315,0.0
0.087713,0.090154,0.0
0.110368,0.0456,0.0
-0.006521,0.081998,0.0
0.107742,0.030618,0.0
0.124715,0.026164,0.0
0.081529,0.110347,0.0
0.012505,0.08356,0.0
-0.02119,0.091172,0.0
0.070963,0.067885,0.0
0.118026,0.050069,0.0
0.125452,0.043101,0.0
0.066724,0.041301,0.0
0.127463,0.033628,0.0
0.115308,0.093669,0.0
0.113727,0.118219,0.0
0.078373,0.105045,0.0
-0.012434,0.058951,0.0
0.076909,0.061091,0.0
0.102299,0.056733,0.0
0.0172,0.083236,0.0
0.067543,0.088591,0.0
0.122671,0.063146,0.0
-0.032284,0.085298,0.0
0.095848,0.049381,0.0
0.000152,0.073153,0.0
0.017234,0.099404,0.0
0.089552,0.031995,0.0
0.027561,0.056557,0.0
-0.019225,0.083065,0.0
0.028912,0.098961,0.0
0.004356,0.068582,0.0
0.104652,0.116063,0.0
0.121075,0.121728,0.0
0.103498,0.078609,0.0
0.018636,0.060929,0.0
0.094805,0.067216,0.0
0.024874,0.091967,0.0
0.119453,0.094383,0.0
0.020007,0.087532,0.0
0.111637,0.105732,0.0
0.059767,0.028814,0.0
0.114475,0.057066,0.0
0.073144,0.098252,0.0
0.019233,0.041915,0.0
0.001181,0.069247,0.0
0.111873,0.091281,0.0
0.073139,0.067344,0.0
0.017567,0.086861,0.0
0.058654,0.02323,0.0
0.024622,0.046052,0.0
0.120716,0.07549,0.0
0.097944,0.037865,0.0
0.090023,0.063547,0.0
0.09713,0.089495,0.0
0.103519,0.056202,0.0
0.081751,0.052499,0.0
0.121732,0.093137,0.0
0.065971,0.041454,0.0
-0.012189,0.068339,0.0
0.004111,0.06264,0.0
0.104357,0.101963,0.0
0.067935,0.085235,0.0
0.096908,0.097246,0.0
0.108695,0.045205,0.0
0.112281,0.097557,0.0
0.103481,0.05816,0.0
0.125442,0.095613,0.0
0.114093,0.103148,0.0
0.090087,0.070522,0.0
0.085379,0.049238,0.0
0.023547,0.091634,0.0
0.036847,0.065318,0.0
0.095841,0.122256,0.0
0.101188,0.031582,0.0
0.069664,0.038849,0.0
0.120992,0.085983,0.0
-0.024717,0.079037,0.0
0.022651,0.070693,0.0
0.110956,0.079936,0.0
0.129953,0.111651,0.0
0.061165,0.11321,0.0
-0.013963,0.088845,0.0
0.080454,0.048055,0.0
-0.015908,0.047751,0.0
0.11571,0.071882,0.0
0.082952,0.046303,0.0
0.122487,0.098513,0.0
0.127639,0.125539,0.0
0.068611,0.087493,0.0
0.08224,0.117388,0.0
0.100328,0.088763,0.0
0.115717,0.075561,0.0
-0.000224,0.0833,0.0
0.009889,0.07397,0.0
0.119835,0.061126,0.0
0.094223,0.035338,0.0
0.116009,0.118785,0.0
0.068948,0.073338,0.0
0.075544,0.023078,0.0
0.112884,0.027954,0.0
0.069167,0.10923,0.0
0.074012,0.117114,0.0
0.066469,0.106918,0.0
0.120974,0.093373,0.0
0.088323,0.09073,0.0
0.025591,0.086916,0.0
0.10488,0.068114,0.0
0.070093,0.066495,0.0
-0.00267,0.056644,0.0
0.085761,0.065559,0.0
0.107469,0.052383,0.0
0.083879,0.086132,0.0
0.101868,0.087063,0.0
0.029341,0.097303,0.0
0.024726,0.057165,0.0
0.091467,0.099096,0.0
0.082181,0.085203,0.0
0.035816,0.07632,0.0
0.063707,0.02818,0.0
0.110658,0.062497,0.0
0.095966,0.112905,0.0
-0.001625,0.093994,0.0
0.122979,0.089841,0.0
0.093972,0.096138,0.0
0.07472,0.046308,0.0
-0.009781,0.08621,0.0
0.013408,0.091503,0.0
-0.033267,0.086593,0.0
0.093782,0.086456,0.0
0.020556,0.055646,0.0
0.012392,0.091621,0.0
0.111902,0.050502,0.0
-0.015161,0.066661,0.0
-0.000968,0.089072,0.0
0.10044,0.06229,0.0
0.006721,0.068779,0.0
0.07034,0.048841,0.0
0.087296,0.046857,0.0
-0.010081,0.077232,0.0
0.113651,0.110334,0.0
0.117038,0.075264,0.0
0.122668,0.042471,0.0
0.037837,0.060728,0.0
0.084727,0.025887,0.0
0.073871,0.026174,0.0
0.114405,0.031216,0.0
0.032806,0.080358,0.0
0.080761,0.113012,0.0
0.067259,0.035037,0.0
0.091879,0.054499,0.0
0.091764,0.026708,0.0
0.086915,0.049455,0.0
-0.019043,0.070338,0.0
0.001703,0.093557,0.0
0.03784,0.077331,0.0
0.113208,0.09304,0.0
0.089967,0.034588,0.0
-0.018063,0.085025,0.0
-0.024433,0.088956,0.0
0.107996,0.104136,0.0
0.098649,0.061756,0.0
0.093032,0.053852,0.0
0.013321,0.040629,0.0
0.086683,0.04405,0.0
0.116592,0.091911,0.0
-0.020298,0.054462,0.0
0.121835,0.062721,0.0
0.094385,0.11809,0.0
0.072063,0.100857,0.0
0.032979,0.074026,0.0
-0.024655,0.070997,0.0
0.115402,0.12295,0.0
0.004586,0.099102,0.0
-0.01843,0.088041,0.0
0.031414,0.053054,0.0
0.124728,0.033548,0.0
0.088234,0.030771,0.0
0.109946,0.064358,0.0
0.118058,0.102925,0.0
0.107008,0.11081,0.0
0.078958,0.104919,0.0
0.08821,0.055935,0.0
0.079679,0.055803,0.0
0.022739,0.062794,0.0
0.083393,0.041686,0.0
0.016645,0.092418,0.0
0.121752,0.061508,0.0
-0.005019,0.084522,0.0
0.128025,0.029521,0.0
0.105061,0.04947,0.0
0.069541,0.091321,0.0
0.09942,0.058229,0.0
0.108292,0.08672,0.0
0.118339,0.07899,0.0
0.012967,0.078675,0.0
0.110665,0.050529,0.0
0.013785,0.096874,0.0
0.111479,0.123665,0.0
0.005814,0.073752,0.0
0.091278,0.076197,0.0
0.083594,0.060879,0.0
0.09273,0.02948,0.0
0.103805,0.094803,0.0
0.019597,0.089095,0.0
0.033724,0.062791,0.0
0.084005,0.086722,0.0
0.088384,0.031643,0.0
0.126942,0.086705,0.0
0.00215,0.064607,0.0
0.077584,0.033487,0.0
0.00647,0.048187,0.0
-0.00013,0.096144,0.0
0.12501,0.060015,0.0
-0.024778,0.069739,0.0
0.111267,0.096981,0.0
0.08268,0.03266,0.0
0.103585,0.060069,0.0
-0.023949,0.062004,0.0
0.031262,0.073182,0.0
0.091494,0.065509,0.0
0.090078,0.110268,0.0
0.026562,0.047995,0.0
0.014389,0.044096,0.0
0.109115,0.103924,0.0
-0.004804,0.046272,0.0
0.072919,0.077802,0.0
0.086458,0.06306,0.0
-0.007741,0.051634,0.0
0.125416,0.078959,0.0
0.089355,0.100222,0.0
0.008548,0.090416,0.0
0.016466,0.041931,0.0
0.012266,0.060815,0.0
0.094981,0.102448,0.0
0.108268,0.053681,0.0
0.126832,0.070316,0.0
0.018585,0.093963,0.0
0.024613,0.100819,0.0
0.12922,0.074909,0.0
0.026575,0.086558,0.0
0.102154,0.105491,0.0
0.010516,0.070974,0.0
0.015689,0.092134,0.0
0.076352,0.035753,0.0
-0.012619,0.091028,0.0
0.099546,0.073925,0.0
0.095493,0.100243,0.0
0.123631,0.125934,0.0
0.106107,0.070712,0.0
0.089232,0.095973,0.0
0.021772,0.040517,0.0
0.105385,0.077844,0.0
-0.007046,0.054798,0.0
0.032016,0.072157,0.0
-0.021129,0.081607,0.0
0.118899,0.045164,0.0
0.069337,0.076677,0.0
0.103401,0.109575,0.0
0.004668,0.093708,0.0
-0.005747,0.046385,0.0
0.063506,0.114183,0.0
0.022179,0.088543,0.0
0.028207,0.08572,0.0
0.121577,0.108085,0.0
0.012871,0.043988,0.0
0.117734,0.125118,0.0
0.036422,0.057479,0.0
0.116854,0.028182,0.0
0.067196,0.097645,0.0
0.024204,0.084674,0.0
-0.022185,0.077369,0.0
-0.030338,0.082742,0.0
0.090216,0.024473,0.0
0.064222,0.100567,0.0
-0.014741,0.086038,0.0
-0.007994,0.084268,0.0
0.11619,0.065201,0.0
0.026973,0.085453,0.0
0.092457,0.080699,0.0
-0.011355,0.087758,0.0
0.064317,0.027222,0.0
0.003468,0.045438,0.0
0.074483,0.083201,0.0
0.103229,0.036966,0.0
0.008448,0.083997,0.0
0.115301,0.033468,0.0
0.058027,0.025142,0.0
0.00365,0.082744,0.0
0.090031,0.048732,0.0
0.031343,0.052288,0.0
0.12954,0.098655,0.0
0.037557,0.075142,0.0
0.120401,0.09894,0.0
0.081682,0.038898,0.0
-0.003356,0.075566,0.0
0.014199,0.055461,0.0
0.018897,0.0542,0.0
0.122846,0.069963,0.0
0.106828,0.036899,0.0
0.019498,0.062443,0.0
0.121117,0.064546,0.0
0.091439,0.117049,0.0
-0.027596,0.074482,0.0
0.088971,0.026433,0.0
0.129372,0.028978,0.0
-0.016987,0.079455,0.0
0.116722,0.114848,0.0
0.018233,0.075884,0.0
0.108448,0.118697,0.0
0.022088,0.091085,0.0
0.006685,0.048452,0.0
-0.008783,0.073639,0.0
0.003061,0.096131,0.0
0.117626,0.108213,0.0
0.11896,0.090292,0.0
0.120358,0.056381,0.0
-0.001485,0.04436,0.0
0.114887,0.032992,0.0
0.010865,0.077376,0.0
0.022024,0.082116,0.0
0.10822,0.033473,0.0
0.115444,0.071138,0.0
-0.022498,0.0914,0.0
0.011191,0.083085,0.0
0.090123,0.055327,0.0
0.078534,0.038434,0.0
-0.001252,0.051913,0.0
0.064719,0.036422,0.0
0.004667,0.094554,0.0
0.107855,0.098525,0.0
-0.013851,0.051621,0.0
-0.023699,0.060549,0.0
0.084396,0.099351,0.0
0.088112,0.026055,0.0
0.026944,0.066605,0.0
0.117917,0.02442,0.0
0.111789,0.0508,0.0
0.011212,0.069389,0.0
0.119416,0.064358,0.0
0.012461,0.058534,0.0
0.112363,0.1104,0.0
-0.030535,0.067412,0.0
0.093285,0.038644,0.0
0.073497,0.050279,0.0
0.099108,0.116055,0.0
0.085365,0.056787,0.0
0.096721,0.063787,0.0
0.084833,0.051754,0.0
0.007701,0.041018,0.0
0.095938,0.050715,0.0
-0.016975,0.065856,0.0
0.088497,0.053146,0.0
0.080587,0.111745,0.0
0.129674,0.038388,0.0
0.122887,0.069837,0.0
0.113202,0.120017,0.0
0.129841,0.080379,0.0
-0.01709,0.075811,0.0
-0.005623,0.078426,0.0
0.004975,0.043321,0.0
0.068382,0.056967,0.0
0.092859,0.058855,0.0
0.122776,0.084231,0.0
0.006253,0.052156,0.0
0.118635,0.081252,0.0
0.030531,0.079144,0.0
0.092792,0.031272,0.0
-0.009336,0.077986,0.0
0.083531,0.118252,0.0
-0.033501,0.083634,0.0
0.015396,0.054384,0.0
0.008895,0.040331,0.0
0.104678,0.119048,0.0
0.032176,0.07498,0.0
0.090603,0.05618,0.0
0.029376,0.048224,0.0
0.019112,0.104177,0.0
-0.03187,0.08325,0.0
0.07779,0.063647,0.0
0.003692,0.085177,0.0
0.107728,0.030163,0.0
-0.010288,0.048936,0.0
0.087703,0.073649,0.0
0.011097,0.080879,0.0
0.015364,0.076427,0.0
0.120803,0.094664,0.0
0.099981,0.06281,0.0
0.077927,0.112809,0.0
0.125038,0.02808,0.0
0.077332,0.052266,0.0
0.100358,0.053233,0.0
0.006962,0.05484,0.0
0.085113,0.044382,0.0
-0.011726,0.094131,0.0
0.112993,0.094382,0.0
0.006481,0.051063,0.0
0.122189,0.107575,0.0
0.087825,0.031333,0.0
0.127444,0.021609,0.0
0.01801,0.103129,0.0
0.077653,0.035254,0.0
0.093075,0.08243,0.0
0.124155,0.038517,0.0
0.117435,0.021684,0.0
0.03469,0.07612,0.0
0.123194,0.021744,0.0
0.03236,0.077218,0.0
0.117127,0.065866,0.0
-0.00255,0.099302,0.0
-0.013757,0.049936,0.0
0.085169,0.044636,0.0
0.006098,0.091073,0.0
0.033752,0.052627,0.0
0.120774,0.068098,0.0
0.10727,0.105871,0.0
0.023324,0.053679,0.0
0.013141,0.053305,0.0
0.123161,0.060066,0.0
0.114351,0.030502,0.0
0.117833,0.100354,0.0
0.110093,0.068131,0.0
0.019322,0.066567,0.0
0.1095,0.092291,0.0
0.076745,0.050619,0.0
-0.016461,0.087726,0.0
0.093641,0.118099,0.0
0.101304,0.034079,0.0
0.026081,0.086,0.0
0.027417,0.045583,0.0
0.038706,0.068205,0.0
0.08126,0.053529,0.0
0.088876,0.103868,0.0
-0.025335,0.057815,0.0
0.102389,0.055471,0.0
0.12922,0.098234,0.0
0.030363,0.0637,0.0
0.117873,0.032409,0.0
0.076282,0.05236,0.0
0.024722,0.076609,0.0
0.019423,0.053936,0.0
0.092805,0.057742,0.0
-0.018944,0.063428,0.0
0.002354,0.05568,0.0
0.115126,0.053057,0.0
0.105589,0.090133,0.0
0.112839,0.060773,0.0
-0.01269,0.058972,0.0
-0.003,0.049609,0.0
0.093784,0.054264,0.0
-0.023692,0.060914,0.0
0.07615,0.07879,0.0
-0.00094,0.048324,0.0
0.086663,0.028624,0.0
0.127453,0.127049,0.0
0.106062,0.08114,0.0
-0.029931,0.090444,0.0
0.019997,0.087918,0.0
0.079975,0.026493,0.0
0.077902,0.087426,0.0
0.097733,0.051328,0.0
0.033224,0.07084,0.0
0.022323,0.097344,0.0
0.072259,0.079367,0.0
0.123528,0.086007,0.0
0.117481,0.086675,0.0
0.107402,0.103885,0.0
0.116408,0.123803,0.0
0.123365,0.022652,0.0
0.098411,0.078172,0.0
0.083687,0.057509,0.0
0.114569,0.033492,0.0
0.104514,0.023878,0.0
0.095572,0.112647,0.0
0.118774,0.120685,0.0
0.013096,0.049216,0.0
0.071321,0.101975,0.0
0.08207,0.028137,0.0
-0.007195,0.081486,0.0
-0.007992,0.068093,0.0
0.094868,0.030642,0.0
0.117577,0.038562,0.0
0.085304,0.057818,0.0
0.118395,0.124358,0.0
0.02085,0.07058,0.0
0.018774,0.087176,0.0
0.000702,0.083438,0.0
0.104754,0.11964,0.0
0.002032,0.064862,0.0
0.129538,0.07537,0.0
0.128232,0.074614,0.0
0.104463,0.084684,0.0
-0.025901,0.057993,0.0
0.116358,0.049426,0.0
-0.013814,0.064674,0.0
0.070041,0.036515,0.0
0.119742,0.029151,0.0
0.120657,0.105045,0.0
-0.017858,0.092047,0.0
0.065983,0.101831,0.0
0.020835,0.089395,0.0
0.096295,0.035028,0.0
0.024046,0.08329,0.0
0.076516,0.102329,0.0
0.019919,0.041779,0.0
0.003965,0.095557,0.0
-0.023298,0.064671,0.0
0.007213,0.08697,0.0
0.09105,0.084976,0.0
0.028853,0.050111,0.0
-0.000366,0.042279,0.0
0.010018,0.04452,0.0
0.088311,0.030988,0.0
0.12936,0.128449,0.0
0.012149,0.096607,0.0
0.106273,0.060681,0.0
0.128352,0.128117,0.0
-0.005409,0.054115,0.0
0.113036,0.098644,0.0
0.120096,0.054286,0.0
0.036859,0.078466,0.0
0.018427,0.044421,0.0
0.030815,0.045947,0.0
0.104488,0.073757,0.0
0.07161,0.053358,0.0
0.128669,0.044726,0.0
0.127464,0.099624,0.0
0.082924,0.040137,0.0
0.087864,0.102455,0.0
0.120752,0.048819,0.0
-0.020797,0.055726,0.0
0.095678,0.109752,0.0
0.06971,0.056278,0.0
0.015888,0.083416,0.0
0.006445,0.058348,0.0
0.106392,0.119183,0.0
0.11667,0.098207,0.0
-0.010123,0.07017,0.0
-0.015104,0.057844,0.0
-0.023674,0.08463,0.0
0.108731,0.101412,0.0
0.101314,0.119506,0.0
0.124631,0.070847,0.0
0.103365,0.08673,0.0
0.122863,0.089497,0.0
0.025175,0.052161,0.0
0.117798,0.112639,0.0
0.116666,0.082993,0.0
0.006549,0.07724,0.0
0.035393,0.062653,0.0
-0.008045,0.06798,0.0
0.013435,0.053007,0.0
0.106439,0.116358,0.0
0.015441,0.062614,0.0
0.008984,0.102979,0.0
0.098805,0.059966,0.0
0.101378,0.031529,0.0
0.092656,0.075978,0.0
-0.009598,0.083201,0.0
0.128587,0.071004,0.0
-0.001148,0.059558,0.0
0.089758,0.116584,0.0
0.101872,0.042029,0.0
0.086,0.05038,0.0
-0.016386,0.065258,0.0
0.070448,0.106421,0.0
0.034747,0.07477,0.0
0.119869,0.09436,0.0
-0.024717,0.060334,0.0
0.081386,0.067959,0.0
-0.007214,0.048365,0.0
-0.014908,0.052545,0.0
0.073182,0.114897,0.0
0.086478,0.03549,0.0
0.022182,0.082841,0.0
0.018204,0.057181,0.0
0.073995,0.093269,0.0
0.071415,0.022981,0.0
0.116948,0.060739,0.0
0.093548,0.121321,0.0
0.104864,0.023232,0.0
0.121104,0.075868,0.0
0.022672,0.098231,0.0
0.069579,0.057514,0.0
0.080683,0.061766,0.0
-0.005168,0.067479,0.0
0.074527,0.032863,0.0
0.121689,0.12588,0.0
0.079305,0.099438,0.0
0.09677,0.086215,0.0
0.12255,0.046966,0.0
0.097247,0.069952,0.0
-0.012176,0.049647,0.0
-0.000835,0.044626,0.0
0.128613,0.080606,0.0
-0.013839,0.062075,0.0
0.110841,0.030497,0.0
0.124385,0.102761,0.0
0.029896,0.067155,0.0
-0.027472,0.085967,0.0
0.1063,0.058273,0.0
0.082854,0.073057,0.0
0.094375,0.048085,0.0
0.128508,0.115357,0.0
0.088056,0.103339,0.0
0.102309,0.047486,0.0
0.097585,0.055142,0.0
0.070553,0.03629,0.0
-0.011132,0.094286,0.0
0.074081,0.055895,0.0
0.076867,0.091568,0.0
0.073058,0.11201,0.0
0.016375,0.054988,0.0
0.031843,0.056005,0.0
-0.001775,0.093714,0.0
0.062384,0.02779,0.0
0.00249,0.056146,0.0
0.018404,0.042176,0.0
0.070245,0.03675,0.0
0.120742,0.1069,0.0
0.08069,0.058557,0.0
-0.002811,0.05933,0.0
0.111925,0.113178,0.0
0.118852,0.101639,0.0
0.074983,0.027249,0.0
0.077099,0.10603,0.0
-0.017314,0.082347,0.0
0.118254,0.076718,0.0
0.069677,0.105274,0.0
-0.022448,0.062809,0.0
-0.031809,0.076039,0.0
0.060638,0.027433,0.0
0.090404,0.024093,0.0
0.014456,0.09852,0.0
0.099627,0.106707,0.0
-0.021624,0.084661,0.0
0.087819,0.071391,0.0
0.104206,0.079067,0.0
0.119623,0.086789,0.0
0.008809,0.100826,0.0
0.102597,0.051751,0.0
0.013169,0.08845,0.0
0.128452,0.108823,0.0
0.086322,0.107431,0.0
0.090172,0.096012,0.0
0.06709,0.025966,0.0
0.127008,0.021946,0.0
0.107069,0.084954,0.0
0.129232,0.027643,0.0
0.119134,0.081794,0.0
0.109401,0.057757,0.0
0.124757,0.090313,0.0
-0.009243,0.072527,0.0
0.087696,0.073014,0.0
-0.004593,0.07464,0.0
0.127844,0.028472,0.0
0.072386,0.113776,0.0
-0.029091,0.074009,0.0
0.07567,0.045583,0.0
0.038044,0.082503,0.0
0.111206,0.049491,0.0
0.129846,0.056198,0.0
0.023596,0.081231,0.0
0.033625,0.071985,0.0
-0.002261,0.09394,0.0
-0.033026,0.077793,0.0
0.021338,0.083675,0.0
0.108291,0.043474,0.0
0.005818,0.045875,0.0
-0.003203,0.092964,0.0
0.001005,0.083699,0.0
0.102323,0.064434,0.0
0.120201,0.039486,0.0
-0.011984,0.043479,0.0
-0.032937,0.069445,0.0
0.119586,0.038054,0.0
0.120619,0.068121,0.0
0.013309,0.061922,0.0
-0.015072,0.070671,0.0
0.091911,0.073217,0.0
-0.016782,0.072266,0.0
0.091133,0.078005,0.0
-0.0134,0.077475,0.0
0.107376,0.083617,0.0
-0.031625,0.088737,0.0
0.081361,0.070977,0.0
-0.000675,0.066484,0.0
0.113462,0.119393,0.0
0.027049,0.077168,0.0
0.093553,0.064814,0.0
0.121968,0.096757,0.0
0.110375,0.099461,0.0
0.111985,0.086394,0.0
0.018007,0.09737,0.0
0.080667,0.068645,0.0
0.084442,0.052999,0.0
0.087745,0.078846,0.0
0.083107,0.039997,0.0
0.03273,0.049182,0.0
0.06306,0.026272,0.0
0.101379,0.063442,0.0
0.013679,0.051812,0.0
0.11316,0.036842,0.0
-0.004088,0.074655,0.0
0.027211,0.080386,0.0
0.079506,0.117707,0.0
0.001667,0.098389,0.0
0.020023,0.095173,0.0
0.1278,0.128098,0.0
0.071938,0.085491,0.0
0.102943,0.116043,0.0
0.125057,0.100736,0.0
0.091727,0.050996,0.0
0.07342,0.069418,0.0
0.115839,0.097438,0.0
0.109978,0.097808,0.0
0.128139,0.093205,0.0
0.121006,0.034304,0.0
0.11369,0.100999,0.0
0.079107,0.077913,0.0
0.087584,0.084091,0.0
0.083473,0.032092,0.0
0.022115,0.062086,0.0
0.122801,0.109852,0.0
0.072764,0.104736,0.0
0.02061,0.04244,0.0
0.007883,0.076504,0.0
0.083807,0.111922,0.0
0.129037,0.129061,0.0
0.064655,0.102841,0.0
0.068946,0.095233,0.0
0.125964,0.100987,0.0
0.020895,0.070896,0.0
0.100355,0.07063,0.0
0.067184,0.026869,0.0
0.113322,0.097074,0.0
0.021048,0.068017,0.0
-0.023214,0.056306,0.0
0.07204,0.093141,0.0
-0.007653,0.076815,0.0
0.027864,0.087324,0.0
-0.007464,0.044002,0.0
0.076963,0.048452,0.0
0.021097,0.055573,0.0
0.022844,0.092198,0.0
0.113965,0.109858,0.0
0.125337,0.118606,0.0
0.094662,0.095393,0.0
0.111079,0.064455,0.0
0.079647,0.027317,0.0
-0.001494,0.05056,0.0
0.088042,0.110448,0.0
0.124951,0.113946,0.0
0.07105,0.034044,0.0
0.037797,0.081508,0.0
-0.00045,0.047941,0.0
-0.012669,0.082451,0.0
0.09539,0.086603,0.0
-0.010467,0.079273,0.0
0.12513,0.066069,0.0
0.00228,0.094084,0.0
-0.013455,0.074592,0.0
0.025935,0.091437,0.0
0.064597,0.034758,0.0
0.073278,0.053144,0.0
0.122473,0.076074,0.0
0.067792,0.081252,0.0
0.07471,0.048765,0.0
0.123733,0.054851,0.0
0.102656,0.049414,0.0
0.123623,0.099596,0.0
0.088889,0.095749,0.0
0.022695,0.091695,0.0
-0.010372,0.09366,0.0
0.036763,0.080348,0.0
-0.003201,0.091355,0.0
0.01301,0.047768,0.0
0.023044,0.081342,0.0
-0.021918,0.078281,0.0
0.095899,0.115355,0.0
0.121877,0.098548,0.0
0.01203,0.095903,0.0
-0.015306,0.049348,0.0
0.013032,0.076087,0.0
-0.003269,0.05633,0.0
-0.010134,0.08876,0.0
0.078491,0.033137,0.0
0.038499,0.069407,0.0
0.079666,0.042543,0.0
0.109883,0.1047,0.0
0.115836,0.025761,0.0
0.075135,0.087667,0.0
0.058918,0.110971,0.0
0.112303,0.07702,0.0
0.105828,0.031665,0.0
-0.027399,0.073923,0.0
0.113888,0.043189,0.0
0.095607,0.024129,0.0
0.129454,0.120116,0.0
0.10886,0.032269,0.0
0.086092,0.034434,0.0
0.111161,0.077615,0.0
0.092125,0.023685,0.0
0.059108,0.031802,0.0
0.06219,0.110526,0.0
0.070435,0.079586,0.0
0.013398,0.098743,0.0
0.098512,0.042631,0.0
0.080144,0.104909,0.0
0.098098,0.087861,0.0
0.024787,0.07231,0.0
0.090896,0.068462,0.0
0.071082,0.029186,0.0
0.002488,0.061827,0.0
0.08849,0.080592,0.0
0.0107,0.062761,0.0
0.088554,0.074561,0.0
0.02239,0.040619,0.0
0.036655,0.082788,0.0
0.013927,0.051757,0.0
0.073922,0.116685,0.0
0.06729,0.097817,0.0
0.072479,0.088113,0.0
0.10662,0.035168,0.0
0.124904,0.123894,0.0
0.022859,0.07252,0.0
0.025703,0.042796,0.0
0.088329,0.112711,0.0
0.09123,0.022746,0.0
0.112137,0.046311,0.0
-0.027628,0.08374,0.0
0.07308,0.042709,0.0
0.104047,0.100269,0.0
0.127474,0.107205,0.0
0.003953,0.086182,0.0
-0.003579,0.082979,0.0
0.01411,0.098865,0.0
0.096458,0.026443,0.0
0.078262,0.053492,0.0
0.108876,0.115721,0.0
0.009759,0.10093,0.0
0.091985,0.021945,0.0
0.125827,0.036455,0.0
0.129402,0.094755,0.0
0.071681,0.02624,0.0
0.058016,0.023096,0.0
0.025342,0.070594,0.0
0.127111,0.115175,0.0
0.016623,0.047961,0.0
0.105304,0.073654,0.0
0.113036,0.044978,0.0
-0.028322,0.079731,0.0
-0.016093,0.086866,0.0
-0.012286,0.073749,0.0
0.025655,0.059295,0.0
0.016632,0.062334,0.0
0.00625,0.043247,0.0
0.003863,0.079945,0.0
0.002592,0.080848,0.0
0.12395,0.077542,0.0
0.016407,0.096674,0.0
0.124611,0.067212,0.0
0.116269,0.103529,0.0
-0.003619,0.072082,0.0
0.019156,0.09119,0.0
0.015508,0.067463,0.0
0.128978,0.062108,0.0
0.079767,0.049205,0.0
0.098507,0.041377,0.0
0.082382,0.091056,0.0
0.072869,0.064587,0.0
0.030332,0.056653,0.0
0.113947,0.071384,0.0
0.021245,0.077047,0.0
0.100919,0.064335,0.0
0.013831,0.066173,0.0
0.004548,0.083356,0.0
-0.01641,0.096955,0.0
0.094764,0.02303,0.0
0.025106,0.097561,0.0
0.09439,0.058523,0.0
0.109015,0.024482,0.0
0.123944,0.089699,0.0
0.068994,0.073807,0.0
0.122162,0.112124,0.0
-0.002617,0.084398,0.0
0.115939,0.070227,0.0
0.029095,0.045992,0.0
0.037908,0.058404,0.0
-0.008385,0.098057,0.0
0.098409,0.075112,0.0
0.009625,0.09072,0.0
0.119582,0.093193,0.0
0.088895,0.049302,0.0
0.12218,0.088552,0.0
-0.00364,0.04935,0.0
0.122102,0.128023,0.0
0.128458,0.06055,0.0
0.07075,0.109147,0.0
-0.030718,0.075847,0.0
0.038076,0.062273,0.0
0.075455,0.109234,0.0
0.121858,0.093134,0.0
-0.030998,0.071474,0.0
0.126878,0.111617,0.0
0.088815,0.106121,0.0
0.116788,0.05819,0.0
0.023519,0.074429,0.0
0.116371,0.056045,0.0
0.081043,0.064143,0.0
0.089645,0.049461,0.0
0.034643,0.062885,0.0
0.110607,0.090139,0.0
-0.005831,0.043753,0.0
0.0975,0.066665,0.0
0.03256,0.081444,0.0
0.090231,0.03168,0.0
-0.019403,0.062077,0.0
0.093993,0.119342,0.0
0.121387,0.111139,0.0
0.008144,0.090988,0.0
0.085069,0.089652,0.0
0.118594,0.05104,0.0
0.008821,0.064304,0.0
-0.017629,0.059423,0.0
0.00552,0.049964,0.0
0.093803,0.076904,0.0
0.104285,0.052696,0.0
-0.018923,0.061353,0.0
0.071919,0.086048,0.0
0.128259,0.111593,0.0
0.127968,0.108573,0.0
0.084749,0.043972,0.0
0.017965,0.081868,0.0
0.125807,0.054189,0.0
0.091955,0.115085,0.0
0.105644,0.044049,0.0
0.123163,0.107816,0.0
0.088745,0.118859,0.0
0.009104,0.092173,0.0
-0.017209,0.059167,0.0
0.074448,0.083407,0.0
0.076298,0.037137,0.0
0.094367,0.063497,0.0
-0.034495,0.081773,0.0
-0.020464,0.085211,0.0
0.071433,0.03411,0.0
-0.002753,0.060919,0.0
0.128297,0.06167,0.0
0.01129,0.060605,0.0
0.030522,0.084736,0.0
-0.009252,0.064406,0.0
0.113609,0.118214,0.0
0.07916,0.038856,0.0
0.076346,0.080621,0.0
0.003038,0.095739,0.0
0.003805,0.084559,0.0
0.015015,0.044505,0.0
-0.001561,0.097247,0.0
0.000549,0.053258,0.0
0.127457,0.128126,0.0
0.036026,0.07414,0.0
0.096535,0.097616,0.0
0.016981,0.059814,0.0
0.124879,0.118328,0.0
0.025905,0.043295,0.0
0.104403,0.084167,0.0
0.08047,0.102509,0.0
0.098675,0.054212,0.0
0.123584,0.12209,0.0
0.06538,0.103367,0.0
-0.011541,0.056883,0.0
0.106373,0.06775,0.0
0.017111,0.10303,0.0
0.116436,0.067774,0.0
-0.014787,0.087721,0.0
0.009819,0.05349,0.0
0.005861,0.073565,0.0
0.010375,0.057208,0.0
0.097832,0.093869,0.0
0.102019,0.025024,0.0
0.100291,0.06099,0.0
0.090991,0.037115,0.0
0.063774,0.033292,0.0
-0.006732,0.079363,0.0
0.114697,0.087011,0.0
0.104724,0.075216,0.0
0.081837,0.053936,0.0
0.083537,0.093378,0.0
0.116742,0.077758,0.0
0.086862,0.113208,0.0
0.094216,0.072766,0.0
0.100906,0.051087,0.0
0.068731,0.038068,0.0
0.113669,0.119527,0.0
0.098296,0.111011,0.0
0.064258,0.022714,0.0
0.06666,0.039367,0.0
-0.00599,0.091018,0.0
0.108708,0.081231,0.0
0.011661,0.078621,0.0
0.072,0.054311,0.0
-0.028934,0.078611,0.0
0.024752,0.084513,0.0
0.030923,0.070221,0.0
-0.004978,0.087283,0.0
0.094603,0.098249,0.0
-0.001841,0.056976,0.0
0.100862,0.07421,0.0
0.020292,0.095649,0.0
0.0047,0.041405,0.0
0.024007,0.084764,0.0
0.112103,0.066269,0.0
0.008169,0.098746,0.0
0.091014,0.066115,0.0
0.096955,0.119674,0.0
0.120949,0.073633,0.0
0.018754,0.065267,0.0
0.004017,0.058371,0.0
0.019179,0.053527,0.0
0.12248,0.048852,0.0
0.090348,0.04161,0.0
0.093654,0.051317,0.0
0.024196,0.079858,0.0
0.068489,0.05394,0.0
0.086528,0.072884,0.0
0.096879,0.035741,0.0
0.033085,0.076913,0.0
0.065136,0.047691,0.0
0.040212,0.066474,0.0
-0.008954,0.056245,0.0
0.033085,0.067616,0.0
-0.027327,0.090618,0.0
0.031079,0.073222,0.0
0.021985,0.097246,0.0
-0.000473,0.077616,0.0
0.064276,0.113312,0.0
-0.010816,0.083712,0.0
0.075916,0.112662,0.0
0.079169,0.022492,0.0
0.010411,0.053842,0.0
0.099206,0.073395,0.0
0.024548,0.101065,0.0
0.08222,0.10373,0.0
-0.026327,0.07677,0.0
0.095028,0.077,0.0
0.069128,0.104473,0.0
0.009375,0.049004,0.0
-0.01499,0.0639,0.0
-0.005572,0.088424,0.0
0.021681,0.096065,0.0
0.027008,0.045322,0.0
-0.010705,0.061072,0.0
-0.008047,0.047002,0.0
0.025146,0.093774,0.0
-0.005014,0.090207,0.0
0.07154,0.048147,0.0
0.101578,0.06959,0.0
0.079147,0.067165,0.0
0.00035,0.046403,0.0
0.016046,0.088714,0.0
0.022599,0.089276,0.0
0.09759,0.030422,0.0
0.034585,0.075555,0.0
0.124662,0.115729,0.0
0.11123,0.117425,0.0
-0.005009,0.075018,0.0
0.067699,0.078919,0.0
0.012327,0.04471,0.0
-0.012792,0.092389,0.0
-0.022997,0.09061,0.0
0.104359,0.067948,0.0
0.127788,0.047232,0.0
-0.006147,0.063071,0.0
-0.02869,0.063691,0.0
0.000523,0.075215,0.0
0.068911,0.031005,0.0
0.028367,0.08573,0.0
0.089263,0.113185,0.0
-0.02886,0.067684,0.0
0.031606,0.067835,0.0
0.10395,0.04224,0.0
0.11348,0.075856,0.0
0.024784,0.044365,0.0
0.076628,0.116693,0.0
0.002856,0.050968,0.0
0.031497,0.053045,0.0
-0.023531,0.075442,0.0
-0.014059,0.068739,0.0
0.027269,0.071233,0.0
0.097635,0.058928,0.0
0.032954,0.072594,0.0
0.099834,0.022428,0.0
0.005748,0.039649,0.0
0.087135,0.079181,0.0
0.123924,0.021831,0.0
-0.023939,0.06066,0.0
0.09374,0.110321,0.0
0.10695,0.094921,0.0
0.114557,0.096664,0.0
0.01529,0.09385,0.0
0.089501,0.071332,0.0
0.0874,0.04583,0.0
0.092219,0.044361,0.0
0.122806,0.063488,0.0
0.088682,0.053843,0.0
0.104445,0.046764,0.0
0.069716,0.115357,0.0
0.083864,0.093972,0.0
0.102471,0.02471,0.0
-0.034034,0.077389,0.0
0.077285,0.076207,0.0
0.095101,0.029468,0.0
0.080954,0.066009,0.0
0.129479,0.051323,0.0
0.010366,0.082458,0.0
-0.014489,0.095956,0.0
0.069829,0.077798,0.0
0.079394,0.027066,0.0
0.124587,0.064499,0.0
0.087133,0.022456,0.0
0.009934,0.099548,0.0
0.086532,0.091127,0.0
-0.018999,0.082412,0.0
0.005744,0.099366,0.0
0.090628,0.051775,0.0
0.065793,0.097396,0.0
-0.019244,0.090288,0.0
0.12958,0.101767,0.0
0.068368,0.03625,0.0
0.01963,0.091042,0.0
0.082543,0.112362,0.0
0.000805,0.097624,0.0
-0.006814,0.098993,0.0
-0.025842,0.059905,0.0
0.111706,0.125839,0.0
0.110531,0.033757,0.0
0.109922,0.083068,0.0
0.0674,0.105985,0.0
0.098486,0.117893,0.0
0.091518,0.050549,0.0
0.068511,0.105001,0.0
0.103274,0.037511,0.0
0.017006,0.101143,0.0
0.012382,0.052577,0.0
0.000658,0.039459,0.0
0.005217,0.065969,0.0
0.109433,0.088256,0.0
0.001858,0.073613,0.0
0.091398,0.074564,0.0
0.127321,0.048209,0.0
0.094203,0.073747,0.0
0.072494,0.046371,0.0
0.067617,0.108387,0.0
0.089036,0.106983,0.0
0.006296,0.073888,0.0
0.019437,0.08122,0.0
0.016382,0.073242,0.0
0.0056,0.06635,0.0
-0.011015,0.062013,0.0
0.012763,0.098292,0.0
0.102738,0.095667,0.0
-0.007407,0.047853,0.0
0.094917,0.105338,0.0
0.070827,0.109083,0.0
-0.01494,0.077414,0.0
0.088629,0.11473,0.0
-8.7e-05,0.090318,0.0
-0.012621,0.064156,0.0
0.012621,0.05983,0.0
0.102601,0.046656,0.0
0.074147,0.023942,0.0
-0.028674,0.074587,0.0
0.072907,0.077471,0.0
0.099649,0.115043,0.0
-0.009237,0.05474,0.0
-0.033451,0.083778,0.0
0.123247,0.076121,0.0
0.024484,0.073058,0.0
0.020423,0.08112,0.0
0.01214,0.089615,0.0
0.080972,0.050217,0.0
0.117665,0.037403,0.0
0.015847,0.083691,0.0
0.021971,0.088038,0.0
0.005082,0.042861,0.0
-0.005107,0.085164,0.0
0.117486,0.026943,0.0
0.110702,0.053634,0.0
0.098438,0.030541,0.0
0.127767,0.040285,0.0
0.072973,0.02778,0.0
-0.013611,0.085142,0.0
0.081442,0.082372,0.0
0.094685,0.055355,0.0
0.098517,0.094383,0.0
0.033608,0.057637,0.0
0.072288,0.098169,0.0
0.099745,0.081172,0.0
0.066082,0.039658,0.0
0.073437,0.109795,0.0
0.109239,0.099285,0.0
0.086108,0.065143,0.0
0.102675,0.091087,0.0
0.024551,0.041687,0.0
0.121263,0.118117,0.0
0.076102,0.022417,0.0
0.102993,0.072318,0.0
0.097001,0.061336,0.0
0.106756,0.073106,0.0
-0.026252,0.059122,0.0
-0.002375,0.078184,0.0
0.115243,0.086494,0.0
-0.03166,0.074571,0.0
0.106759,0.032536,0.0
0.074572,0.108003,0.0
0.100953,0.122598,0.0
0.09502,0.037022,0.0
0.103818,0.056405,0.0
0.09345,0.031356,0.0
0.071004,0.04632,0.0
0.013674,0.065142,0.0
0.107974,0.061487,0.0
0.084196,0.086013,0.0
-0.013455,0.04945,0.0
0.100708,0.10502,0.0
0.000784,0.064134,0.0
0.118994,0.09874,0.0
0.101668,0.114645,0.0
0.103129,0.041534,0.0
0.122243,0.090787,0.0
0.119189,0.111963,0.0
0.105996,0.061279,0.0
0.109209,0.096324,0.0
0.111396,0.117589,0.0
0.024723,0.054875,0.0
0.099498,0.060656,0.0
0.024339,0.087163,0.0
0.009638,0.043186,0.0
-0.026788,0.064831,0.0
0.115133,0.061836,0.0
0.031571,0.077856,0.0
0.108819,0.111697,0.0
-0.022773,0.093438,0.0
0.064521,0.03514,0.0
-0.012389,0.055299,0.0
-0.023709,0.080698,0.0
-0.000151,0.071775,0.0
0.094168,0.032565,0.0
0.027965,0.049389,0.0
0.077881,0.04014,0.0
0.098624,0.05964,0.0
0.067451,0.092406,0.0
0.009199,0.054437,0.0
0.024403,0.04683,0.0
0.080932,0.080089,0.0
0.127919,0.080097,0.0
0.0235,0.089951,0.0
-0.016822,0.082509,0.0
-0.015877,0.060752,0.0
-0.018012,0.063747,0.0
0.021103,0.097308,0.0
0.129448,0.029881,0.0
0.124267,0.108109,0.0
0.082405,0.099805,0.0
0.118245,0.125953,0.0
0.126606,0.053694,0.0
0.124617,0.035413,0.0
0.067948,0.034229,0.0
0.085305,0.023355,0.0
0.125717,0.098174,0.0
0.03549,0.058406,0.0
0.114148,0.10417,0.0
0.072682,0.034807,0.0
0.080445,0.08009,0.0
0.089707,0.054975,0.0
0.039528,0.066618,0.0
-0.026142,0.063189,0.0
-0.00582,0.097177,0.0
-0.013116,0.091952,0.0
0.104726,0.066347,0.0
0.019845,0.068375,0.0
0.118181,0.024868,0.0
-0.016497,0.047442,0.0
0.010478,0.048425,0.0
0.018456,0.071417,0.0
0.099814,0.045004,0.0
-0.002599,0.045448,0.0
0.033151,0.076809,0.0
0.101787,0.084728,0.0
-0.033935,0.076493,0.0
0.028704,0.096322,0.0
0.029635,0.068567,0.0
0.113794,0.029066,0.0
-0.013148,0.095542,0.0
0.084369,0.034579,0.0
0.098372,0.114788,0.0
0.128235,0.036955,0.0
0.128418,0.028624,0.0
0.115119,0.117548,0.0
0.005426,0.069568,0.0
0.117822,0.100567,0.0
0.10633,0.119079,0.0
0.101457,0.042061,0.0
0.073006,0.030271,0.0
0.076928,0.060184,0.0
0.103673,0.109244,0.0
0.096774,0.064943,0.0
0.120373,0.029213,0.0
0.072105,0.110305,0.0
0.079418,0.048359,0.0
-0.02125,0.064148,0.0
0.109466,0.04003,0.0
0.089389,0.108672,0.0
0.089251,0.111816,0.0
0.06703,0.084281,0.0
0.10636,0.039989,0.0
0.10248,0.119522,0.0
0.066485,0.089438,0.0
-0.014275,0.074845,0.0
0.020227,0.071043,0.0
0.060658,0.030856,0.0
0.118512,0.078625,0.0
0.028356,0.097796,0.0
0.092729,0.106434,0.0
0.019449,0.06319,0.0
-0.033044,0.084722,0.0
0.010329,0.101526,0.0
0.009866,0.058885,0.0
0.074819,0.028576,0.0
0.120107,0.082895,0.0
0.125911,0.094341,0.0
0.029555,0.08691,0.0
0.089954,0.02624,0.0
-0.026007,0.070843,0.0
0.11473,0.107099,0.0
0.071314,0.058985,0.0
0.098763,0.069981,0.0
0.118959,0.120457,0.0
-0.003371,0.041863,0.0
0.014124,0.071277,0.0
0.123318,0.063405,0.0
0.086857,0.073474,0.0
0.016165,0.08512,0.0
0.121305,0.086807,0.0
0.022478,0.044636,0.0
0.009997,0.057661,0.0
0.081165,0.041875,0.0
-0.008663,0.079911,0.0
0.115179,0.118839,0.0
-0.016252,0.081006,0.0
0.086112,0.069041,0.0
0.099374,0.054466,0.0
0.013517,0.062643,0.0
0.070852,0.081938,0.0
0.112894,0.071117,0.0
0.099429,0.050146,0.0
0.077954,0.11562,0.0
0.114619,0.050785,0.0
0.038185,0.071458,0.0
0.120078,0.075115,0.0
-0.014796,0.054222,0.0
0.032748,0.071098,0.0
0.067794,0.049761,0.0
0.128633,0.032511,0.0
0.124274,0.121335,0.0
0.082349,0.072744,0.0
0.077966,0.085138,0.0
0.102632,0.035768,0.0
0.121015,0.034201,0.0
0.104165,0.021979,0.0
0.063508,0.110742,0.0
0.118951,0.111574,0.0
0.110801,0.033657,0.0
-0.001131,0.062705,0.0
0.010345,0.099786,0.0
0.091642,0.063769,0.0
0.084865,0.032272,0.0
0.07523,0.030848,0.0
-0.007856,0.062713,0.0
0.066938,0.04212,0.0
0.037839,0.069764,0.0
0.036803,0.058147,0.0
0.074189,0.022712,0.0
0.075034,0.031967,0.0
0.102841,0.036376,0.0
-0.003062,0.057309,0.0
0.022527,0.101764,0.0
-0.028826,0.071867,0.0
0.073406,0.100404,0.0
0.12354,0.074487,0.0
-0.004045,0.085064,0.0
0.100457,0.097785,0.0
0.128321,0.129512,0.0
0.122708,0.05551,0.0
-0.010003,0.048596,0.0
-0.00744,0.059767,0.0
0.106243,0.109629,0.0
0.092121,0.041244,0.0
0.087689,0.108698,0.0
0.116275,0.084892,0.0
0.0666,0.098009,0.0
0.087929,0.074374,0.0
0.078534,0.065902,0.0
0.075029,0.088307,0.0
0.029199,0.077294,0.0
0.083434,0.040323,0.0
-0.004132,0.070255,0.0
0.114315,0.121975,0.0
0.07142,0.041021,0.0
0.00409,0.05255,0.0
0.081433,0.108264,0.0
-0.027364,0.08787,0.0
-0.003151,0.091782,0.0
0.116458,0.043606,0.0
-0.01604,0.075723,0.0
-0.006368,0.098062,0.0
0.121655,0.109523,0.0
-0.00801,0.045708,0.0
0.128674,0.103728,0.0
0.10311,0.052903,0.0
0.098983,0.116262,0.0
-0.033996,0.083642,0.0
0.098628,0.033112,0.0
0.126734,0.086643,0.0
1.2e-05,0.050808,0.0
0.097261,0.077898,0.0
0.128048,0.109051,0.0
-0.016409,0.048718,0.0
0.071718,0.025045,0.0
0.078275,0.061823,0.0
0.095055,0.067826,0.0
0.000387,0.066317,0.0
0.121338,0.123096,0.0
0.035304,0.069896,0.0
0.100526,0.111997,0.0
0.122794,0.106568,0.0
0.100888,0.035625,0.0
-0.023772,0.072428,0.0
0.102896,0.04628,0.0
0.028488,0.074535,0.0
0.014843,0.069334,0.0
0.125479,0.080637,0.0
0.028221,0.082654,0.0
0.069547,0.052943,0.0
0.038659,0.069999,0.0
0.106989,0.030885,0.0
0.101801,0.069887,0.0
0.119174,0.060013,0.0
0.119409,0.071045,0.0
0.094283,0.087344,0.0
1e-06,0.072199,0.0
0.10024,0.02854,0.0
0.123166,0.022915,0.0
0.127123,0.096443,0.0
0.096988,0.071837,0.0
0.089539,0.111398,0.0
0.016864,0.039502,0.0
0.062692,0.031199,0.0
0.094519,0.099278,0.0
0.035488,0.059012,0.0
0.083389,0.07901,0.0
-0.03101,0.084636,0.0
0.096409,0.031472,0.0
0.039565,0.078625,0.0
-0.020734,0.085985,0.0
-0.0337,0.078146,0.0
0.011735,0.102885,0.0
0.078147,0.091154,0.0
0.116848,0.085211,0.0
-0.007554,0.067166,0.0
0.001875,0.08586,0.0
-0.026777,0.089011,0.0
-0.000212,0.082883,0.0
-0.014852,0.095125,0.0
0.018647,0.049771,0.0
0.093172,0.049227,0.0
0.008311,0.051697,0.0
0.087014,0.065862,0.0
0.010021,0.077962,0.0
0.094062,0.118243,0.0
-0.011247,0.053038,0.0
0.071243,0.053125,0.0
0.092839,0.098326,0.0
0.105311,0.065634,0.0
0.107689,0.062281,0.0
0.075724,0.039655,0.0
0.108252,0.089126,0.0
0.10025,0.122475,0.0
0.033186,0.055861,0.0
0.069849,0.034679,0.0
-0.013869,0.079126,0.0
0.016146,0.066246,0.0
0.095662,0.097326,0.0
0.066856,0.095529,0.0
0.100197,0.027641,0.0
-0.014844,0.081322,0.0
0.129074,0.050077,0.0
0.017738,0.045395,0.0
0.127563,0.125874,0.0
0.019257,0.049013,0.0
0.110264,0.038195,0.0
0.075587,0.054367,0.0
0.08279,0.048417,0.0
-0.004449,0.074445,0.0
0.072761,0.086562,0.0
0.07343,0.079873,0.0
0.061091,0.029876,0.0
0.090541,0.054577,0.0
-0.021585,0.057994,0.0
-0.014179,0.060736,0.0
0.003725,0.04457,0.0
-0.011418,0.088725,0.0
0.100366,0.120143,0.0
0.072471,0.061445,0.0
0.111641,0.045078,0.0
0.120364,0.123973,0.0
0.117638,0.058703,0.0
0.124364,0.029499,0.0
0.080163,0.030314,0.0
0.09241,0.088337,0.0
0.119386,0.124721,0.0
0.088597,0.043635,0.0
-0.014213,0.076795,0.0
0.112044,0.07946,0.0
0.073725,0.114984,0.0
0.104553,0.097941,0.0
-0.019318,0.078932,0.0
0.089429,0.0721,0.0
0.089988,0.103399,0.0
-0.025401,0.081041,0.0
0.016607,0.041917,0.0
0.112604,0.09899,0.0
0.028001,0.080094,0.0
0.115743,0.126009,0.0
0.105083,0.119555,0.0
0.125597,0.09969,0.0
0.127314,0.105914,0.0
0.035084,0.08929,0.0
0.015913,0.084852,0.0
0.113377,0.050954,0.0
0.030251,0.046735,0.0
-0.015572,0.090898,0.0
0.099798,0.101469,0.0
0.128502,0.111561,0.0
-0.009824,0.047902,0.0
0.109182,0.053095,0.0
0.069344,0.034564,0.0
0.109294,0.122724,0.0
0.069687,0.111578,0.0
-0.010071,0.094932,0.0
0.080253,0.047449,0.0
0.101674,0.056202,0.0
0.073363,0.099393,0.0
0.001163,0.082634,0.0
0.092021,0.066726,0.0
0.126362,0.100816,0.0
-0.003151,0.098715,0.0
0.110212,0.049169,0.0
0.019688,0.047756,0.0
-0.024939,0.085717,0.0
0.081629,0.113602,0.0
0.011385,0.049111,0.0
0.10719,0.077163,0.0
0.015497,0.091441,0.0
0.120508,0.023845,0.0
0.086935,0.114572,0.0
0.088163,0.060404,0.0
0.075795,0.053716,0.0
0.079016,0.07458,0.0
0.069447,0.069527,0.0
0.086939,0.079081,0.0
0.07072,0.051244,0.0
0.120921,0.025605,0.0
0.116198,0.026811,0.0
-0.005449,0.086785,0.0
0.020199,0.067813,0.0
0.08436,0.060225,0.0
0.017161,0.088461,0.0
0.125854,0.044718,0.0
-0.006447,0.074548,0.0
0.037299,0.075189,0.0
0.127422,0.038182,0.0
0.078691,0.040411,0.0
0.091618,0.115082,0.0
0.07417,0.077608,0.0
-0.013462,0.080599,0.0
0.010379,0.043663,0.0
0.129995,0.05854,0.0
0.077532,0.099936,0.0
0.115201,0.118896,0.0
-0.015216,0.043119,0.0
0.032541,0.08555,0.0
0.06968,0.038467,0.0
0.111894,0.106099,0.0
0.117076,0.047486,0.0
0.101249,0.076914,0.0
0.113538,0.106557,0.0
0.111214,0.071721,0.0
0.091333,0.05475,0.0
0.074666,0.069899,0.0
0.00749,0.060708,0.0
-0.001185,0.076856,0.0
-0.020598,0.061218,0.0
0.070889,0.112558,0.0
0.088433,0.062215,0.0
-0.005421,0.066686,0.0
0.124304,0.030984,0.0
0.12506,0.046651,0.0
0.073523,0.087762,0.0
0.017611,0.075033,0.0
0.072489,0.037313,0.0
0.004865,0.086147,0.0
-0.000829,0.074774,0.0
0.086372,0.046575,0.0
0.017312,0.093171,0.0
0.03165,0.061449,0.0
0.082762,0.110673,0.0
0.033297,0.074588,0.0
0.123353,0.027741,0.0
0.078702,0.10623,0.0
-0.004226,0.06931,0.0
0.113759,0.03913,0.0
-0.027208,0.081065,0.0
0.012866,0.068377,0.0
0.123206,0.063771,0.0
0.110026,0.087718,0.0
0.0922,0.083071,0.0
0.112205,0.068287,0.0
0.080555,0.114361,0.0
0.094533,0.042702,0.0
0.097804,0.051645,0.0
-0.021161,0.056008,0.0
0.020319,0.072871,0.0
0.023849,0.084144,0.0
0.120466,0.035534,0.0
-0.019892,0.060883,0.0
0.101027,0.099915,0.0
0.114918,0.042738,0.0
0.125228,0.037762,0.0
0.000988,0.070229,0.0
0.129152,0.045512,0.0
0.118708,0.076546,0.0
0.078568,0.06105,0.0
0.078865,0.024297,0.0
0.011206,0.043444,0.0
0.069048,0.105905,0.0
0.00672,0.055349,0.0
0.034674,0.078026,0.0
-0.02143,0.085636,0.0
0.096027,0.024805,0.0
-0.017848,0.068649,0.0
0.079841,0.037739,0.0
-0.033063,0.079768,0.0
0.062302,0.109933,0.0
0.113602,0.092905,0.0
0.098072,0.038565,0.0
-0.006314,0.049844,0.0
0.071159,0.093465,0.0
0.067863,0.109545,0.0
0.108979,0.024441,0.0
0.019339,0.064103,0.0
0.122155,0.074733,0.0
0.09529,0.07225,0.0
0.108217,0.043135,0.0
0.092019,0.086745,0.0
0.11937,0.060691,0.0
0.114059,0.050395,0.0
0.125657,0.117127,0.0
0.055902,0.025665,0.0
0.129634,0.044162,0.0
0.109216,0.075079,0.0
0.112708,0.090948,0.0
0.091983,0.031292,0.0
0.036834,0.072499,0.0
0.00685,0.052394,0.0
0.017656,0.100281,0.0
0.114934,0.044611,0.0
0.12161,0.100781,0.0
0.040178,0.074252,0.0
0.093949,0.110699,0.0
0.1165,0.064994,0.0
0.129645,0.08921,0.0
0.088579,0.081037,0.0
0.008504,0.072973,0.0
0.080783,0.102848,0.0
0.089492,0.104202,0.0
0.036184,0.086216,0.0
0.061925,0.036326,0.0
0.120672,0.026278,0.0
0.034379,0.052007,0.0
0.025359,0.041931,0.0
0.061914,0.036049,0.0
0.122731,0.026646,0.0
0.040132,0.069457,0.0
0.026296,0.077592,0.0
0.099029,0.069111,0.0
0.126289,0.060227,0.0
-0.003006,0.083487,0.0
0.098759,0.030656,0.0
0.007713,0.039604,0.0
0.086147,0.115396,0.0
0.000894,0.065651,0.0
0.11078,0.040221,0.0
-0.026061,0.09177,0.0
0.031696,0.047989,0.0
-0.017725,0.079169,0.0
-0.005116,0.063788,0.0
0.113103,0.061582,0.0
0.1258,0.095427,0.0
0.11899,0.086406,0.0
0.076282,0.068596,0.0
0.067557,0.042713,0.0
0.113611,0.112885,0.0
0.093755,0.090358,0.0
0.098617,0.083505,0.0
0.018124,0.090718,0.0
-0.029615,0.084616,0.0
0.102262,0.110543,0.0
0.082603,0.084888,0.0
0.004595,0.10116,0.0
0.079779,0.083623,0.0
-0.013137,0.074195,0.0
-0.015987,0.077749,0.0
0.078982,0.045745,0.0
0.086034,0.07391,0.0
-0.005616,0.082924,0.0
0.004137,0.086015,0.0
-0.016056,0.068921,0.0
0.023721,0.085815,0.0
0.006548,0.101118,0.0
0.070168,0.026767,0.0
0.096269,0.106086,0.0
0.021861,0.062274,0.0
-0.027049,0.083723,0.0
0.109122,0.086131,0.0
0.003961,0.073715,0.0
0.110346,0.059922,0.0
0.083756,0.092853,0.0
0.080584,0.092631,0.0
0.00379,0.080218,0.0
0.015649,0.084739,0.0
-0.00773,0.062816,0.0
0.092346,0.104488,0.0
0.110953,0.107151,0.0
0.091567,0.06008,0.0
0.012881,0.050203,0.0
0.067219,0.106591,0.0
0.102277,0.042294,0.0
0.007998,0.061311,0.0
0.097749,0.036861,0.0
0.036391,0.068581,0.0
0.081372,0.080017,0.0
0.022158,0.043559,0.0
0.090782,0.098168,0.0
0.116722,0.08935,0.0
0.015072,0.071268,0.0
0.127811,0.071346,0.0
0.087348,0.072831,0.0
0.111594,0.106043,0.0
0.103341,0.074359,0.0
0.018656,0.060587,0.0
-0.015303,0.096374,0.0
-0.018271,0.083313,0.0
0.020224,0.057093,0.0
0.120421,0.025486,0.0
0.09923,0.028578,0.0
0.091486,0.08617,0.0
0.027556,0.071708,0.0
0.112251,0.083494,0.0
0.065873,0.089748,0.0
0.027827,0.06643,0.0
0.123638,0.114503,0.0
0.119585,0.048254,0.0
0.071028,0.062924,0.0
0.035959,0.057344,0.0
0.016937,0.083065,0.0
0.076768,0.031991,0.0
0.106896,0.121814,0.0
0.06078,0.029037,0.0
0.018677,0.078176,0.0
0.121811,0.061125,0.0
-0.015573,0.080659,0.0
-0.030953,0.083603,0.0
0.083748,0.035628,0.0
0.087785,0.077227,0.0
0.126783,0.116733,0.0
0.093411,0.076784,0.0
0.117391,0.075189,0.0
0.129727,0.116023,0.0
0.022975,0.048545,0.0
-0.014183,0.045923,0.0
0.078912,0.039632,0.0
0.090465,0.115461,0.0
0.023141,0.102367,0.0
0.129095,0.083572,0.0
-0.005914,0.068108,0.0
0.080713,0.089484,0.0
0.115615,0.073488,0.0
0.113115,0.056984,0.0
0.095986,0.080088,0.0
0.097214,0.030069,0.0
0.068008,0.051575,0.0
0.12121,0.065376,0.0
0.079746,0.06207,0.0
0.11917,0.092776,0.0
0.030608,0.065282,0.0
0.104751,0.100218,0.0
0.088751,0.064687,0.0
0.113015,0.092704,0.0
0.09254,0.05545,0.0
0.118362,0.06671,0.0
0.094291,0.068358,0.0
0.086571,0.055794,0.0
0.031783,0.05509,0.0
0.095393,0.03201,0.0
0.094302,0.072953,0.0
0.115317,0.050951,0.0
0.0208,0.087936,0.0
0.015458,0.092621,0.0
0.074127,0.033889,0.0
0.112921,0.093456,0.0
0.013618,0.102908,0.0
0.081689,0.05402,0.0
0.011199,0.09021,0.0
0.097672,0.109678,0.0
0.128762,0.04688,0.0
0.020027,0.097881,0.0
0.108768,0.032498,0.0
0.124979,0.071576,0.0
0.079706,0.032442,0.0
0.071672,0.072621,0.0
0.093358,0.041241,0.0
-0.007292,0.080558,0.0
0.00919,0.048724,0.0
0.080259,0.084296,0.0
0.084149,0.055848,0.0
0.091983,0.06116,0.0
0.081477,0.115842,0.0
0.102797,0.071638,0.0
0.061514,0.114531,0.0
0.06938,0.093388,0.0
0.081644,0.045953,0.0
-0.008504,0.069003,0.0
0.065398,0.023776,0.0
0.076363,0.045765,0.0
-0.025459,0.076034,0.0
0.085143,0.085658,0.0
0.107204,0.044656,0.0
-0.001862,0.072738,0.0
0.121622,0.023904,0.0
-0.008774,0.091859,0.0
0.121654,0.105497,0.0
-0.013178,0.088498,0.0
0.086328,0.026621,0.0
0.078929,0.083694,0.0
0.123401,0.080582,0.0
-0.004076,0.083728,0.0
-0.022771,0.069298,0.0
0.124156,0.047429,0.0
0.004936,0.092101,0.0
0.033577,0.050436,0.0
0.101614,0.120474,0.0
0.008315,0.099021,0.0
0.07488,0.083831,0.0
0.093892,0.107041,0.0
0.105868,0.091068,0.0
0.064974,0.107081,0.0
-0.010351,0.053743,0.0
0.110593,0.024693,0.0
0.126794,0.12784,0.0
0.066424,0.030595,0.0
0.125449,0.077591,0.0
0.089828,0.038702,0.0
0.092349,0.054622,0.0
0.102537,0.094591,0.0
0.018194,0.041737,0.0
0.089851,0.055412,0.0
0.127422,0.073671,0.0
-0.015385,0.078121,0.0
0.11033,0.050937,0.0
0.100132,0.031371,0.0
0.129339,0.064408,0.0
0.001782,0.097942,0.0
0.102245,0.081658,0.0
0.058064,0.027899,0.0
0.004228,0.097091,0.0
-0.004063,0.064118,0.0
0.104262,0.027203,0.0
0.114142,0.023943,0.0
0.128506,0.032573,0.0
-0.011524,0.063949,0.0
0.022312,0.08657,0.0
0.093029,0.053765,0.0
0.082961,0.031488,0.0
0.122824,0.094251,0.0
0.015585,0.09145,0.0
0.076892,0.060128,0.0
0.030685,0.050805,0.0
0.000342,0.04647,0.0
0.098651,0.048072,0.0
0.085908,0.067576,0.0
0.119356,0.077907,0.0
-0.018937,0.073813,0.0
0.091367,0.033787,0.0
0.065421,0.033836,0.0
-0.004662,0.072881,0.0
0.122607,0.096272,0.0
0.114182,0.046983,0.0
0.073704,0.041507,0.0
0.066449,0.040253,0.0
0.090729,0.035508,0.0
0.019364,0.078911,0.0
0.109578,0.026847,0.0
0.038488,0.059117,0.0
0.129183,0.052354,0.0
0.020798,0.069929,0.0
0.008693,0.081173,0.0
0.012904,0.062398,0.0
0.02193,0.044015,0.0
0.0859,0.04578,0.0
0.019972,0.046495,0.0
0.098482,0.082875,0.0
-0.007225,0.084017,0.0
0.122492,0.038219,0.0
0.07501,0.072446,0.0
0.094917,0.057121,0.0
0.075065,0.065883,0.0
-0.018383,0.086069,0.0
0.065717,0.036035,0.0
0.097734,0.118109,0.0
0.113717,0.022316,0.0
0.113058,0.0305,0.0
0.072427,0.044824,0.0
0.039023,0.064597,0.0
0.033228,0.085453,0.0
0.013654,0.064137,0.0
0.001306,0.058763,0.0
0.073854,0.091953,0.0
-0.007338,0.056814,0.0
0.07379,0.060237,0.0
0.125378,0.041936,0.0
0.12966,0.074921,0.0
0.104009,0.078668,0.0
0.011211,0.101489,0.0
0.025968,0.05361,0.0
0.01609,0.067462,0.0
0.11755,0.027217,0.0
0.075224,0.113238,0.0
0.126342,0.091816,0.0
0.07373,0.070365,0.0
0.083128,0.092491,0.0
0.084723,0.098335,0.0
0.017287,0.049637,0.0
0.020705,0.076624,0.0
0.118299,0.053978,0.0
0.059729,0.026353,0.0
-0.028114,0.071139,0.0
0.086891,0.08249,0.0
0.077499,0.079324,0.0
0.12552,0.041201,0.0
0.08507,0.09923,0.0
0.094618,0.076831,0.0
0.127611,0.06823,0.0
0.065011,0.109171,0.0
0.112011,0.059763,0.0
-0.023146,0.087022,0.0
-0.012127,0.050711,0.0
0.098049,0.048409,0.0
-0.012267,0.086601,0.0
0.072305,0.030102,0.0
0.016596,0.076011,0.0
-0.019878,0.052634,0.0
0.01405,0.081557,0.0
0.084517,0.055773,0.0
0.026311,0.058388,0.0
0.009241,0.067207,0.0
0.094449,0.070864,0.0
0.06777,0.114861,0.0
0.091149,0.056321,0.0
0.077281,0.068142,0.0
-0.015169,0.089355,0.0
0.059933,0.109228,0.0
0.10519,0.055832,0.0
0.066415,0.037057,0.0
0.124028,0.08369,0.0
0.069943,0.037898,0.0
0.123882,0.083882,0.0
0.083917,0.045397,0.0
0.079885,0.02951,0.0
0.11572,0.064131,0.0
0.008131,0.07427,0.0
0.122457,0.045415,0.0
0.078201,0.117102,0.0
0.095894,0.09979,0.0
0.034792,0.057173,0.0
0.084669,0.056644,0.0
0.07375,0.100854,0.0
0.036656,0.064509,0.0
-0.004173,0.066968,0.0
0.067183,0.028746,0.0
0.122068,0.043083,0.0
-0.021623,0.086084,0.0
0.117787,0.047041,0.0
0.028986,0.096284,0.0
0.06789,0.081367,0.0
0.06626,0.10294,0.0
0.091072,0.078141,0.0
0.102295,0.108063,0.0
0.073465,0.061428,0.0
0.021609,0.083393,0.0
0.081152,0.077078,0.0
0.022123,0.069385,0.0
0.098212,0.115312,0.0
-0.01243,0.078925,0.0
0.028742,0.079908,0.0
-0.029787,0.066105,0.0
0.008215,0.08716,0.0
0.12934,0.118019,0.0
0.089488,0.078063,0.0
0.107658,0.037667,0.0
0.125996,0.097429,0.0
0.107273,0.110617,0.0
0.009302,0.066543,0.0
0.081222,0.037451,0.0
0.09681,0.107297,0.0
0.070691,0.033434,0.0
0.120466,0.117915,0.0
0.120843,0.052762,0.0
0.103898,0.120004,0.0
0.122138,0.079608,0.0
0.129087,0.028207,0.0
0.103749,0.11716,0.0
-0.01869,0.090091,0.0
0.003665,0.088097,0.0
-0.015554,0.065133,0.0
0.065964,0.109197,0.0
-0.009229,0.071981,0.0
0.101961,0.094185,0.0
0.085732,0.050168,0.0
0.022867,0.074364,0.0
0.014486,0.049691,0.0
0.10824,0.028046,0.0
0.022423,0.095255,0.0
0.076823,0.07661,0.0
0.005348,0.089168,0.0
0.076984,0.06596,0.0
0.083162,0.099652,0.0
0.096731,0.062435,0.0
0.01341,0.094249,0.0
0.099974,0.087594,0.0
0.083091,0.043686,0.0
0.099496,0.093107,0.0
-0.020432,0.058696,0.0
0.073152,0.077115,0.0
0.028989,0.073601,0.0
0.009944,0.043493,0.0
-0.015114,0.05038,0.0
0.071727,0.079669,0.0
0.011854,0.065614,0.0
0.018807,0.074519,0.0
0.088954,0.047937,0.0
-0.000177,0.071599,0.0
0.108386,0.036875,0.0
0.092393,0.0779,0.0
0.109644,0.039176,0.0
-0.009406,0.079259,0.0
0.074388,0.091458,0.0
0.100264,0.103278,0.0
0.123896,0.117879,0.0
0.081472,0.089759,0.0
0.036397,0.081064,0.0
0.095705,0.12151,0.0
0.08586,0.088915,0.0
0.105166,0.033059,0.0
0.116012,0.100764,0.0
0.098299,0.035447,0.0
0.11331,0.096046,0.0
0.092508,0.029795,0.0
0.096865,0.049224,0.0
0.096742,0.094957,0.0
0.024062,0.049855,0.0
0.004725,0.053338,0.0
0.114707,0.061568,0.0
0.025143,0.07178,0.0
-0.008619,0.049552,0.0
0.078194,0.034815,0.0
0.004264,0.073635,0.0
0.077574,0.089769,0.0
0.039624,0.065397,0.0
0.11596,0.027432,0.0
0.004448,0.090976,0.0
-0.00135,0.07165,0.0
-0.015935,0.062505,0.0
0.016878,0.093947,0.0
0.075632,0.023132,0.0
-0.025913,0.094386,0.0
0.120299,0.116805,0.0
0.086721,0.084706,0.0
0.080745,0.107649,0.0
0.12744,0.104169,0.0
0.010419,0.102299,0.0
0.112333,0.094474,0.0
0.10676,0.039534,0.0
0.097739,0.055777,0.0
0.117099,0.125185,0.0
-0.004052,0.04917,0.0
0.121765,0.080743,0.0
0.063002,0.029294,0.0
0.097472,0.116046,0.0
0.013286,0.075725,0.0
0.034553,0.079939,0.0
0.078797,0.068531,0.0
-0.008877,0.06879,0.0
0.093604,0.119648,0.0
0.069117,0.02534,0.0
0.013562,0.056053,0.0
0.110353,0.079508,0.0
0.06926,0.037529,0.0
0.102565,0.085183,0.0
0.101633,0.115441,0.0
0.098026,0.029377,0.0
0.120807,0.125339,0.0
0.077435,0.089222,0.0
0.088366,0.067173,0.0
0.011304,0.045866,0.0
0.122658,0.064121,0.0
-0.019031,0.051277,0.0
0.084692,0.055252,0.0
0.11694,0.127078,0.0
-0.026167,0.087362,0.0
0.11835,0.120829,0.0
0.008329,0.043118,0.0
0.090299,0.074152,0.0
0.085226,0.072325,0.0
0.109596,0.083438,0.0
-0.004958,0.09724,0.0
0.018117,0.102241,0.0
0.003536,0.075152,0.0
0.081613,0.078927,0.0
0.020224,0.083932,0.0
0.000719,0.092793,0.0
0.065622,0.033252,0.0
0.070121,0.071388,0.0
0.124088,0.067824,0.0
0.010186,0.096563,0.0
0.073581,0.081751,0.0
0.073801,0.078683,0.0
0.086534,0.099411,0.0
-0.004734,0.059741,0.0
0.127604,0.092745,0.0
0.002585,0.049102,0.0
0.025153,0.07646,0.0
-0.005815,0.093192,0.0
0.097549,0.058965,0.0
0.024387,0.05025,0.0
0.018561,0.086426,0.0
0.110401,0.112792,0.0
-0.027258,0.076437,0.0
0.092712,0.075121,0.0
0.105337,0.043867,0.0
0.094627,0.099175,0.0
0.032738,0.050284,0.0
0.094102,0.045819,0.0
0.076574,0.074859,0.0
0.069134,0.071491,0.0
-0.02673,0.09218,0.0
0.12348,0.093134,0.0
0.074337,0.070266,0.0
0.112053,0.093365,0.0
0.109927,0.033155,0.0
-0.025517,0.070262,0.0
0.066337,0.035312,0.0
0.112684,0.097303,0.0
0.105656,0.04159,0.0
0.113029,0.067074,0.0
0.063854,0.098806,0.0
0.118896,0.021582,0.0
0.093816,0.108693,0.0
0.096012,0.106483,0.0
0.105445,0.074568,0.0
0.119908,0.070653,0.0
0.110158,0.111273,0.0
0.073494,0.076625,0.0
0.079978,0.047418,0.0
0.07588,0.106892,0.0
0.11567,0.061339,0.0
0.008653,0.053267,0.0
0.10208,0.101867,0.0
0.096287,0.057176,0.0
0.126253,0.108434,0.0
0.028138,0.085041,0.0
0.098937,0.050803,0.0
0.087071,0.117272,0.0
0.122818,0.09463,0.0
0.106315,0.026746,0.0
-0.032633,0.065343,0.0
0.129582,0.067095,0.0
0.101379,0.022719,0.0
0.016545,0.079056,0.0
0.072604,0.076945,0.0
-0.019988,0.055988,0.0
0.089133,0.07109,0.0
0.072574,0.042429,0.0
-0.011591,0.053375,0.0
0.086633,0.057352,0.0
0.072886,0.049509,0.0
0.091499,0.075511,0.0
0.033977,0.090062,0.0
0.124393,0.037983,0.0
0.038705,0.061382,0.0
0.018602,0.086432,0.0
0.076246,0.063622,0.0
0.068373,0.083932,0.0
0.014407,0.06977,0.0
0.011784,0.084541,0.0
0.03216,0.08533,0.0
0.094381,0.101736,0.0
0.105704,0.059559,0.0
0.085975,0.024284,0.0
0.009762,0.061393,0.0
0.070252,0.043247,0.0
0.001237,0.087162,0.0
0.12102,0.023632,0.0
0.081275,0.086169,0.0
0.068009,0.024844,0.0
0.082325,0.083716,0.0
-0.027723,0.092864,0.0
0.111177,0.045003,0.0
0.087772,0.078214,0.0
0.117674,0.117004,0.0
0.113839,0.036252,0.0
-0.005673,0.069477,0.0
0.020962,0.048601,0.0
0.059182,0.030638,0.0
0.09709,0.028785,0.0
0.072072,0.079326,0.0
0.09409,0.087793,0.0
0.031607,0.085345,0.0
0.110718,0.119725,0.0
0.006794,0.097847,0.0
0.0047,0.092796,0.0
0.066315,0.097697,0.0
0.022778,0.074264,0.0
0.071905,0.048308,0.0
-0.006649,0.045299,0.0
0.00446,0.06351,0.0
0.12982,0.038573,0.0
0.068349,0.034303,0.0
0.081392,0.082969,0.0
0.088334,0.045439,0.0
0.112548,0.078074,0.0
0.093058,0.05495,0.0
0.068474,0.027776,0.0
0.066364,0.095767,0.0
0.096076,0.098726,0.0
0.108936,0.066549,0.0
0.026828,0.057731,0.0
-0.004679,0.08651,0.0
0.001502,0.085509,0.0
0.060159,0.108233,0.0
0.100461,0.052495,0.0
-0.016886,0.050336,0.0
0.121699,0.109323,0.0
0.102911,0.094551,0.0
-0.019978,0.084849,0.0
0.126446,0.103654,0.0
0.011346,0.06954,0.0
0.08865,0.084121,0.0
0.088521,0.049143,0.0
0.106945,0.108919,0.0
0.108702,0.085715,0.0
0.123285,0.053021,0.0
0.078149,0.095117,0.0
0.110067,0.025866,0.0
0.023918,0.05066,0.0
0.004502,0.047238,0.0
0.11296,0.059654,0.0
0.104287,0.122134,0.0
0.103749,0.058467,0.0
-0.009363,0.056168,0.0
0.005367,0.072948,0.0
0.079247,0.068004,0.0
0.127696,0.050261,0.0
0.127935,0.022917,0.0
0.114975,0.068467,0.0
-0.02272,0.068521,0.0
0.129267,0.030219,0.0
0.000232,0.082007,0.0
-8e-05,0.053982,0.0
0.110381,0.116302,0.0
0.10239,0.101735,0.0
0.085611,0.032822,0.0
0.098275,0.037465,0.0
0.117246,0.081636,0.0
-0.022938,0.085798,0.0
0.092684,0.081409,0.0
0.115471,0.08152,0.0
0.080273,0.026015,0.0
0.038302,0.067781,0.0
0.114007,0.082565,0.0
0.009215,0.088383,0.0
0.085489,0.058683,0.0
0.07283,0.103057,0.0
-0.029414,0.089482,0.0
0.102393,0.120145,0.0
0.127167,0.05998,0.0
0.11463,0.087635,0.0
0.075043,0.029917,0.0
-0.005543,0.050407,0.0
0.129343,0.087902,0.0
-0.029272,0.090871,0.0
0.091697,0.080492,0.0
0.017325,0.058312,0.0
0.014851,0.098535,0.0
0.119438,0.124517,0.0
0.085605,0.093625,0.0
0.119693,0.073956,0.0
0.116417,0.07195,0.0
0.078162,0.074074,0.0
0.062095,0.024247,0.0
-0.024304,0.093686,0.0
0.123662,0.096167,0.0
0.066602,0.040865,0.0
0.112614,0.04307,0.0
0.0196,0.086365,0.0
0.075856,0.069042,0.0
0.077717,0.072796,0.0
0.106551,0.079605,0.0
-0.01327,0.080193,0.0
0.104709,0.122857,0.0
0.11618,0.026681,0.0
0.100444,0.11173,0.0
0.098418,0.075595,0.0
0.075835,0.033496,0.0
0.073906,0.104067,0.0
-0.019354,0.082896,0.0
0.066731,0.102547,0.0
0.089709,0.068867,0.0
0.000981,0.073248,0.0
0.067626,0.113424,0.0
-0.009828,0.048577,0.0
0.020062,0.056313,0.0
0.083071,0.066368,0.0
0.120268,0.089457,0.0
0.127077,0.065315,0.0
0.069826,0.092447,0.0
0.025327,0.089589,0.0
0.024099,0.065696,0.0
0.11688,0.107837,0.0
0.095646,0.096271,0.0
0.118073,0.095225,0.0
0.093245,0.067198,0.0
0.013724,0.042232,0.0
-0.033661,0.080698,0.0
0.109987,0.021636,0.0
-0.006213,0.062704,0.0
-0.003919,0.064113,0.0
0.09629,0.061563,0.0
0.020902,0.065792,0.0
0.097612,0.112938,0.0
0.122218,0.102041,0.0
0.084563,0.045852,0.0
0.092048,0.037368,0.0
0.072813,0.077369,0.0
0.005706,0.057794,0.0
0.008448,0.041018,0.0
0.110683,0.077593,0.0
-0.020951,0.090548,0.0
0.113014,0.097345,0.0
0.031991,0.050733,0.0
-0.008975,0.088773,0.0
0.063756,0.102616,0.0
0.033964,0.075594,0.0
0.079781,0.111509,0.0
0.106173,0.054984,0.0
0.034431,0.089683,0.0
0.103378,0.094484,0.0
0.100974,0.057853,0.0
0.08403,0.08791,0.0
0.019294,0.069697,0.0
0.00133,0.05075,0.0
0.104862,0.120999,0.0
0.072861,0.117244,0.0
-0.028367,0.091309,0.0
0.074731,0.058876,0.0
0.067427,0.084605,0.0
0.031525,0.091074,0.0
0.015961,0.073819,0.0
0.084556,0.0875,0.0
0.073772,0.035671,0.0
-0.012366,0.069044,0.0
-0.008642,0.075404,0.0
0.094022,0.055126,0.0
0.008147,0.073299,0.0
0.033573,0.084705,0.0
0.099771,0.046102,0.0
0.086976,0.095219,0.0
-0.004596,0.079458,0.0
-0.027362,0.09293,0.0
0.107788,0.117685,0.0
-0.003184,0.072993,0.0
0.123299,0.073242,0.0
0.03646,0.063908,0.0
0.0772,0.071316,0.0
0.014622,0.057127,0.0
-0.028548,0.0821,0.0
-0.026453,0.088192,0.0
0.102776,0.109831,0.0
-0.02774,0.085093,0.0
0.083665,0.059155,0.0
0.026978,0.064315,0.0
0.111075,0.117954,0.0
-0.01822,0.056472,0.0
0.099226,0.086428,0.0
0.030539,0.058951,0.0
0.05486,0.025293,0.0
0.093653,0.047811,0.0
0.083606,0.07829,0.0
0.064436,0.03649,0.0
-0.024064,0.086541,0.0
0.057912,0.11336,0.0
0.099784,0.119641,0.0
0.081506,0.034297,0.0
0.027729,0.05158,0.0
0.006764,0.083997,0.0
0.021104,0.062401,0.0
0.021712,0.055403,0.0
0.028129,0.064749,0.0
-0.018268,0.064101,0.0
-0.002993,0.073634,0.0
0.129712,0.041688,0.0
0.03453,0.082384,0.0
0.126598,0.052095,0.0
0.017763,0.03772,0.0
0.014396,0.052167,0.0
0.067858,0.080754,0.0
-0.03315,0.078515,0.0
0.014551,0.038028,0.0
0.113569,0.033399,0.0
0.127678,0.069131,0.0
0.071767,0.069531,0.0
0.102522,0.12037,0.0
-0.008281,0.074267,0.0
0.068418,0.100872,0.0
0.101378,0.111527,0.0
0.006412,0.059864,0.0
0.022455,0.067131,0.0
0.03032,0.09013,0.0
0.007234,0.047428,0.0
0.010465,0.088482,0.0
0.013304,0.050293,0.0
-0.01073,0.045928,0.0
0.004086,0.082997,0.0
0.101313,0.088971,0.0
-0.014811,0.052085,0.0
0.118884,0.052281,0.0
0.00438,0.040493,0.0
-0.034722,0.076628,0.0
0.086906,0.037001,0.0
-0.021023,0.053674,0.0
0.033853,0.062317,0.0
0.081527,0.088997,0.0
0.115881,0.042631,0.0
0.034152,0.077875,0.0
0.004649,0.057347,0.0
0.120937,0.095725,0.0
0.003206,0.095436,0.0
0.019337,0.077374,0.0
0.088206,0.040359,0.0
-0.002968,0.062118,0.0
0.088402,0.040853,0.0
0.086309,0.023401,0.0
0.024644,0.064749,0.0
-0.005544,0.059743,0.0
0.117142,0.070239,0.0
0.075012,0.087216,0.0
0.098734,0.075707,0.0
0.071014,0.050674,0.0
-0.0107,0.050472,0.0
-0.028195,0.094362,0.0
0.097779,0.096064,0.0
0.005297,0.041704,0.0
0.078554,0.083533,0.0
-0.011938,0.04328,0.0
0.058359,0.113301,0.0
-0.005132,0.065455,0.0
0.106459,0.059697,0.0
0.095723,0.027683,0.0
0.064686,0.096573,0.0
-0.001872,0.048312,0.0
0.004326,0.089734,0.0
0.085225,0.095102,0.0
-0.033041,0.072243,0.0
0.097512,0.082339,0.0
0.086228,0.08229,0.0
0.127977,0.086451,0.0
-0.017705,0.073667,0.0
0.030549,0.088905,0.0
0.016786,0.096418,0.0
0.025582,0.063455,0.0
0.103402,0.096334,0.0
-0.011144,0.056555,0.0
0.027163,0.048286,0.0
0.024323,0.063593,0.0
0.10231,0.044565,0.0
0.090507,0.079618,0.0
0.027921,0.053271,0.0
0.111364,0.084101,0.0
0.119955,0.085148,0.0
0.063122,0.107801,0.0
-0.028613,0.081001,0.0
0.113127,0.07779,0.0
0.120502,0.104059,0.0
0.104991,0.079871,0.0
0.098124,0.087699,0.0
-0.022886,0.085185,0.0
-0.009375,0.049227,0.0
0.115462,0.05115,0.0
0.100573,0.071931,0.0
-0.014928,0.04973,0.0
0.079499,0.036013,0.0
0.085889,0.102944,0.0
0.125808,0.077097,0.0
0.031286,0.078158,0.0
0.081691,0.034339,0.0
-0.01196,0.09614,0.0
-0.012181,0.062871,0.0
0.074162,0.05093,0.0
-0.00144,0.063682,0.0
0.004837,0.079635,0.0
0.110834,0.060353,0.0
0.0159,0.068192,0.0
0.007903,0.067772,0.0
0.068555,0.022625,0.0
0.118856,0.07181,0.0
0.11555,0.106656,0.0
-0.002503,0.054233,0.0
0.112208,0.066473,0.0
0.064367,0.097206,0.0
0.116685,0.106927,0.0
0.121377,0.106288,0.0
-0.014983,0.061738,0.0
0.116754,0.023237,0.0
0.115998,0.043419,0.0
0.067802,0.027682,0.0
0.018237,0.042752,0.0
-0.002937,0.047622,0.0
0.124532,0.06792,0.0
0.074854,0.03676,0.0
0.013719,0.078649,0.0
0.096271,0.089721,0.0
0.097093,0.028533,0.0
-0.017997,0.064465,0.0
0.095131,0.048944,0.0
0.018342,0.061159,0.0
0.028189,0.08708,0.0
0.074648,0.049684,0.0
-0.007672,0.069176,0.0
0.124523,0.049974,0.0
-0.020229,0.078496,0.0
0.107156,0.034777,0.0
0.113272,0.107864,0.0
0.07164,0.111387,0.0
0.106818,0.100775,0.0
-0.016072,0.062,0.0
0.06506,0.040078,0.0
-0.022614,0.066599,0.0
0.036414,0.058331,0.0
0.080789,0.044888,0.0
0.109102,0.107546,0.0
0.037566,0.074752,0.0
0.098834,0.068046,0.0
0.063977,0.033097,0.0
-0.021649,0.084901,0.0
0.077983,0.080619,0.0
0.031833,0.054133,0.0
-0.009833,0.075606,0.0
0.108202,0.080777,0.0
0.02903,0.09742,0.0
0.007286,0.092172,0.0
0.121737,0.046608,0.0
0.102794,0.040516,0.0
0.109548,0.116158,0.0
0.109439,0.035936,0.0
0.096641,0.032323,0.0
0.100091,0.122243,0.0
0.03545,0.081918,0.0
-0.028151,0.07512,0.0
0.031226,0.05067,0.0
0.126259,0.033656,0.0
0.074485,0.097629,0.0
0.084766,0.078229,0.0
0.112976,0.079478,0.0
0.092008,0.03581,0.0
0.076086,0.029784,0.0
0.023315,0.087885,0.0
0.092104,0.109539,0.0
0.120571,0.089101,0.0
0.005431,0.066186,0.0
-0.010886,0.075904,0.0
0.088408,0.050485,0.0
0.003929,0.07953,0.0
0.024793,0.079996,0.0
0.022931,0.097755,0.0
0.080559,0.029962,0.0
0.110029,0.085187,0.0
-0.002701,0.091824,0.0
0.011433,0.063735,0.0
0.071215,0.064622,0.0
0.065796,0.038378,0.0
0.006478,0.080373,0.0
0.007733,0.089334,0.0
0.077987,0.059044,0.0
0.101085,0.104379,0.0
0.026417,0.064024,0.0
0.10574,0.039334,0.0
-0.010722,0.079714,0.0
0.065318,0.024683,0.0
0.010294,0.090038,0.0
0.081288,0.05245,0.0
0.017198,0.081114,0.0
0.089535,0.099249,0.0
-0.006386,0.076243,0.0
0.119018,0.082417,0.0
0.111841,0.07036,0.0
0.108956,0.038014,0.0
0.098956,0.121262,0.0
0.105092,0.096437,0.0
-0.022595,0.094359,0.0
0.094664,0.037229,0.0
0.087363,0.040653,0.0
0.074917,0.086392,0.0
0.077582,0.054395,0.0
0.029026,0.072163,0.0
0.019584,0.052941,0.0
0.073285,0.099813,0.0
0.000168,0.039601,0.0
-0.019541,0.091874,0.0
0.010205,0.043637,0.0
0.033134,0.048087,0.0
-0.005031,0.045206,0.0
0.083736,0.074447,0.0
0.075428,0.026981,0.0
0.117488,0.054474,0.0
0.112421,0.090804,0.0
0.105742,0.12425,0.0
0.022341,0.072045,0.0
0.009496,0.089105,0.0
0.117776,0.077985,0.0
0.115056,0.091408,0.0
0.091021,0.043971,0.0
0.126131,0.120871,0.0
0.062684,0.033675,0.0
0.037604,0.084017,0.0
0.069717,0.086858,0.0
0.124376,0.052119,0.0
0.104565,0.053686,0.0
-0.010664,0.047468,0.0
0.115311,0.062872,0.0
0.124434,0.073792,0.0
-0.010947,0.049677,0.0
0.114677,0.098677,0.0
0.02766,0.099973,0.0
0.029692,0.04676,0.0
0.128179,0.034562,0.0
0.07306,0.098545,0.0
0.077874,0.074958,0.0
0.08739,0.119145,0.0
0.096445,0.116029,0.0
0.007607,0.043345,0.0
0.106715,0.083144,0.0
0.12209,0.083639,0.0
0.069452,0.054967,0.0
-0.004712,0.047998,0.0
0.017732,0.057376,0.0
0.12329,0.110351,0.0
-0.023844,0.084151,0.0
0.077839,0.033652,0.0
-0.007213,0.096747,0.0
0.115672,0.114514,0.0
0.094773,0.095229,0.0
0.022067,0.097178,0.0
-0.000887,0.092614,0.0
0.072657,0.032814,0.0
0.10257,0.027944,0.0
0.094552,0.076495,0.0
0.12616,0.121427,0.0
0.087148,0.056216,0.0
-0.011717,0.078656,0.0
0.120032,0.079245,0.0
-0.01774,0.081896,0.0
0.075436,0.100363,0.0
0.089697,0.051471,0.0
0.075422,0.064802,0.0
0.127592,0.059666,0.0
0.064333,0.039673,0.0
0.012686,0.0885,0.0
-0.030119,0.081026,0.0
0.12605,0.04274,0.0
0.033367,0.082691,0.0
0.017058,0.071886,0.0
0.12981,0.074029,0.0
-0.033339,0.07257,0.0
0.115794,0.061423,0.0
0.121084,0.092663,0.0
0.027956,0.077138,0.0
0.089203,0.045919,0.0
0.025159,0.051426,0.0
0.114061,0.089847,0.0
0.097528,0.027194,0.0
0.093329,0.050317,0.0
0.009455,0.053612,0.0
0.016884,0.038231,0.0
0.01451,0.055288,0.0
0.110166,0.059636,0.0
0.00509,0.046653,0.0
0.07688,0.050383,0.0
0.038428,0.061041,0.0
0.01332,0.049275,0.0
0.109377,0.099967,0.0
0.119546,0.056207,0.0
0.021644,0.05852,0.0
0.104736,0.030189,0.0
0.126594,0.121123,0.0
0.099445,0.085787,0.0
0.079446,0.026756,0.0
0.085147,0.03691,0.0
-0.004948,0.076137,0.0
0.091432,0.030555,0.0
0.112755,0.067467,0.0
0.087169,0.027005,0.0
0.010249,0.081862,0.0
0.010989,0.084517,0.0
-0.015275,0.063928,0.0
0.11165,0.086591,0.0
0.114263,0.038786,0.0
0.063752,0.104434,0.0
0.020172,0.088839,0.0
-0.030703,0.082952,0.0
0.116567,0.093868,0.0
-0.020647,0.091723,0.0
0.114528,0.062286,0.0
-0.030462,0.089533,0.0
0.121846,0.05811,0.0
0.114392,0.073316,0.0
0.119961,0.117596,0.0
0.002899,0.091845,0.0
0.124628,0.091128,0.0
-0.022519,0.079417,0.0
0.01259,0.073359,0.0
-0.010196,0.052657,0.0
0.127239,0.030702,0.0
0.092506,0.109778,0.0
0.01336,0.038847,0.0
-0.024668,0.071863,0.0
0.087687,0.074851,0.0
0.10443,0.067707,0.0
0.112258,0.026991,0.0
0.071767,0.042424,0.0
-0.030049,0.078829,0.0
-0.000691,0.082817,0.0
0.08262,0.058857,0.0
-0.016136,0.048836,0.0
0.125158,0.094574,0.0
0.113036,0.059421,0.0
-0.011445,0.071488,0.0
0.125604,0.060979,0.0
0.097661,0.08772,0.0
-0.024231,0.088521,0.0
0.106093,0.111937,0.0
0.111399,0.064366,0.0
0.012232,0.054708,0.0
0.032822,0.050303,0.0
0.002162,0.068309,0.0
0.101882,0.079332,0.0
0.10022,0.115283,0.0
0.114466,0.124375,0.0
0.129387,0.04478,0.0
-0.010498,0.066156,0.0
-0.007599,0.073704,0.0
0.098618,0.092852,0.0
0.123483,0.113011,0.0
0.123224,0.106115,0.0
0.08915,0.024767,0.0
-0.023098,0.080605,0.0
0.07455,0.116402,0.0
0.081675,0.110509,0.0
0.007934,0.074858,0.0
0.116534,0.02561,0.0
0.104061,0.070459,0.0
-0.023745,0.083635,0.0
0.075866,0.030796,0.0
0.066947,0.026698,0.0
0.11326,0.057198,0.0
0.072855,0.100344,0.0
-0.02506,0.091179,0.0
0.067192,0.034616,0.0
0.129848,0.065427,0.0
0.066946,0.042101,0.0
0.032294,0.072847,0.0
0.111105,0.048698,0.0
0.097171,0.112976,0.0
0.039016,0.061757,0.0
0.127471,0.031709,0.0
0.02002,0.072026,0.0
0.127462,0.105851,0.0
0.030371,0.062854,0.0
0.00572,0.097078,0.0
0.127317,0.098144,0.0
0.010481,0.053107,0.0
-0.016083,0.065574,0.0
0.067723,0.034918,0.0
0.114794,0.108851,0.0
0.093417,0.091924,0.0
0.089368,0.053795,0.0
0.095187,0.037406,0.0
0.083019,0.039405,0.0
0.071426,0.095151,0.0
0.081344,0.112654,0.0
0.129137,0.034981,0.0
0.087319,0.116985,0.0
0.07983,0.094239,0.0
0.122399,0.1206,0.0
0.125257,0.066008,0.0
0.014569,0.089666,0.0
0.085933,0.112527,0.0
0.074439,0.028911,0.0
0.090991,0.057807,0.0
0.03451,0.065374,0.0
0.070819,0.071452,0.0
-0.002331,0.098323,0.0
0.103304,0.03165,0.0
-0.006376,0.099614,0.0
0.10522,0.075929,0.0
0.118954,0.066814,0.0
0.024463,0.048019,0.0
0.072724,0.06625,0.0
0.120409,0.091798,0.0
0.020951,0.086707,0.0
0.094517,0.111745,0.0
-0.024892,0.079586,0.0
0.02379,0.060575,0.0
0.123393,0.11527,0.0
-0.015798,0.079232,0.0
0.039518,0.072555,0.0
0.124657,0.053867,0.0
0.107616,0.064989,0.0
0.112341,0.115136,0.0
0.092812,0.067229,0.0
0.100349,0.052146,0.0
0.092292,0.036903,0.0
0.064115,0.099301,0.0
0.107841,0.120432,0.0
0.118341,0.118068,0.0
0.010395,0.040782,0.0
0.126456,0.097754,0.0
0.099427,0.101702,0.0
0.013512,0.068119,0.0
0.099127,0.061245,0.0
-0.017162,0.050992,0.0
0.111098,0.033709,0.0
0.008172,0.06297,0.0
0.109004,0.058384,0.0
-0.009413,0.047756,0.0
0.120456,0.055324,0.0
-0.024082,0.082999,0.0
-0.010945,0.085968,0.0
-0.004745,0.064997,0.0
-0.021736,0.07909,0.0
0.123772,0.077575,0.0
-0.031392,0.07887,0.0
0.084038,0.047588,0.0
0.083605,0.055312,0.0
0.009711,0.096802,0.0
-0.01919,0.095183,0.0
0.010983,0.089674,0.0
0.03353,0.088071,0.0
0.115909,0.09356,0.0
0.009659,0.099478,0.0
-0.021302,0.074091,0.0
0.10209,0.118694,0.0
0.005647,0.085198,0.0
0.118898,0.048338,0.0
0.11701,0.059829,0.0
0.070515,0.037057,0.0
0.084431,0.119688,0.0
0.111836,0.113538,0.0
0.009441,0.072661,0.0
0.098986,0.068445,0.0
0.003331,0.054329,0.0
0.086382,0.04761,0.0
0.123602,0.034942,0.0
0.000794,0.092076,0.0
-0.018681,0.073887,0.0
-0.011253,0.041788,0.0
0.067692,0.080163,0.0
0.024935,0.059962,0.0
0.003266,0.045083,0.0
0.123406,0.048877,0.0
-0.010439,0.066911,0.0
0.128614,0.085042,0.0
0.125246,0.110041,0.0
0.034874,0.056569,0.0
0.100571,0.094358,0.0
0.0946,0.072138,0.0
0.079625,0.098508,0.0
0.107167,0.107094,0.0
0.117502,0.038479,0.0
0.108584,0.045526,0.0
0.111474,0.100324,0.0
0.087955,0.049355,0.0
-0.004023,0.046143,0.0
0.074302,0.042926,0.0
0.108312,0.074573,0.0
-0.026894,0.082649,0.0
0.083424,0.030048,0.0
0.018034,0.060048,0.0
0.077385,0.082717,0.0
0.076343,0.042616,0.0
0.083716,0.031076,0.0
0.077168,0.026399,0.0
0.105964,0.056145,0.0
-0.02296,0.056031,0.0
0.123349,0.111263,0.0
0.090883,0.045393,0.0
0.106858,0.123713,0.0
-0.011927,0.084612,0.0
0.121681,0.038382,0.0
0.019007,0.052593,0.0
-0.008271,0.051041,0.0
0.063554,0.029735,0.0
-0.011193,0.054058,0.0
0.114062,0.105036,0.0
0.006464,0.081021,0.0
0.016935,0.062506,0.0
0.005941,0.077623,0.0
0.121159,0.126792,0.0
0.012122,0.081596,0.0
0.081001,0.11675,0.0
0.110573,0.106472,0.0
0.054349,0.026177,0.0
-0.017388,0.085596,0.0
-0.033346,0.067272,0.0
-0.010012,0.06178,0.0
0.001147,0.045278,0.0
0.084469,0.026418,0.0
0.118755,0.036187,0.0
0.098638,0.067068,0.0
0.118245,0.037939,0.0
0.122171,0.109923,0.0
0.109235,0.075877,0.0
0.000539,0.046951,0.0
0.125176,0.115173,0.0
-0.027054,0.087539,0.0
0.016417,0.049612,0.0
0.103343,0.025135,0.0
0.079592,0.078317,0.0
0.081293,0.066245,0.0
0.016823,0.063142,0.0
0.103791,0.119686,0.0
0.062985,0.111688,0.0
-0.009553,0.044106,0.0
0.123011,0.112896,0.0
0.077462,0.034174,0.0
0.088812,0.052144,0.0
0.013604,0.067722,0.0
0.072475,0.076132,0.0
0.102996,0.102511,0.0
0.127179,0.057959,0.0
-0.026953,0.060135,0.0
0.083598,0.056441,0.0
0.126082,0.064687,0.0
0.073856,0.098571,0.0
0.094698,0.095448,0.0
0.00148,0.06185,0.0
0.103318,0.046424,0.0
0.075912,0.087935,0.0
-0.005404,0.079085,0.0
0.064741,0.112771,0.0
-0.016952,0.047495,0.0
0.021169,0.044627,0.0
0.08673,0.0966,0.0
0.020978,0.050769,0.0
0.097387,0.046928,0.0
0.081207,0.072451,0.0
0.073062,0.037538,0.0
0.014767,0.061543,0.0
0.123498,0.108416,0.0
0.120837,0.066792,0.0
0.009054,0.082586,0.0
0.018398,0.061064,0.0
0.035657,0.07289,0.0
-0.011571,0.071445,0.0
-0.027442,0.092103,0.0
0.010796,0.077995,0.0
0.126089,0.125613,0.0
0.02852,0.08907,0.0
0.122372,0.117306,0.0
-0.003365,0.064774,0.0
0.069305,0.092264,0.0
0.121096,0.080531,0.0
0.067372,0.027639,0.0
0.11894,0.028768,0.0
-0.013676,0.081529,0.0
0.116494,0.090419,0.0
0.014774,0.064035,0.0
0.128536,0.08763,0.0
0.021021,0.094963,0.0
0.106907,0.03888,0.0
0.107733,0.061114,0.0
0.094066,0.052189,0.0
-0.032483,0.080785,0.0
0.081186,0.052684,0.0
0.035753,0.085238,0.0
0.088132,0.117943,0.0
0.090718,0.120768,0.0
0.083604,0.097487,0.0
-0.017764,0.062181,0.0
0.111974,0.028887,0.0
0.119685,0.116742,0.0
0.102595,0.059278,0.0
0.096198,0.114293,0.0
0.090127,0.068348,0.0
0.103774,0.030175,0.0
0.075584,0.055219,0.0
0.069485,0.031746,0.0
0.115514,0.093045,0.0
-0.014885,0.063853,0.0
-0.027194,0.064752,0.0
0.020216,0.063938,0.0
0.104559,0.03328,0.0
-0.022265,0.070553,0.0
0.069511,0.080437,0.0
0.072381,0.086027,0.0
0.125198,0.124772,0.0
0.009853,0.051287,0.0
0.126999,0.068811,0.0
-0.002432,0.073287,0.0
0.002915,0.095229,0.0
0.039661,0.068898,0.0
0.126202,0.07889,0.0
0.091364,0.093628,0.0
0.084884,0.058539,0.0
0.088872,0.108997,0.0
-0.025885,0.079498,0.0
0.002119,0.037924,0.0
-0.021043,0.066271,0.0
0.027674,0.086135,0.0
0.119035,0.033416,0.0
0.008181,0.052696,0.0
0.026491,0.045498,0.0
0.124736,0.120847,0.0
0.112098,0.111816,0.0
0.125773,0.109069,0.0
0.072434,0.065029,0.0
-0.008893,0.073852,0.0
0.007721,0.083973,0.0
-0.025967,0.088214,0.0
-0.013571,0.068693,0.0
0.116938,0.036075,0.0
0.009386,0.043705,0.0
0.022612,0.06289,0.0
0.073075,0.103873,0.0
0.005451,0.082016,0.0
0.10842,0.046873,0.0
0.122444,0.105673,0.0
0.073236,0.086883,0.0
0.111771,0.097385,0.0
0.107049,0.10272,0.0
0.119794,0.038355,0.0
-0.017199,0.062337,0.0
0.091158,0.045722,0.0
-0.008619,0.07286,0.0
0.120998,0.095083,0.0
0.001404,0.047604,0.0
-0.008747,0.061079,0.0
0.018245,0.065609,0.0
-0.022362,0.076145,0.0
-0.02797,0.089302,0.0
0.123765,0.062317,0.0
0.088011,0.039896,0.0
0.127139,0.068557,0.0
0.114599,0.051386,0.0
-0.011066,0.056071,0.0
0.06402,0.039652,0.0
0.121873,0.041018,0.0
0.068626,0.114539,0.0
0.104466,0.07211,0.0
0.105996,0.095207,0.0
0.115498,0.022445,0.0
0.062887,0.033691,0.0
0.091248,0.085425,0.0
0.023283,0.072085,0.0
0.096478,0.092769,0.0
0.064633,0.096066,0.0
0.101689,0.11769,0.0
0.121933,0.089083,0.0
0.124594,0.083628,0.0
0.126708,0.04485,0.0
0.099921,0.114576,0.0
0.08564,0.093051,0.0
0.065953,0.110098,0.0
0.039088,0.063127,0.0
0.119645,0.046959,0.0
0.069904,0.104645,0.0
0.006719,0.099552,0.0
-0.014176,0.061267,0.0
-0.006727,0.044785,0.0
0.080072,0.024626,0.0
0.089093,0.078509,0.0
0.097121,0.033361,0.0
-0.033452,0.070086,0.0
0.078821,0.043566,0.0
0.022299,0.104882,0.0
0.085751,0.090145,0.0
-0.022312,0.093283,0.0
0.071968,0.094701,0.0
0.102548,0.083958,0.0
-0.020776,0.053132,0.0
0.103559,0.071728,0.0
-0.012764,0.054918,0.0
0.105344,0.07654,0.0
0.127367,0.062886,0.0
-0.009289,0.059016,0.0
0.128649,0.060367,0.0
-0.00559,0.090933,0.0
0.029468,0.098546,0.0
0.031556,0.067731,0.0
0.026861,0.045718,0.0
-0.021892,0.067004,0.0
0.093209,0.056316,0.0
0.008101,0.072448,0.0
0.015304,0.051672,0.0
0.122338,0.089057,0.0
0.122547,0.032101,0.0
-0.000573,0.052858,0.0
0.088897,0.023456,0.0
0.0784,0.090915,0.0
-0.005853,0.086439,0.0
-0.021299,0.058542,0.0
0.022656,0.052384,0.0
0.12346,0.030502,0.0
0.037517,0.07378,0.0
0.124101,0.062564,0.0
0.116671,0.095898,0.0
0.116131,0.080107,0.0
-0.008423,0.072796,0.0
0.120269,0.05615,0.0
-0.025,0.089112,0.0
-0.028524,0.08769,0.0
0.027909,0.078657,0.0
-0.012571,0.072806,0.0
0.094681,0.086347,0.0
-0.004921,0.077375,0.0
0.016798,0.070434,0.0
-0.006349,0.054236,0.0
-0.006558,0.074447,0.0
0.068108,0.097736,0.0
0.089046,0.073401,0.0
0.088477,0.037162,0.0
0.070959,0.110579,0.0
-0.021057,0.058698,0.0
0.115375,0.125623,0.0
0.088359,0.09811,0.0
0.003631,0.1006,0.0
-0.008236,0.04796,0.0
0.123548,0.068979,0.0
0.01576,0.055702,0.0
0.076259,0.030833,0.0
0.104735,0.054502,0.0
0.110279,0.065731,0.0
-0.004918,0.046473,0.0
0.081643,0.083748,0.0
0.07836,0.093341,0.0
0.104861,0.057667,0.0
-0.01986,0.052076,0.0
-0.002082,0.084896,0.0
0.097832,0.02718,0.0
-0.012206,0.090601,0.0
0.108868,0.022325,0.0
0.125695,0.027728,0.0
0.093748,0.082532,0.0
0.013692,0.093825,0.0
0.069478,0.09912,0.0
0.067479,0.028021,0.0
-0.000217,0.056321,0.0
0.019718,0.082743,0.0
0.088721,0.080765,0.0
-0.014167,0.096563,0.0
0.080994,0.027271,0.0
0.026856,0.084769,0.0
-0.015609,0.085215,0.0
-0.007607,0.044274,0.0
0.07069,0.076898,0.0
-0.002228,0.072017,0.0
0.034062,0.079981,0.0
-0.001969,0.086563,0.0
0.029941,0.052161,0.0
0.104207,0.05208,0.0
0.001936,0.077677,0.0
0.008585,0.042766,0.0
0.109562,0.037413,0.0
0.068871,0.108248,0.0
0.095253,0.094963,0.0
0.092125,0.065174,0.0
0.081847,0.108349,0.0
0.098838,0.104709,0.0
-0.009068,0.09551,0.0
0.077663,0.079337,0.0
0.086566,0.111462,0.0
0.035447,0.064524,0.0
0.094914,0.027189,0.0
0.126072,0.081439,0.0
0.039709,0.07394,0.0
0.081437,0.102546,0.0
0.071517,0.023069,0.0
0.001242,0.042327,0.0
0.01395,0.082397,0.0
0.008773,0.070485,0.0
0.02087,0.101436,0.0
-0.010268,0.090939,0.0
0.01531,0.066218,0.0
0.01413,0.096271,0.0
-0.012326,0.09448,0.0
0.088602,0.057516,0.0
0.032116,0.086528,0.0
0.031765,0.083594,0.0
0.033135,0.09163,0.0
0.021811,0.082221,0.0
0.07723,0.037999,0.0
0.094913,0.100594,0.0
0.129387,0.031734,0.0
0.104035,0.081919,0.0
0.02851,0.046071,0.0
0.129544,0.074294,0.0
0.07694,0.067821,0.0
0.097693,0.114383,0.0
0.080003,0.106576,0.0
0.090659,0.08695,0.0
-0.026521,0.089365,0.0
0.003015,0.085855,0.0
0.09022,0.051893,0.0
0.101259,0.049104,0.0
0.108022,0.086399,0.0
0.067978,0.027246,0.0
0.078142,0.060245,0.0
0.096052,0.109266,0.0
0.09911,0.115916,0.0
0.112921,0.041615,0.0
0.079625,0.037338,0.0
0.119151,0.125357,0.0
0.087715,0.038209,0.0
0.026405,0.093367,0.0
0.109844,0.095234,0.0
0.120968,0.097859,0.0
0.003,0.081816,0.0
0.110532,0.076576,0.0
0.10679,0.086182,0.0
0.129567,0.123197,0.0
0.120716,0.022689,0.0
0.106655,0.12427,0.0
0.11165,0.083117,0.0
0.027651,0.086127,0.0
0.120093,0.057684,0.0
-0.022608,0.089009,0.0
0.084878,0.093796,0.0
-0.016235,0.071627,0.0
0.105231,0.02403,0.0
0.077941,0.086285,0.0
0.097358,0.038532,0.0
0.117212,0.045631,0.0
0.008186,0.079683,0.0
0.0345,0.069348,0.0
-0.000961,0.063355,0.0
0.078211,0.109088,0.0
0.105918,0.054424,0.0
0.073126,0.113271,0.0
0.110942,0.105619,0.0
0.110601,0.023735,0.0
0.092373,0.030309,0.0
0.008708,0.04243,0.0
-0.001441,0.05386,0.0
0.090746,0.089669,0.0
0.002876,0.051626,0.0
0.084503,0.070933,0.0
0.078374,0.060326,0.0
0.0302,0.084291,0.0
0.017464,0.093032,0.0
0.116312,0.090291,0.0
0.081917,0.112482,0.0
-0.013982,0.058534,0.0
0.097105,0.11037,0.0
0.089816,0.06276,0.0
0.022002,0.103325,0.0
0.097261,0.040846,0.0
0.078008,0.106385,0.0
-0.007598,0.081003,0.0
0.037629,0.059687,0.0
-0.015817,0.063577,0.0
0.087254,0.057216,0.0
-0.010153,0.045746,0.0
0.10401,0.096581,0.0
-0.013945,0.073597,0.0
0.093174,0.100012,0.0
0.090082,0.086835,0.0
0.080988,0.05853,0.0
-0.031912,0.069073,0.0
0.116047,0.022206,0.0
0.093476,0.095229,0.0
0.077355,0.084728,0.0
0.001365,0.09888,0.0
0.107294,0.095246,0.0
0.11403,0.083458,0.0
0.097304,0.05694,0.0
0.0003,0.078848,0.0
0.012962,0.07575,0.0
-0.004486,0.093488,0.0
0.124761,0.123821,0.0
0.077959,0.08232,0.0
-0.024115,0.09209,0.0
0.021547,0.073197,0.0
0.090345,0.081102,0.0
0.036601,0.077398,0.0
0.09864,0.032745,0.0
0.11684,0.113646,0.0
0.025656,0.053054,0.0
-0.007798,0.057517,0.0
0.127617,0.034229,0.0
0.10727,0.022219,0.0
0.091673,0.080327,0.0
0.116838,0.067677,0.0
-0.000355,0.072775,0.0
0.102085,0.101581,0.0
-0.007123,0.064396,0.0
0.12793,0.06116,0.0
0.067411,0.085995,0.0
0.078353,0.048526,0.0
0.108185,0.107247,0.0
0.109009,0.105697,0.0
0.090648,0.088958,0.0
0.06773,0.039082,0.0
0.068239,0.043521,0.0
0.104047,0.050768,0.0
0.095272,0.022257,0.0
0.008917,0.04259,0.0
0.029852,0.09533,0.0
0.082216,0.047443,0.0
-0.021424,0.087082,0.0
-0.013117,0.079789,0.0
0.081924,0.055389,0.0
0.117236,0.103058,0.0
0.062162,0.111641,0.0
0.079116,0.093855,0.0
0.108227,0.066222,0.0
0.07352,0.02316,0.0
0.098222,0.053862,0.0
0.124361,0.103304,0.0
0.020243,0.084197,0.0
-0.000445,0.067869,0.0
-0.030963,0.072546,0.0
0.124269,0.031085,0.0
0.03596,0.062797,0.0
0.099593,0.087426,0.0
0.072781,0.059155,0.0
0.074902,0.040673,0.0
0.089128,0.022113,0.0
0.096254,0.072653,0.0
0.071056,0.040686,0.0
0.000514,0.043522,0.0
0.123775,0.030198,0.0
0.10439,0.114484,0.0
-0.003288,0.084983,0.0
0.098187,0.083647,0.0
-0.028109,0.064338,0.0
0.02601,0.061341,0.0
0.088474,0.047431,0.0
0.129366,0.077926,0.0
-0.026101,0.075051,0.0
0.079887,0.104838,0.0
0.072903,0.115094,0.0
0.070337,0.067004,0.0
0.079747,0.101227,0.0
0.093893,0.108412,0.0
0.026632,0.100945,0.0
0.008376,0.045732,0.0
0.007315,0.040765,0.0
0.117383,0.031123,0.0
0.073866,0.059506,0.0
0.019356,0.098534,0.0
0.103593,0.099815,0.0
0.02611,0.065947,0.0
0.081771,0.084641,0.0
0.00628,0.076338,0.0
0.082639,0.086283,0.0
0.060358,0.109925,0.0
-0.006398,0.083312,0.0
0.015331,0.054559,0.0
0.104868,0.091096,0.0
0.000444,0.066444,0.0
0.078895,0.072567,0.0
0.086825,0.077391,0.0
-0.003727,0.075469,0.0
0.107969,0.124106,0.0
0.129189,0.09495,0.0
0.080388,0.090032,0.0
-0.006263,0.083049,0.0
0.081117,0.03604,0.0
0.115377,0.07466,0.0
0.121546,0.066949,0.0
-0.017335,0.094572,0.0
-0.015307,0.065931,0.0
0.066575,0.042186,0.0
0.115632,0.055512,0.0
-0.001236,0.095863,0.0
0.07908,0.113319,0.0
-0.023866,0.059604,0.0
0.122165,0.100289,0.0
0.085889,0.104979,0.0
-0.032358,0.08249,0.0
-0.009461,0.055114,0.0
0.080411,0.081409,0.0
-0.030045,0.063502,0.0
0.100271,0.113758,0.0
0.015265,0.101165,0.0
0.12552,0.088431,0.0
0.020868,0.057316,0.0
0.09243,0.096149,0.0
-0.00737,0.073091,0.0
0.012308,0.050464,0.0
-0.003429,0.057838,0.0
0.122986,0.048005,0.0
0.092817,0.109238,0.0
0.017616,0.089415,0.0
0.070537,0.078384,0.0
0.119421,0.065554,0.0
0.124084,0.03123,0.0
0.004523,0.056243,0.0
0.12919,0.063907,0.0
0.008016,0.093122,0.0
0.118154,0.09922,0.0
0.033667,0.052924,0.0
-0.028988,0.067288,0.0
0.090312,0.079621,0.0
0.037133,0.078848,0.0
0.082138,0.03811,0.0
0.117729,0.123438,0.0
0.013925,0.081982,0.0
0.067917,0.070808,0.0
-0.007123,0.056985,0.0
0.083487,0.066279,0.0
0.092679,0.058261,0.0
-0.012794,0.042874,0.0
-0.015653,0.077128,0.0
0.116462,0.054545,0.0
0.117092,0.069683,0.0
0.079965,0.090185,0.0
0.104056,0.039,0.0
0.071893,0.097041,0.0
0.076853,0.09974,0.0
0.103276,0.060909,0.0
0.075052,0.044736,0.0
0.108571,0.062015,0.0
0.077984,0.046407,0.0
0.064416,0.105837,0.0
0.077068,0.069382,0.0
0.085158,0.0659,0.0
0.095724,0.092113,0.0
0.01355,0.070037,0.0
0.08446,0.10717,0.0
0.128528,0.037535,0.0
0.088466,0.100474,0.0
0.124985,0.114665,0.0
0.085153,0.068049,0.0
0.128331,0.081951,0.0
0.037188,0.072442,0.0
0.0156,0.068199,0.0
0.11036,0.114571,0.0
0.08383,0.067583,0.0
0.025377,0.042373,0.0
-0.008167,0.093071,0.0
0.100004,0.050403,0.0
0.099556,0.114014,0.0
0.123698,0.088154,0.0
0.11962,0.125926,0.0
0.078226,0.058478,0.0
0.018231,0.084881,0.0
-0.014177,0.05628,0.0
0.028647,0.071425,0.0
0.122956,0.052401,0.0
0.008557,0.06615,0.0
0.061408,0.111956,0.0
0.095337,0.060601,0.0
0.094715,0.094671,0.0
0.097814,0.106092,0.0
0.11293,0.092234,0.0
0.086501,0.107316,0.0
0.115676,0.053296,0.0
0.093967,0.035558,0.0
-0.002345,0.052964,0.0
0.00824,0.080773,0.0
0.129295,0.066697,0.0
0.004191,0.088896,0.0
0.11554,0.094453,0.0
