0.10849,0.05208,0.0
0.021248,0.066567,0.0
-4.3e-05,0.068262,0.0
0.013652,0.062313,0.0
0.032776,0.058951,0.0
0.113732,0.058911,0.0
0.119343,0.088637,0.0
0.026628,0.087892,0.0
0.086382,0.047772,0.0
0.084817,0.070954,0.0
-0.002801,0.083728,0.0
0.13432,0.128284,0.0
0.022245,0.095649,0.0
0.129661,0.109106,0.0
0.121353,0.08935,0.0
-0.002842,0.076633,0.0
0.084793,0.110087,0.0
0.012113,0.075581,0.0
-0.007214,0.091802,0.0
0.130329,0.105576,0.0
0.089864,0.075009,0.0
0.017499,0.057305,0.0
0.083692,0.09534,0.0
0.12598,0.054631,0.0
0.125827,0.121728,0.0
0.011432,0.057785,0.0
0.069339,0.022568,0.0
0.083957,0.024829,0.0
0.10969,0.03048,0.0
0.083495,0.104838,0.0
0.092591,0.034283,0.0
0.080176,0.095521,0.0
0.03008,0.072296,0.0
0.077352,0.064146,0.0
0.118386,0.044996,0.0
0.10195,0.104362,0.0
0.127565,0.06778,0.0
0.118642,0.054617,0.0
0.099486,0.092952,0.0
0.092685,0.102878,0.0
0.123073,0.124358,0.0
0.028751,0.094179,0.0
0.09922,0.037406,0.0
0.078086,0.025803,0.0
0.081137,0.039094,0.0
0.075356,0.094701,0.0
0.098619,0.098249,0.0
-0.006106,0.080558,0.0
0.090327,0.099411,0.0
0.084205,0.101995,0.0
0.108128,0.096021,0.0
0.011229,0.073487,0.0
0.098681,0.095393,0.0
0.131643,0.086643,0.0
0.078322,0.03676,0.0
0.109415,0.077888,0.0
0.075113,0.114066,0.0
0.128644,0.123208,0.0
-0.014423,0.078121,0.0
0.132596,0.075243,0.0
0.106087,0.087063,0.0
0.015473,0.068563,0.0
0.071931,0.026733,0.0
0.104641,0.090714,0.0
-0.010455,0.063949,0.0
0.000394,0.089072,0.0
0.085366,0.028546,0.0
-0.012035,0.07802,0.0
0.074132,0.051882,0.0
0.003329,0.087163,0.0
0.094433,0.069335,0.0
0.113919,0.041777,0.0
0.106344,0.063362,0.0
0.120549,0.070227,0.0
0.099618,0.090262,0.0
0.132249,0.060018,0.0
0.119044,0.057066,0.0
0.026578,0.079096,0.0
0.009056,0.088627,0.0
0.03368,0.087358,0.0
0.085588,0.115117,0.0
0.108547,0.027203,0.0
0.078132,0.059438,0.0
0.102562,0.030541,0.0
0.028274,0.076135,0.0
0.122103,0.079244,0.0
-0.015118,0.088766,0.0
0.030447,0.055883,0.0
0.115248,0.122536,0.0
-0.000215,0.097247,0.0
0.072598,0.089837,0.0
-0.009547,0.061179,0.0
0.025826,0.076572,0.0
0.070907,0.11368,0.0
0.076855,0.039291,0.0
0.115847,0.084101,0.0
0.109571,0.044579,0.0
0.093788,0.062272,0.0
0.0824,0.043566,0.0
0.132023,0.083444,0.0
-0.005175,0.076243,0.0
0.099261,0.109928,0.0
0.106504,0.03082,0.0
0.007253,0.057794,0.0
0.123441,0.106321,0.0
0.115678,0.081495,0.0
-0.001176,0.087367,0.0
0.126883,0.128023,0.0
0.022669,0.076624,0.0
-0.006274,0.085475,0.0
0.105212,0.035131,0.0
0.004806,0.082496,0.0
0.077355,0.079075,0.0
0.01834,0.09742,0.0
0.094938,0.043971,0.0
0.094968,0.084976,0.0
0.134348,0.077926,0.0
0.022324,0.071032,0.0
-0.010525,0.072877,0.0
0.090517,0.061753,0.0
0.129612,0.090313,0.0
0.133307,0.035994,0.0
-0.002942,0.06483,0.0
0.094124,0.077747,0.0
-0.014747,0.066242,0.0
0.01541,0.064417,0.0
0.103497,0.085859,0.0
0.104522,0.085082,0.0
0.030168,0.080094,0.0
0.092213,0.066054,0.0
0.111994,0.064989,0.0
0.112224,0.028119,0.0
0.022164,0.09803,0.0
0.101511,0.063557,0.0
0.082208,0.045904,0.0
0.086214,0.113754,0.0
0.081126,0.054395,0.0
0.11626,0.04324,0.0
0.122811,0.076214,0.0
0.114157,0.05969,0.0
0.132247,0.051753,0.0
0.119282,0.061568,0.0
0.103593,0.076903,0.0
0.108883,0.044917,0.0
0.106381,0.105491,0.0
0.096773,0.113151,0.0
0.028268,0.072477,0.0
0.086668,0.06873,0.0
0.104982,0.070762,0.0
0.111066,0.047358,0.0
0.116723,0.112538,0.0
0.004414,0.094668,0.0
0.080966,0.073267,0.0
0.108047,0.066203,0.0
0.086304,0.058857,0.0
0.112754,0.097791,0.0
0.103975,0.045004,0.0
0.090483,0.108825,0.0
0.104408,0.079708,0.0
0.125757,0.034304,0.0
0.017935,0.080545,0.0
-0.01162,0.078607,0.0
0.121798,0.062577,0.0
0.082758,0.027405,0.0
0.124686,0.066882,0.0
0.08231,0.109764,0.0
-0.001588,0.076188,0.0
0.118193,0.085466,0.0
0.130751,0.107862,0.0
0.012455,0.065391,0.0
0.087524,0.111922,0.0
0.011576,0.085197,0.0
-0.013,0.06201,0.0
0.031368,0.084408,0.0
0.087542,0.025551,0.0
0.083702,0.031305,0.0
0.104884,0.060656,0.0
0.090079,0.067249,0.0
0.080697,0.046026,0.0
0.001142,0.06206,0.0
0.004274,0.072598,0.0
0.09789,0.107041,0.0
0.104101,0.090803,0.0
0.083192,0.078317,0.0
0.089533,0.065559,0.0
0.106672,0.092976,0.0
0.071515,0.098083,0.0
0.117447,0.093456,0.0
-0.014018,0.0639,0.0
0.109982,0.077149,0.0
0.134252,0.094093,0.0
0.013866,0.089615,0.0
0.094589,0.066385,0.0
0.009269,0.073309,0.0
0.093662,0.051537,0.0
0.073728,0.048496,0.0
-0.007629,0.091859,0.0
0.111254,0.121814,0.0
0.009938,0.075421,0.0
0.089573,0.05399,0.0
0.089314,0.076236,0.0
-0.013402,0.083389,0.0
0.072317,0.050676,0.0
-0.009369,0.079273,0.0
0.086428,0.066214,0.0
0.094692,0.098168,0.0
0.102175,0.036583,0.0
0.118942,0.025677,0.0
0.109247,0.086179,0.0
-0.001411,0.095768,0.0
0.127819,0.081014,0.0
0.131436,0.029716,0.0
0.013219,0.093117,0.0
0.104762,0.113001,0.0
-0.006375,0.067166,0.0
0.126673,0.04585,0.0
0.08248,0.025153,0.0
0.080665,0.104457,0.0
0.126064,0.074739,0.0
0.085431,0.084641,0.0
0.119157,0.093837,0.0
0.078508,0.031967,0.0
0.130851,0.128983,0.0
0.124153,0.07302,0.0
0.115527,0.092968,0.0
0.127837,0.055226,0.0
0.119695,0.030272,0.0
0.077097,0.043515,0.0
0.081354,0.083115,0.0
0.031258,0.081192,0.0
-0.014076,0.075554,0.0
0.107217,0.115536,0.0
0.121173,0.091051,0.0
0.003255,0.087693,0.0
0.123632,0.028768,0.0
0.008029,0.08956,0.0
0.022149,0.067813,0.0
0.011822,0.061829,0.0
0.081266,0.117895,0.0
0.076006,0.11307,0.0
0.00679,0.094544,0.0
0.134033,0.073281,0.0
0.072744,0.023301,0.0
0.103945,0.119641,0.0
0.030851,0.0877,0.0
0.126656,0.110245,0.0
0.116362,0.077655,0.0
0.023078,0.097308,0.0
0.080404,0.050383,0.0
0.133151,0.025766,0.0
0.103049,0.09492,0.0
0.09615,0.083071,0.0
0.128548,0.057495,0.0
0.021765,0.078922,0.0
0.117228,0.090948,0.0
0.010134,0.085543,0.0
0.129437,0.064499,0.0
0.081596,0.063181,0.0
0.098531,0.111745,0.0
0.109269,0.051982,0.0
0.11955,0.028097,0.0
0.020478,0.058576,0.0
0.115882,0.032841,0.0
0.131722,0.046291,0.0
0.096304,0.054622,0.0
0.093199,0.047246,0.0
0.119789,0.118896,0.0
0.094372,0.073428,0.0
0.118113,0.033399,0.0
0.0823,0.033296,0.0
0.094487,0.024269,0.0
0.105371,0.119347,0.0
-0.004512,0.070106,0.0
-0.01121,0.071837,0.0
0.096096,0.085507,0.0
0.103585,0.085343,0.0
0.007843,0.076338,0.0
0.021219,0.069697,0.0
0.106242,0.075359,0.0
0.10646,0.042236,0.0
-0.008332,0.079983,0.0
0.101942,0.040728,0.0
0.127215,0.062933,0.0
-0.015265,0.059943,0.0
0.11137,0.101351,0.0
0.102781,0.114521,0.0
0.094832,0.119132,0.0
0.036152,0.087077,0.0
-0.00855,0.061627,0.0
0.131962,0.050739,0.0
0.110737,0.119183,0.0
0.09161,0.043504,0.0
0.132745,0.058998,0.0
0.021283,0.098534,0.0
0.127624,0.094251,0.0
0.083036,0.115358,0.0
0.105837,0.028206,0.0
0.107392,0.043942,0.0
0.132697,0.042556,0.0
0.085661,0.040689,0.0
0.100126,0.070206,0.0
0.111758,0.109338,0.0
0.128302,0.113011,0.0
0.00312,0.057635,0.0
0.008678,0.080922,0.0
-0.001904,0.092964,0.0
0.095203,0.076197,0.0
0.12816,0.100991,0.0
0.084982,0.030589,0.0
0.075785,0.113776,0.0
0.128937,0.062564,0.0
0.122284,0.049805,0.0
0.124564,0.103639,0.0
0.10754,0.059808,0.0
0.013151,0.064585,0.0
0.074627,0.100112,0.0
0.083824,0.03891,0.0
0.102753,0.05964,0.0
0.02978,0.057389,0.0
0.114823,0.0456,0.0
0.106808,0.027944,0.0
0.032249,0.061405,0.0
0.120767,0.048084,0.0
0.020483,0.088467,0.0
-0.011576,0.084866,0.0
0.106241,0.025024,0.0
0.129911,0.104038,0.0
0.076915,0.09472,0.0
0.019614,0.057376,0.0
0.03235,0.096364,0.0
0.129204,0.103304,0.0
0.094315,0.086738,0.0
0.029997,0.090756,0.0
0.094733,0.079645,0.0
-0.010583,0.086608,0.0
0.019489,0.075033,0.0
0.032891,0.077474,0.0
0.096938,0.055622,0.0
0.130323,0.077591,0.0
0.001545,0.073153,0.0
0.126469,0.109323,0.0
0.029422,0.081646,0.0
0.100322,0.112356,0.0
0.131616,0.04485,0.0
0.133118,0.025325,0.0
0.094089,0.116989,0.0
0.106623,0.101735,0.0
0.107962,0.023863,0.0
0.07845,0.103647,0.0
0.13406,0.073887,0.0
0.123357,0.041115,0.0
0.019879,0.062405,0.0
0.085695,0.077737,0.0
-0.011083,0.066193,0.0
0.009088,0.094018,0.0
0.134276,0.023457,0.0
0.119829,0.076954,0.0
0.072063,0.068579,0.0
0.125222,0.032061,0.0
0.121649,0.059829,0.0
0.086232,0.049622,0.0
0.116179,0.094706,0.0
0.103007,0.086383,0.0
0.105883,0.036184,0.0
-0.007996,0.08919,0.0
0.095853,0.073217,0.0
0.026404,0.087163,0.0
0.069275,0.028685,0.0
0.113835,0.1022,0.0
0.12667,0.110287,0.0
0.029929,0.062487,0.0
0.074147,0.046099,0.0
0.011913,0.097059,0.0
0.119284,0.111295,0.0
0.129881,0.103527,0.0
0.09328,0.067606,0.0
0.02916,0.084189,0.0
0.108899,0.114711,0.0
0.076214,0.114513,0.0
0.086083,0.116922,0.0
0.130614,0.048104,0.0
0.096768,0.073981,0.0
0.095533,0.103978,0.0
0.134364,0.041617,0.0
0.127662,0.125152,0.0
0.112907,0.034912,0.0
0.002464,0.096389,0.0
0.122034,0.071337,0.0
0.072029,0.038068,0.0
0.128665,0.028755,0.0
0.131438,0.114199,0.0
0.112396,0.122373,0.0
0.023397,0.089011,0.0
0.123253,0.097358,0.0
0.025953,0.055086,0.0
0.023634,0.05852,0.0
0.127035,0.080738,0.0
0.117127,0.110947,0.0
0.13407,0.083572,0.0
0.072831,0.023219,0.0
0.003598,0.064607,0.0
0.13421,0.074189,0.0
0.012866,0.07226,0.0
0.0285,0.075046,0.0
0.102635,0.116255,0.0
0.089556,0.06644,0.0
-0.012866,0.079126,0.0
0.119903,0.062872,0.0
0.086073,0.053611,0.0
0.078912,0.026981,0.0
0.005981,0.074569,0.0
0.130269,0.096312,0.0
0.121939,0.02285,0.0
0.109494,0.077817,0.0
0.029989,0.06643,0.0
0.130877,0.113307,0.0
0.132394,0.099624,0.0
0.014507,0.098292,0.0
0.096312,0.057411,0.0
-0.013226,0.08734,0.0
0.094932,0.093334,0.0
-0.013867,0.081322,0.0
0.101121,0.092151,0.0
0.118156,0.112885,0.0
0.113098,0.038646,0.0
0.118616,0.050395,0.0
0.108326,0.100269,0.0
0.114324,0.1047,0.0
0.123386,0.123334,0.0
0.011664,0.057661,0.0
0.111663,0.095246,0.0
-0.001499,0.074731,0.0
0.127741,0.08292,0.0
0.087368,0.113091,0.0
0.128369,0.068979,0.0
0.096792,0.029389,0.0
0.122376,0.022404,0.0
-0.001579,0.060637,0.0
0.012932,0.089195,0.0
0.104684,0.083352,0.0
0.112622,0.088166,0.0
-0.00688,0.06798,0.0
-0.002164,0.080478,0.0
0.10061,0.074508,0.0
0.09193,0.091585,0.0
0.092051,0.112652,0.0
0.07895,0.038974,0.0
0.088631,0.058539,0.0
0.125417,0.031715,0.0
0.125305,0.124888,0.0
-0.000182,0.065597,0.0
0.130724,0.108649,0.0
0.103649,0.046125,0.0
0.124227,0.05012,0.0
0.109279,0.082445,0.0
0.117071,0.024012,0.0
0.083226,0.037338,0.0
0.025351,0.087885,0.0
0.126858,0.078895,0.0
0.002,0.072154,0.0
0.099876,0.093171,0.0
0.029685,0.091402,0.0
0.122394,0.125118,0.0
0.122882,0.075784,0.0
0.085825,0.067133,0.0
0.027109,0.090269,0.0
0.031765,0.08691,0.0
0.094907,0.037115,0.0
-0.005893,0.057443,0.0
0.118619,0.089847,0.0
0.12938,0.06792,0.0
-0.008012,0.084057,0.0
0.102779,0.114972,0.0
0.134419,0.092641,0.0
0.116239,0.119441,0.0
0.097953,0.107904,0.0
0.078505,0.064588,0.0
0.073035,0.056278,0.0
0.074611,0.046239,0.0
-0.014704,0.09165,0.0
0.077414,0.103323,0.0
0.098196,0.044557,0.0
0.10278,0.048072,0.0
0.122033,0.031123,0.0
0.070633,0.027639,0.0
0.120869,0.052385,0.0
0.113656,0.029909,0.0
0.100003,0.060429,0.0
0.117258,0.069852,0.0
0.107942,0.109244,0.0
-0.006075,0.061681,0.0
0.114567,0.086312,0.0
0.120134,0.028936,0.0
0.125106,0.085664,0.0
0.00305,0.06591,0.0
0.12248,0.030837,0.0
0.080434,0.061091,0.0
0.134322,0.118019,0.0
0.099594,0.046299,0.0
0.12887,0.03466,0.0
0.132803,0.091416,0.0
0.023224,0.077047,0.0
0.012837,0.092651,0.0
0.087522,0.118158,0.0
0.016196,0.06977,0.0
0.123036,0.099931,0.0
0.109875,0.045826,0.0
0.107915,0.085596,0.0
0.120932,0.090291,0.0
0.134433,0.106173,0.0
0.073248,0.031564,0.0
0.010559,0.098995,0.0
0.08789,0.039072,0.0
0.122374,0.083342,0.0
0.02702,0.070749,0.0
0.081564,0.106385,0.0
0.019027,0.087845,0.0
0.110008,0.061691,0.0
0.118147,0.092905,0.0
0.023072,0.055573,0.0
0.134382,0.063914,0.0
0.079987,0.105416,0.0
0.080862,0.070192,0.0
0.028416,0.077592,0.0
0.12267,0.051004,0.0
0.002524,0.095121,0.0
0.089679,0.099788,0.0
0.094111,0.024473,0.0
0.118444,0.071919,0.0
0.087984,0.031032,0.0
0.123713,0.082417,0.0
0.075512,0.037346,0.0
0.072961,0.092947,0.0
0.083692,0.081294,0.0
0.1259,0.026041,0.0
0.028182,0.093425,0.0
0.099488,0.083699,0.0
0.134167,0.063907,0.0
-0.014615,0.090898,0.0
0.088297,0.062429,0.0
0.028528,0.093367,0.0
0.120483,0.042442,0.0
0.088528,0.078165,0.0
0.101447,0.051727,0.0
0.009486,0.095247,0.0
0.091666,0.069214,0.0
0.073506,0.026767,0.0
0.119722,0.099012,0.0
0.105881,0.114645,0.0
0.081041,0.079324,0.0
0.075835,0.065029,0.0
0.11265,0.056842,0.0
0.10414,0.087594,0.0
0.113258,0.04904,0.0
0.115731,0.037494,0.0
0.012973,0.06853,0.0
0.117565,0.098644,0.0
0.074585,0.088025,0.0
0.017216,0.097472,0.0
0.113553,0.087567,0.0
0.034496,0.079461,0.0
0.072659,0.034564,0.0
0.1133,0.104165,0.0
0.13164,0.036178,0.0
0.089412,0.06628,0.0
0.097311,0.050317,0.0
0.01402,0.067958,0.0
0.032694,0.096523,0.0
0.123078,0.028836,0.0
0.10135,0.114642,0.0
0.009114,0.059597,0.0
0.073886,0.078384,0.0
0.124133,0.037649,0.0
0.021989,0.080847,0.0
0.115169,0.076143,0.0
0.073359,0.077923,0.0
0.088578,0.051754,0.0
0.085598,0.030734,0.0
0.117503,0.079478,0.0
0.077041,0.107987,0.0
0.017676,0.083691,0.0
0.129903,0.057015,0.0
0.034514,0.067336,0.0
0.02718,0.056859,0.0
-0.003477,0.059741,0.0
0.105584,0.063442,0.0
0.118344,0.029066,0.0
0.072068,0.036377,0.0
0.021941,0.087918,0.0
0.006412,0.076807,0.0
-0.015859,0.072266,0.0
0.128172,0.119247,0.0
0.10325,0.116055,0.0
0.107475,0.034032,0.0
0.128872,0.084665,0.0
0.025236,0.084572,0.0
0.072816,0.045894,0.0
0.013982,0.056935,0.0
-0.016077,0.085095,0.0
0.119436,0.124866,0.0
0.035717,0.076759,0.0
0.078509,0.115041,0.0
0.129197,0.042082,0.0
0.07167,0.056967,0.0
0.083158,0.048185,0.0
0.116048,0.115676,0.0
0.085284,0.024934,0.0
0.108182,0.110932,0.0
0.13057,0.046759,0.0
0.020584,0.078176,0.0
0.013327,0.076641,0.0
0.101156,0.06611,0.0
0.078596,0.043636,0.0
0.125084,0.106888,0.0
0.11299,0.045526,0.0
0.122928,0.076718,0.0
0.126712,0.117615,0.0
-0.00331,0.09364,0.0
0.120707,0.079958,0.0
0.006905,0.072948,0.0
0.033613,0.077598,0.0
0.008007,0.068009,0.0
0.09187,0.112824,0.0
0.0837,0.082438,0.0
0.075879,0.034099,0.0
0.126394,0.074152,0.0
0.096364,0.055595,0.0
0.093193,0.080455,0.0
-0.003769,0.084522,0.0
0.115792,0.037969,0.0
0.030837,0.097566,0.0
-0.013909,0.063853,0.0
0.021132,0.091445,0.0
0.127529,0.026646,0.0
0.021326,0.075556,0.0
0.107563,0.03165,0.0
0.075702,0.030102,0.0
0.002334,0.066359,0.0
0.002424,0.096361,0.0
0.088071,0.044479,0.0
0.002153,0.09182,0.0
0.098809,0.042334,0.0
0.120472,0.043294,0.0
0.036297,0.075594,0.0
0.096862,0.091671,0.0
-0.006646,0.092646,0.0
0.121082,0.043606,0.0
0.124716,0.036053,0.0
-0.009932,0.062013,0.0
0.077526,0.058857,0.0
0.010664,0.083769,0.0
0.113039,0.060342,0.0
0.093176,0.072529,0.0
0.015973,0.08827,0.0
0.11949,0.042941,0.0
0.082835,0.040164,0.0
0.098098,0.026411,0.0
0.111888,0.113236,0.0
-0.003797,0.083743,0.0
0.116423,0.113178,0.0
0.116265,0.097385,0.0
0.09229,0.058344,0.0
0.113085,0.025085,0.0
0.011124,0.093563,0.0
0.086777,0.06171,0.0
0.03379,0.091074,0.0
0.106134,0.085695,0.0
-0.014653,0.085215,0.0
0.027941,0.090913,0.0
0.08392,0.090967,0.0
0.082734,0.067165,0.0
0.134199,0.074909,0.0
0.121483,0.085211,0.0
0.029933,0.080505,0.0
0.105786,0.041973,0.0
0.123562,0.021657,0.0
0.101776,0.102073,0.0
-0.002384,0.073518,0.0
0.134613,0.050443,0.0
0.086794,0.043842,0.0
0.121955,0.066373,0.0
0.091438,0.100168,0.0
0.117932,0.041384,0.0
0.111541,0.094597,0.0
-0.012419,0.092666,0.0
0.022755,0.079873,0.0
0.114796,0.058838,0.0
0.082241,0.082637,0.0
0.132912,0.108573,0.0
0.028344,0.069711,0.0
0.036878,0.082384,0.0
0.035565,0.071281,0.0
0.134729,0.128039,0.0
0.078093,0.104611,0.0
0.09109,0.115893,0.0
0.107351,0.039143,0.0
0.112114,0.061114,0.0
0.104079,0.023168,0.0
-0.008222,0.066661,0.0
0.110202,0.077734,0.0
0.125666,0.089811,0.0
0.097541,0.064814,0.0
0.106314,0.118694,0.0
0.02176,0.071649,0.0
0.002126,0.070163,0.0
0.087345,0.024858,0.0
0.003586,0.067762,0.0
0.132404,0.107205,0.0
0.017407,0.09145,0.0
0.095597,0.038289,0.0
0.002721,0.061296,0.0
0.127917,0.104151,0.0
0.09442,0.094124,0.0
0.110048,0.112354,0.0
0.13432,0.064408,0.0
0.035534,0.090205,0.0
0.120627,0.085303,0.0
0.09364,0.116584,0.0
0.071518,0.038617,0.0
0.007917,0.091596,0.0
-0.002769,0.085064,0.0
0.002933,0.085509,0.0
0.035406,0.090304,0.0
0.091103,0.077506,0.0
0.110805,0.059697,0.0
0.120609,0.043419,0.0
0.122455,0.04157,0.0
0.082656,0.072475,0.0
0.090189,0.072678,0.0
0.119377,0.028176,0.0
0.095244,0.089741,0.0
0.12942,0.074177,0.0
0.085739,0.028137,0.0
0.130101,0.023974,0.0
0.087524,0.057695,0.0
0.016053,0.069115,0.0
0.085472,0.101773,0.0
0.10746,0.053842,0.0
0.090746,0.106968,0.0
-0.005629,0.067973,0.0
-0.002331,0.072082,0.0
-0.01042,0.075337,0.0
0.082877,0.047045,0.0
0.1075,0.042324,0.0
0.093394,0.075149,0.0
0.092447,0.117581,0.0
0.083673,0.093445,0.0
0.114818,0.058606,0.0
0.111713,0.0326,0.0
0.022192,0.098612,0.0
0.069696,0.032231,0.0
0.114501,0.036081,0.0
0.129146,0.030984,0.0
0.096469,0.096724,0.0
0.127938,0.066961,0.0
0.074789,0.054872,0.0
0.133569,0.060814,0.0
0.099692,0.096271,0.0
0.128712,0.083882,0.0
0.101284,0.097697,0.0
0.099439,0.120686,0.0
0.127479,0.118875,0.0
0.086897,0.038973,0.0
0.099752,0.12151,0.0
0.030832,0.071425,0.0
-0.011901,0.084003,0.0
0.085133,0.078297,0.0
0.083598,0.054477,0.0
0.125506,0.10726,0.0
0.010364,0.080093,0.0
0.109312,0.027246,0.0
0.098934,0.071974,0.0
-0.016166,0.06666,0.0
0.09273,0.108997,0.0
0.131313,0.09113,0.0
-0.006497,0.069176,0.0
0.098678,0.067937,0.0
0.105696,0.113363,0.0
0.091699,0.044251,0.0
0.015901,0.08549,0.0
-0.003765,0.090207,0.0
0.083486,0.086209,0.0
0.023632,0.055419,0.0
0.110066,0.039334,0.0
0.134167,0.09495,0.0
0.120279,0.070735,0.0
0.126377,0.100781,0.0
0.133128,0.034562,0.0
0.096063,0.030266,0.0
0.011973,0.077323,0.0
0.092664,0.10605,0.0
0.100371,0.119756,0.0
-0.006669,0.076277,0.0
0.088896,0.054025,0.0
0.129326,0.069788,0.0
0.09771,0.05496,0.0
0.117667,0.025349,0.0
0.094888,0.088593,0.0
0.104065,0.080943,0.0
-0.01548,0.068609,0.0
0.100046,0.096022,0.0
0.026626,0.066126,0.0
0.100845,0.035348,0.0
0.117754,0.062871,0.0
0.13495,0.090619,0.0
0.084993,0.112654,0.0
0.095523,0.043618,0.0
0.027709,0.080803,0.0
0.077972,0.066178,0.0
0.00031,0.077843,0.0
0.079604,0.022417,0.0
-0.004587,0.093192,0.0
0.103202,0.108951,0.0
-0.011881,0.075303,0.0
0.092139,0.049155,0.0
0.118563,0.085166,0.0
0.096612,0.049766,0.0
0.031379,0.082022,0.0
0.00139,0.072199,0.0
0.111844,0.054657,0.0
0.086019,0.091938,0.0
-0.010291,0.068908,0.0
0.108737,0.078584,0.0
0.117526,0.098221,0.0
0.126202,0.108128,0.0
0.087394,0.117943,0.0
0.100721,0.068465,0.0
0.127505,0.05551,0.0
0.121228,0.040557,0.0
-0.007814,0.056245,0.0
0.084714,0.079833,0.0
0.118612,0.034169,0.0
0.121408,0.066474,0.0
0.124627,0.070653,0.0
0.120807,0.065201,0.0
0.022802,0.089395,0.0
0.098105,0.045819,0.0
0.007856,0.095008,0.0
0.08251,0.083694,0.0
0.112088,0.089539,0.0
0.107579,0.102368,0.0
0.114287,0.060196,0.0
0.120735,0.058564,0.0
-0.009038,0.087171,0.0
0.10156,0.08055,0.0
0.110771,0.045242,0.0
0.107908,0.079698,0.0
0.100077,0.045035,0.0
0.126598,0.107298,0.0
0.071803,0.105001,0.0
0.113115,0.038959,0.0
0.1022,0.038502,0.0
0.098336,0.083568,0.0
0.132637,0.09249,0.0
0.094382,0.025093,0.0
0.107851,0.060069,0.0
0.077269,0.074031,0.0
0.103847,0.047027,0.0
0.130536,0.117127,0.0
0.129302,0.106389,0.0
0.004163,0.061094,0.0
0.116,0.08204,0.0
-0.00082,0.057127,0.0
0.026799,0.054875,0.0
0.090499,0.115443,0.0
-0.016795,0.079919,0.0
0.083679,0.076009,0.0
0.114241,0.03025,0.0
0.088969,0.058861,0.0
0.089598,0.053122,0.0
0.13279,0.081989,0.0
0.035461,0.076809,0.0
0.098672,0.034192,0.0
0.093419,0.10726,0.0
0.090115,0.117867,0.0
0.091876,0.114076,0.0
0.076849,0.069418,0.0
0.114697,0.042376,0.0
0.112399,0.048609,0.0
0.128223,0.048877,0.0
-0.007183,0.082754,0.0
0.118961,0.083304,0.0
0.11564,0.117166,0.0
-0.014143,0.076692,0.0
0.026737,0.054757,0.0
0.12795,0.112765,0.0
0.12716,0.117306,0.0
0.088703,0.09546,0.0
0.009836,0.055363,0.0
0.123319,0.113228,0.0
0.081762,0.117102,0.0
0.128699,0.107294,0.0
0.127968,0.083581,0.0
0.132727,0.047232,0.0
0.084903,0.102804,0.0
-0.008429,0.075757,0.0
0.125966,0.065376,0.0
0.095231,0.04986,0.0
-0.014371,0.068737,0.0
0.007917,0.067155,0.0
0.097212,0.077016,0.0
0.093973,0.069957,0.0
0.024371,0.067694,0.0
0.133733,0.025301,0.0
0.081824,0.053492,0.0
0.085545,0.026027,0.0
0.092693,0.03405,0.0
0.12654,0.099166,0.0
0.132593,0.036162,0.0
0.013139,0.063735,0.0
-0.001358,0.077307,0.0
0.002005,0.061565,0.0
0.080289,0.031991,0.0
0.082277,0.10623,0.0
-0.017068,0.078614,0.0
0.106419,0.049001,0.0
0.114907,0.08654,0.0
0.118797,0.024668,0.0
0.080837,0.07116,0.0
0.070991,0.043251,0.0
0.110458,0.028846,0.0
0.11704,0.043068,0.0
0.075458,0.111443,0.0
0.071201,0.101516,0.0
0.103029,0.112048,0.0
-0.000943,0.059775,0.0
0.030229,0.09219,0.0
0.095645,0.078635,0.0
0.103206,0.027107,0.0
0.08621,0.060603,0.0
0.132666,0.100515,0.0
0.101843,0.055777,0.0
0.000977,0.086968,0.0
0.002257,0.081796,0.0
0.133014,0.116457,0.0
0.023732,0.057421,0.0
0.097778,0.054264,0.0
0.02332,0.083675,0.0
0.10997,0.070152,0.0
0.022423,0.062481,0.0
0.033809,0.071309,0.0
0.010674,0.059572,0.0
0.120095,0.022445,0.0
0.074209,0.081938,0.0
0.114992,0.076576,0.0
-0.002434,0.09596,0.0
0.00708,0.065346,0.0
0.11957,0.079283,0.0
0.075105,0.092744,0.0
0.114513,0.025866,0.0
0.12437,0.057398,0.0
0.126694,0.121918,0.0
0.099309,0.086563,0.0
0.092278,0.062215,0.0
0.016855,0.089329,0.0
0.118701,0.023943,0.0
0.134398,0.080957,0.0
0.095898,0.115085,0.0
0.108753,0.084684,0.0
0.122502,0.108839,0.0
0.130208,0.118606,0.0
0.099057,0.077,0.0
0.076058,0.045965,0.0
0.114575,0.1132,0.0
0.087069,0.084246,0.0
0.102311,0.056742,0.0
0.084588,0.080588,0.0
0.007045,0.078675,0.0
0.111858,0.124704,0.0
0.103248,0.061449,0.0
0.028908,0.061496,0.0
0.106502,0.023442,0.0
0.121678,0.05229,0.0
0.132101,0.031466,0.0
0.127999,0.051115,0.0
0.113676,0.059574,0.0
0.111175,0.100775,0.0
0.09225,0.033046,0.0
0.128005,0.021744,0.0
0.10375,0.110276,0.0
0.108147,0.081843,0.0
0.00291,0.06185,0.0
0.088584,0.04833,0.0
0.102937,0.052562,0.0
0.091906,0.078546,0.0
0.072619,0.092264,0.0
0.09153,0.052437,0.0
0.005015,0.07262,0.0
0.067814,0.02337,0.0
0.020726,0.062624,0.0
0.130621,0.117757,0.0
0.071209,0.116129,0.0
0.094888,0.057712,0.0
0.086909,0.112851,0.0
0.12446,0.064291,0.0
-0.000586,0.084821,0.0
0.131904,0.065811,0.0
0.100478,0.044962,0.0
0.108702,0.114967,0.0
0.028901,0.086582,0.0
0.003976,0.087578,0.0
0.129736,0.118328,0.0
-0.001465,0.070879,0.0
0.095119,0.118869,0.0
0.130482,0.060979,0.0
-0.003566,0.06912,0.0
0.031805,0.085614,0.0
0.134453,0.058357,0.0
0.000695,0.066484,0.0
0.12106,0.067774,0.0
0.079122,0.023132,0.0
0.005215,0.088482,0.0
0.123002,0.119929,0.0
0.11562,0.024732,0.0
0.09507,0.056321,0.0
-0.007216,0.057241,0.0
0.130361,0.053523,0.0
0.032973,0.090461,0.0
0.077754,0.101695,0.0
0.070627,0.114009,0.0
-0.008934,0.078905,0.0
0.077918,0.039394,0.0
0.086502,0.072084,0.0
0.078906,0.064802,0.0
0.101722,0.067953,0.0
0.124491,0.047203,0.0
0.117588,0.0305,0.0
-0.011782,0.063038,0.0
0.123115,0.109513,0.0
0.078372,0.040673,0.0
0.092821,0.063541,0.0
0.12073,0.074175,0.0
0.091217,0.04583,0.0
0.005348,0.076052,0.0
0.108749,0.086477,0.0
0.073551,0.066426,0.0
0.07722,0.07405,0.0
0.082916,0.035083,0.0
0.082775,0.109295,0.0
0.105339,0.098557,0.0
0.083412,0.114879,0.0
0.104637,0.097785,0.0
0.023703,0.071917,0.0
0.023222,0.058098,0.0
0.122175,0.091569,0.0
0.002548,0.072021,0.0
0.086739,0.042367,0.0
0.096303,0.062381,0.0
0.015169,0.091503,0.0
0.071969,0.093234,0.0
0.026159,0.07786,0.0
0.131998,0.07904,0.0
0.132574,0.125539,0.0
0.12992,0.108562,0.0
0.080733,0.071316,0.0
-0.015828,0.074897,0.0
0.114001,0.07618,0.0
0.113535,0.103924,0.0
0.078161,0.053527,0.0
0.078316,0.104017,0.0
0.079303,0.106579,0.0
0.120077,0.123089,0.0
0.106272,0.073327,0.0
0.080018,0.075043,0.0
0.124071,0.051248,0.0
0.089752,0.024284,0.0
-0.011431,0.09435,0.0
0.082302,0.096338,0.0
0.006677,0.095709,0.0
0.124009,0.075152,0.0
0.084653,0.049393,0.0
0.114651,0.113443,0.0
0.133652,0.083173,0.0
0.112659,0.073185,0.0
0.020087,0.08025,0.0
0.083699,0.04071,0.0
0.133103,0.083803,0.0
0.075858,0.030015,0.0
-0.014867,0.063577,0.0
0.094364,0.058286,0.0
0.125633,0.091582,0.0
-0.004504,0.084921,0.0
0.076299,0.049509,0.0
0.128343,0.042796,0.0
0.084867,0.037451,0.0
-0.001296,0.061377,0.0
0.023612,0.06008,0.0
0.096187,0.095831,0.0
0.106765,0.034583,0.0
0.130767,0.036137,0.0
0.072988,0.050352,0.0
0.132486,0.036146,0.0
0.010845,0.072502,0.0
0.119371,0.108851,0.0
0.087679,0.110191,0.0
0.093587,0.028367,0.0
0.081701,0.060245,0.0
0.090918,0.111118,0.0
0.133409,0.108823,0.0
0.106343,0.095933,0.0
0.083779,0.030314,0.0
0.117657,0.123416,0.0
0.105809,0.106647,0.0
0.081608,0.086944,0.0
0.112564,0.067404,0.0
0.069568,0.035312,0.0
0.083917,0.055027,0.0
-0.002069,0.064774,0.0
0.09072,0.107702,0.0
-0.014102,0.070671,0.0
0.108955,0.05424,0.0
0.10358,0.050146,0.0
0.12401,0.080477,0.0
0.079442,0.069991,0.0
0.115776,0.031504,0.0
0.08026,0.102206,0.0
-0.013911,0.080064,0.0
0.104991,0.073053,0.0
0.106713,0.108786,0.0
0.080972,0.086713,0.0
0.119712,0.093674,0.0
0.088907,0.068049,0.0
0.115927,0.031777,0.0
0.134201,0.12444,0.0
0.11277,0.061771,0.0
-0.011387,0.078925,0.0
0.074771,0.0483,0.0
0.087983,0.105692,0.0
0.134854,0.089558,0.0
0.110323,0.029751,0.0
0.119641,0.091408,0.0
0.005973,0.06351,0.0
0.088401,0.105122,0.0
0.131567,0.071457,0.0
0.036889,0.075665,0.0
0.007921,0.057528,0.0
0.025152,0.078842,0.0
-0.005297,0.09076,0.0
0.094608,0.078718,0.0
0.125422,0.084377,0.0
0.120734,0.088216,0.0
0.020298,0.061064,0.0
0.134532,0.074294,0.0
0.117246,0.030484,0.0
0.126966,0.099276,0.0
0.015982,0.055461,0.0
0.123863,0.088578,0.0
0.131012,0.117333,0.0
0.131041,0.070586,0.0
0.123951,0.091035,0.0
0.08075,0.103954,0.0
0.076793,0.033464,0.0
0.033537,0.090533,0.0
0.018654,0.070434,0.0
0.111912,0.096165,0.0
-0.015402,0.069737,0.0
0.088616,0.030046,0.0
0.077444,0.116337,0.0
0.125771,0.052087,0.0
0.121641,0.049343,0.0
0.128111,0.063616,0.0
0.075292,0.048308,0.0
0.113035,0.075208,0.0
0.000133,0.069432,0.0
0.106009,0.070628,0.0
0.08798,0.070373,0.0
0.122448,0.047041,0.0
0.119459,0.045004,0.0
0.103673,0.121681,0.0
0.079635,0.071609,0.0
0.125912,0.047783,0.0
-0.011992,0.062019,0.0
0.100075,0.043749,0.0
0.111014,0.057458,0.0
0.01223,0.066239,0.0
0.11836,0.060877,0.0
0.022175,0.057093,0.0
0.120489,0.042631,0.0
0.092265,0.090115,0.0
-0.009614,0.061072,0.0
0.00161,0.09073,0.0
-0.012802,0.060746,0.0
0.103934,0.10065,0.0
0.102329,0.115312,0.0
0.084866,0.099786,0.0
0.081926,0.093341,0.0
0.12161,0.048424,0.0
0.120679,0.060483,0.0
0.114174,0.021776,0.0
0.133816,0.067568,0.0
0.017786,0.056607,0.0
0.097267,0.115929,0.0
-0.002347,0.068669,0.0
0.111164,0.105069,0.0
-0.008718,0.075606,0.0
-0.013761,0.086038,0.0
0.072259,0.039372,0.0
-0.002898,0.074593,0.0
0.133744,0.126616,0.0
0.09568,0.044647,0.0
0.036055,0.080973,0.0
0.084033,0.081409,0.0
0.017794,0.073819,0.0
-0.009138,0.079101,0.0
0.084318,0.027758,0.0
0.105299,0.05292,0.0
0.129065,0.077311,0.0
0.077756,0.031493,0.0
0.125167,0.125524,0.0
-0.00052,0.089455,0.0
0.11239,0.05784,0.0
0.129987,0.064703,0.0
0.03412,0.092774,0.0
0.004626,0.067481,0.0
0.102532,0.075112,0.0
0.12776,0.052401,0.0
0.096984,0.038589,0.0
0.116022,0.045984,0.0
0.114151,0.116328,0.0
0.120251,0.024279,0.0
0.121227,0.112259,0.0
0.108671,0.088541,0.0
0.134516,0.08977,0.0
0.006689,0.082484,0.0
0.093973,0.086835,0.0
0.089959,0.053273,0.0
0.107599,0.086179,0.0
0.08976,0.027687,0.0
0.095096,0.039905,0.0
0.001129,0.071982,0.0
-0.00812,0.064406,0.0
0.096724,0.043786,0.0
0.120887,0.103529,0.0
-0.012669,0.059216,0.0
-0.007062,0.081909,0.0
0.134631,0.098355,0.0
0.109922,0.0962,0.0
0.090246,0.09218,0.0
-0.005089,0.0809,0.0
0.013351,0.091887,0.0
0.022245,0.063929,0.0
0.100334,0.089721,0.0
0.099446,0.054555,0.0
0.077219,0.043684,0.0
0.095197,0.047283,0.0
0.004385,0.095229,0.0
0.083259,0.103991,0.0
0.092272,0.072303,0.0
0.002128,0.092793,0.0
0.103514,0.06875,0.0
0.109284,0.023798,0.0
0.096849,0.10868,0.0
0.132843,0.058235,0.0
0.106916,0.091087,0.0
0.018302,0.064581,0.0
0.020098,0.056443,0.0
0.118492,0.091513,0.0
0.122684,0.043197,0.0
-0.011583,0.064156,0.0
0.009903,0.078271,0.0
0.084177,0.070516,0.0
0.076862,0.030769,0.0
0.111343,0.052351,0.0
0.098886,0.110989,0.0
0.134665,0.038388,0.0
0.088309,0.105942,0.0
0.108865,0.114223,0.0
0.133632,0.044726,0.0
0.076394,0.045635,0.0
0.128407,0.061408,0.0
0.095937,0.057809,0.0
0.084153,0.036642,0.0
0.005155,0.088097,0.0
0.113516,0.022484,0.0
0.106873,0.104158,0.0
0.113941,0.032828,0.0
0.108337,0.05384,0.0
0.090171,0.04761,0.0
0.007719,0.094539,0.0
0.092599,0.118859,0.0
-0.013979,0.096547,0.0
0.099511,0.06775,0.0
-0.01158,0.091028,0.0
0.130333,0.044803,0.0
0.112357,0.124106,0.0
0.134555,0.123197,0.0
0.097498,0.024698,0.0
0.102031,0.084561,0.0
0.099707,0.114914,0.0
0.10433,0.075156,0.0
0.121522,0.055684,0.0
0.113329,0.072334,0.0
0.00375,0.06833,0.0
0.096676,0.075121,0.0
0.082882,0.080452,0.0
0.123258,0.10101,0.0
0.125325,0.10773,0.0
-0.000978,0.081503,0.0
0.077307,0.059506,0.0
0.12458,0.091276,0.0
0.011987,0.065424,0.0
0.081161,0.069735,0.0
-0.004929,0.063071,0.0
0.005936,0.06823,0.0
0.071656,0.03625,0.0
0.116694,0.109974,0.0
0.014613,0.068377,0.0
0.078733,0.024629,0.0
0.12992,0.100736,0.0
0.016322,0.066773,0.0
0.097993,0.119342,0.0
0.088088,0.036726,0.0
0.132603,0.103725,0.0
0.095151,0.062659,0.0
-0.014134,0.057844,0.0
0.098549,0.048005,0.0
0.028991,0.084769,0.0
0.122576,0.079081,0.0
0.089244,0.115009,0.0
0.086213,0.060065,0.0
0.107901,0.030016,0.0
0.13404,0.04955,0.0
0.083384,0.083623,0.0
0.123001,0.100196,0.0
0.131691,0.087991,0.0
0.078769,0.060845,0.0
0.008711,0.072606,0.0
0.089791,0.024679,0.0
0.086387,0.094178,0.0
0.100079,0.080984,0.0
0.078406,0.034406,0.0
0.094744,0.046828,0.0
0.091325,0.022036,0.0
0.107997,0.109558,0.0
0.094074,0.03275,0.0
0.016143,0.06728,0.0
0.094509,0.05618,0.0
0.087548,0.067583,0.0
0.123459,0.118975,0.0
0.075056,0.097085,0.0
0.10317,0.061163,0.0
0.007975,0.090154,0.0
-0.006913,0.073922,0.0
0.124566,0.095119,0.0
0.084841,0.038127,0.0
0.128245,0.126448,0.0
-0.000676,0.072563,0.0
0.094974,0.061241,0.0
0.031226,0.09742,0.0
0.103168,0.069111,0.0
0.09675,0.092414,0.0
0.074134,0.022364,0.0
0.094931,0.066115,0.0
0.116894,0.052594,0.0
0.076861,0.042118,0.0
0.116923,0.064314,0.0
0.126254,0.110392,0.0
0.102548,0.109288,0.0
0.082825,0.032406,0.0
0.116521,0.095334,0.0
0.082541,0.104919,0.0
0.035847,0.071142,0.0
0.100851,0.064943,0.0
0.115237,0.091796,0.0
0.01137,0.096802,0.0
0.088239,0.070933,0.0
0.110703,0.123494,0.0
0.131155,0.033656,0.0
0.128392,0.120056,0.0
0.021951,0.087532,0.0
0.112579,0.107247,0.0
0.106205,0.033361,0.0
0.003686,0.067219,0.0
-0.002289,0.082979,0.0
0.030374,0.085884,0.0
0.010917,0.072638,0.0
0.131234,0.024953,0.0
0.071438,0.030061,0.0
0.085658,0.100804,0.0
-0.011467,0.094575,0.0
0.072706,0.073031,0.0
0.091673,0.079517,0.0
0.113521,0.107546,0.0
0.132254,0.068478,0.0
0.124931,0.060346,0.0
0.084693,0.072041,0.0
-0.01334,0.065836,0.0
0.020563,0.060587,0.0
0.120644,0.045148,0.0
0.086974,0.117758,0.0
-0.006825,0.068093,0.0
0.08155,0.097726,0.0
0.022634,0.083528,0.0
0.10768,0.021902,0.0
-0.003259,0.084838,0.0
0.106332,0.092238,0.0
0.028033,0.091214,0.0
0.101511,0.086168,0.0
0.076242,0.103057,0.0
0.078655,0.081141,0.0
0.119708,0.053034,0.0
0.12949,0.111075,0.0
0.082486,0.029653,0.0
-0.000503,0.056976,0.0
0.091574,0.075254,0.0
0.123703,0.022492,0.0
-0.0123,0.090976,0.0
0.103122,0.090074,0.0
-0.008111,0.072527,0.0
0.133543,0.116955,0.0
0.12806,0.061174,0.0
0.111889,0.079819,0.0
0.12352,0.0437,0.0
0.071127,0.038659,0.0
0.085916,0.108371,0.0
-0.001501,0.05933,0.0
0.071419,0.043475,0.0
0.020089,0.075151,0.0
-0.003688,0.074199,0.0
-0.003183,0.061887,0.0
-0.003922,0.067479,0.0
0.121028,0.082356,0.0
9.7e-05,0.08927,0.0
0.120534,0.055583,0.0
0.032353,0.08076,0.0
-0.009612,0.074484,0.0
0.111294,0.066626,0.0
0.004222,0.064148,0.0
0.023529,0.062254,0.0
0.134325,0.087902,0.0
0.085284,0.112139,0.0
0.019524,0.077647,0.0
0.087095,0.07901,0.0
0.096199,0.036206,0.0
0.099225,0.094153,0.0
0.112171,0.117685,0.0
0.109095,0.069239,0.0
-0.004636,0.08209,0.0
0.07936,0.042793,0.0
0.089831,0.047809,0.0
0.07957,0.059918,0.0
0.113975,0.063503,0.0
0.030668,0.074535,0.0
0.108083,0.027348,0.0
0.071895,0.062819,0.0
-0.003847,0.074403,0.0
0.007072,0.059608,0.0
0.133358,0.03624,0.0
0.082983,0.104934,0.0
0.106539,0.122842,0.0
0.134904,0.054277,0.0
0.081508,0.11562,0.0
-0.007989,0.069838,0.0
0.03612,0.075378,0.0
0.131047,0.072495,0.0
0.109443,0.086422,0.0
0.134433,0.029881,0.0
0.001786,0.066317,0.0
0.110638,0.051282,0.0
0.024777,0.055234,0.0
0.109381,0.026582,0.0
0.085021,0.080017,0.0
0.080081,0.041208,0.0
0.01618,0.071975,0.0
0.093587,0.054975,0.0
0.076245,0.073625,0.0
0.075285,0.03006,0.0
0.023621,0.085988,0.0
0.12928,0.073792,0.0
0.088838,0.078507,0.0
0.075477,0.047521,0.0
-0.000579,0.085475,0.0
0.076475,0.039735,0.0
0.102433,0.051054,0.0
0.098289,0.036697,0.0
0.081028,0.040078,0.0
0.074594,0.08401,0.0
0.036927,0.077981,0.0
-0.003331,0.07464,0.0
0.112807,0.093951,0.0
0.134355,0.028978,0.0
0.093261,0.108672,0.0
0.031677,0.05795,0.0
0.007712,0.078954,0.0
0.001986,0.094894,0.0
0.121703,0.027162,0.0
0.11795,0.078443,0.0
0.11499,0.1162,0.0
0.119741,0.054656,0.0
0.076823,0.088128,0.0
-0.015118,0.069102,0.0
-0.01205,0.068251,0.0
0.00786,0.073888,0.0
0.102906,0.058588,0.0
0.111097,0.12471,0.0
0.129482,0.070847,0.0
-0.006509,0.092042,0.0
-0.00934,0.066911,0.0
0.118015,0.062756,0.0
0.13437,0.04478,0.0
0.076375,0.091766,0.0
0.102865,0.075707,0.0
0.016201,0.081276,0.0
0.095532,0.073701,0.0
0.086954,0.033362,0.0
0.003611,0.068309,0.0
0.12354,0.041266,0.0
-0.010346,0.088725,0.0
0.115433,0.116399,0.0
0.023141,0.085069,0.0
0.114018,0.033186,0.0
0.122993,0.074415,0.0
0.013753,0.095903,0.0
0.071287,0.024844,0.0
0.107573,0.041965,0.0
0.006896,0.086595,0.0
0.074799,0.095151,0.0
0.118862,0.049515,0.0
0.003969,0.089402,0.0
-0.004549,0.073383,0.0
0.115701,0.103046,0.0
0.102491,0.051002,0.0
0.006063,0.083356,0.0
0.127454,0.064121,0.0
0.106699,0.069206,0.0
0.008444,0.098072,0.0
0.101793,0.067797,0.0
0.12866,0.046359,0.0
0.104219,0.030995,0.0
0.078818,0.079632,0.0
0.083405,0.113579,0.0
0.115692,0.071721,0.0
0.113116,0.081231,0.0
0.073092,0.07368,0.0
0.098869,0.10882,0.0
0.014827,0.089358,0.0
0.102929,0.025272,0.0
0.106289,0.086338,0.0
0.068272,0.025849,0.0
0.031133,0.073412,0.0
0.017259,0.062614,0.0
0.091036,0.074537,0.0
0.114094,0.118816,0.0
0.107639,0.094484,0.0
0.07094,0.041664,0.0
0.103369,0.077772,0.0
0.100803,0.118128,0.0
0.120308,0.095153,0.0
0.073816,0.028583,0.0
0.083002,0.095029,0.0
0.132418,0.105965,0.0
0.083082,0.069676,0.0
0.126065,0.093858,0.0
0.081803,0.036776,0.0
0.082086,0.1055,0.0
0.094505,0.092484,0.0
0.122805,0.11595,0.0
0.120792,0.039623,0.0
0.014432,0.082521,0.0
0.116733,0.034915,0.0
-0.012564,0.073783,0.0
0.082438,0.09531,0.0
0.015623,0.068331,0.0
0.12911,0.031085,0.0
0.092958,0.105357,0.0
0.122555,0.126608,0.0
0.078648,0.116743,0.0
0.073902,0.03629,0.0
0.103005,0.056436,0.0
0.102153,0.097529,0.0
0.022516,0.093006,0.0
0.097575,0.111243,0.0
0.021739,0.07007,0.0
0.112689,0.08672,0.0
0.10332,0.079499,0.0
0.035106,0.080358,0.0
-0.004183,0.066686,0.0
-0.002133,0.071203,0.0
0.119243,0.053133,0.0
0.116228,0.119314,0.0
0.101084,0.061336,0.0
0.109579,0.107895,0.0
0.089522,0.090145,0.0
0.119468,0.032992,0.0
0.101763,0.08772,0.0
0.036901,0.079939,0.0
0.128978,0.057689,0.0
0.088624,0.105543,0.0
0.108757,0.07211,0.0
0.127601,0.109852,0.0
0.12823,0.091258,0.0
0.083614,0.106576,0.0
0.097729,0.117977,0.0
0.102303,0.083647,0.0
0.130133,0.103437,0.0
0.117795,0.057198,0.0
0.008304,0.096657,0.0
0.096779,0.067229,0.0
0.13255,0.034229,0.0
-0.008207,0.09584,0.0
0.082869,0.107132,0.0
0.079464,0.113551,0.0
0.079861,0.035753,0.0
0.123069,0.039269,0.0
0.027454,0.074514,0.0
0.020306,0.076298,0.0
0.012898,0.09021,0.0
0.1129,0.123185,0.0
0.088872,0.06274,0.0
0.125097,0.123973,0.0
0.080116,0.049719,0.0
0.075108,0.079669,0.0
0.009802,0.079683,0.0
0.014782,0.076087,0.0
0.031346,0.070897,0.0
0.132939,0.123597,0.0
0.101396,0.05694,0.0
0.118363,0.031097,0.0
0.105789,0.06959,0.0
0.122919,0.037939,0.0
0.129141,0.102514,0.0
0.095018,0.09588,0.0
0.080225,0.031914,0.0
0.096426,0.062153,0.0
0.125738,0.089868,0.0
0.104103,0.119936,0.0
0.118482,0.06667,0.0
-0.009667,0.089742,0.0
0.089055,0.116754,0.0
0.097313,0.033746,0.0
0.087514,0.058895,0.0
-0.0041,0.068626,0.0
0.113302,0.032821,0.0
0.09947,0.040938,0.0
0.085124,0.089759,0.0
-0.011772,0.077289,0.0
0.102767,0.067068,0.0
0.126382,0.078835,0.0
0.075814,0.116841,0.0
0.120148,0.106656,0.0
0.079457,0.046612,0.0
0.07679,0.099393,0.0
0.070893,0.113424,0.0
0.090505,0.086934,0.0
0.120781,0.108365,0.0
-0.007751,0.073852,0.0
0.129697,0.075812,0.0
0.118397,0.086148,0.0
0.112203,0.122033,0.0
0.013995,0.060815,0.0
0.095254,0.068099,0.0
0.134624,0.044162,0.0
0.092605,0.064687,0.0
0.112682,0.124458,0.0
0.081757,0.024393,0.0
0.110275,0.110728,0.0
0.080444,0.114287,0.0
0.015128,0.074441,0.0
0.079449,0.055237,0.0
0.10805,0.030272,0.0
0.124152,0.039774,0.0
0.093552,0.043338,0.0
0.134837,0.127462,0.0
0.120846,0.036162,0.0
0.075254,0.107833,0.0
0.030394,0.082654,0.0
0.115545,0.055455,0.0
0.017851,0.078946,0.0
0.119552,0.116255,0.0
0.081735,0.068846,0.0
0.132064,0.066691,0.0
0.017679,0.081632,0.0
0.085036,0.067959,0.0
-0.009993,0.071172,0.0
0.006268,0.089706,0.0
0.098962,0.095909,0.0
-0.010848,0.089959,0.0
0.128017,0.125497,0.0
0.109612,0.115737,0.0
0.032741,0.058225,0.0
0.098718,0.095448,0.0
0.098871,0.024298,0.0
-0.009708,0.083784,0.0
0.11558,0.048698,0.0
0.117173,0.083749,0.0
0.100134,0.098726,0.0
0.017173,0.073442,0.0
0.07868,0.0471,0.0
0.109625,0.065634,0.0
0.027627,0.095378,0.0
0.103514,0.117394,0.0
0.110991,0.107381,0.0
0.097684,0.051007,0.0
0.080237,0.092899,0.0
0.109686,0.092658,0.0
-0.015151,0.086866,0.0
0.10035,0.057176,0.0
0.096366,0.088337,0.0
0.036294,0.083178,0.0
0.09946,0.087784,0.0
0.10097,0.092091,0.0
0.132243,0.024796,0.0
0.022405,0.068192,0.0
0.103823,0.079459,0.0
0.134061,0.02922,0.0
0.114367,0.041549,0.0
0.096647,0.081409,0.0
0.126166,0.049376,0.0
0.084277,0.026981,0.0
0.106037,0.037173,0.0
0.023345,0.069616,0.0
0.130738,0.044718,0.0
0.120687,0.025778,0.0
0.095434,0.061482,0.0
-0.006783,0.057101,0.0
0.010129,0.072973,0.0
0.095646,0.041756,0.0
0.134977,0.060896,0.0
0.103269,0.061245,0.0
0.112306,0.059537,0.0
-0.009042,0.090067,0.0
0.097037,0.026815,0.0
0.094492,0.076038,0.0
-0.014115,0.085944,0.0
0.115337,0.116369,0.0
-0.013388,0.07651,0.0
0.128891,0.104737,0.0
0.128037,0.110871,0.0
0.082302,0.100295,0.0
0.074365,0.04632,0.0
0.070888,0.106313,0.0
0.113979,0.116158,0.0
0.098616,0.072138,0.0
0.085411,0.052499,0.0
0.088059,0.03915,0.0
0.124457,0.029151,0.0
0.095297,0.107574,0.0
0.125738,0.085968,0.0
0.126137,0.093123,0.0
0.124144,0.124517,0.0
0.116473,0.028887,0.0
0.013585,0.066038,0.0
0.021205,0.070892,0.0
0.121296,0.082993,0.0
0.012079,0.073299,0.0
0.014472,0.069038,0.0
0.097609,0.029351,0.0
0.107662,0.109575,0.0
0.093519,0.111547,0.0
0.077986,0.032863,0.0
0.098896,0.08087,0.0
0.109802,0.090965,0.0
0.123546,0.07181,0.0
0.109794,0.114336,0.0
0.096051,0.109539,0.0
-0.003759,0.075018,0.0
0.082703,0.093855,0.0
0.098722,0.054309,0.0
0.085933,0.099745,0.0
0.000982,0.056204,0.0
0.071849,0.058945,0.0
0.120935,0.061811,0.0
0.030698,0.067002,0.0
0.075188,0.104829,0.0
0.006867,0.058139,0.0
-0.009087,0.063255,0.0
0.111115,0.039534,0.0
0.078526,0.044736,0.0
0.106554,0.064434,0.0
0.122835,0.121379,0.0
0.119041,0.082643,0.0
0.074029,0.083767,0.0
-0.001057,0.078683,0.0
0.127618,0.09463,0.0
0.074323,0.067885,0.0
0.125718,0.078036,0.0
0.098548,0.042702,0.0
0.03049,0.059272,0.0
0.104303,0.031371,0.0
-0.006372,0.070433,0.0
0.020559,0.089385,0.0
0.00076,0.089893,0.0
0.085333,0.030207,0.0
0.089115,0.053584,0.0
0.124928,0.039486,0.0
0.086497,0.036375,0.0
0.005169,0.065084,0.0
0.118677,0.050826,0.0
0.094402,0.063867,0.0
0.108853,0.03328,0.0
0.001714,0.097033,0.0
-0.014448,0.066778,0.0
0.107762,0.078609,0.0
0.083486,0.04633,0.0
-0.016176,0.075811,0.0
0.114871,0.096633,0.0
0.02559,0.091634,0.0
1.2e-05,0.072947,0.0
0.087473,0.027405,0.0
0.106094,0.030978,0.0
0.026458,0.079271,0.0
0.08718,0.077973,0.0
0.130937,0.043269,0.0
0.024235,0.080422,0.0
0.097184,0.074562,0.0
0.077051,0.045167,0.0
0.020352,0.080951,0.0
0.090843,0.062583,0.0
0.086028,0.07771,0.0
0.120523,0.094629,0.0
0.111619,0.087715,0.0
0.090347,0.074606,0.0
-0.012526,0.071364,0.0
-0.001079,0.082724,0.0
0.073749,0.074531,0.0
0.032755,0.095833,0.0
0.011639,0.09102,0.0
0.127193,0.058423,0.0
0.118521,0.120853,0.0
0.094126,0.03168,0.0
0.076333,0.067866,0.0
0.080235,0.058489,0.0
0.08822,0.110353,0.0
0.089427,0.069884,0.0
0.092878,0.031425,0.0
0.085292,0.064649,0.0
0.0878,0.115477,0.0
0.124046,0.053005,0.0
0.085779,0.091409,0.0
0.07916,0.061584,0.0
0.129524,0.097935,0.0
0.003365,0.065507,0.0
-0.002246,0.086245,0.0
0.11911,0.086998,0.0
0.084195,0.09984,0.0
0.121312,0.073035,0.0
0.132665,0.087819,0.0
0.09885,0.116837,0.0
-0.015333,0.080463,0.0
0.091194,0.087294,0.0
0.128364,0.101176,0.0
-0.014498,0.0741,0.0
0.011252,0.080031,0.0
0.09048,0.04405,0.0
0.116443,0.043571,0.0
0.099848,0.09926,0.0
0.09121,0.082995,0.0
0.098911,0.044744,0.0
0.125765,0.034201,0.0
0.134343,0.02443,0.0
0.118884,0.030253,0.0
0.098484,0.055972,0.0
0.12818,0.022652,0.0
0.018637,0.086028,0.0
0.128454,0.125934,0.0
0.073235,0.104645,0.0
0.107694,0.085339,0.0
0.003948,0.056146,0.0
0.124108,0.117194,0.0
0.106515,0.031546,0.0
0.082104,0.038434,0.0
0.101837,0.051328,0.0
0.026857,0.094052,0.0
0.094104,0.029052,0.0
0.07711,0.037839,0.0
0.081966,0.090915,0.0
0.130019,0.061872,0.0
0.108452,0.068769,0.0
0.092735,0.060956,0.0
0.083281,0.055803,0.0
-0.000436,0.093714,0.0
-0.004383,0.082924,0.0
0.112976,0.062015,0.0
0.090344,0.047002,0.0
0.020033,0.083262,0.0
0.131719,0.058925,0.0
0.101354,0.053526,0.0
0.030697,0.085847,0.0
0.02014,0.065609,0.0
0.089778,0.059153,0.0
0.094035,0.040484,0.0
0.116187,0.032944,0.0
0.088348,0.111758,0.0
0.10169,0.030422,0.0
0.132988,0.092094,0.0
0.092617,0.109137,0.0
0.132548,0.042298,0.0
0.090115,0.026621,0.0
0.005772,0.073635,0.0
0.123813,0.105072,0.0
0.120659,0.022206,0.0
0.102416,0.111011,0.0
0.009835,0.05755,0.0
0.080332,0.115304,0.0
0.007268,0.097078,0.0
-0.015316,0.089164,0.0
0.111522,0.034777,0.0
0.100524,0.05373,0.0
0.100728,0.035799,0.0
0.09596,0.090988,0.0
0.092001,0.058002,0.0
0.134625,0.032679,0.0
0.082475,0.072567,0.0
0.109471,0.065884,0.0
0.030544,0.08573,0.0
0.017647,0.086631,0.0
0.130561,0.072052,0.0
0.128446,0.099596,0.0
0.072334,0.041107,0.0
0.077619,0.096664,0.0
0.094517,0.036667,0.0
0.024468,0.067131,0.0
0.108063,0.119686,0.0
0.0861,0.078998,0.0
0.114814,0.114571,0.0
0.094316,0.08775,0.0
0.00692,0.063702,0.0
0.100394,0.073266,0.0
0.087794,0.068774,0.0
0.098351,0.077328,0.0
0.120168,0.092301,0.0
0.124821,0.054286,0.0
0.092525,0.055747,0.0
0.008989,0.062011,0.0
0.122369,0.058643,0.0
0.121335,0.064884,0.0
0.122846,0.081398,0.0
0.098169,0.025332,0.0
0.121378,0.10858,0.0
0.093969,0.110268,0.0
0.026063,0.084764,0.0
0.128377,0.083037,0.0
0.071652,0.04144,0.0
0.12316,0.112304,0.0
0.073589,0.087445,0.0
0.131419,0.064496,0.0
0.13315,0.034931,0.0
0.033544,0.078158,0.0
0.128989,0.021811,0.0
0.131705,0.022401,0.0
0.019016,0.062276,0.0
0.114308,0.124262,0.0
0.081607,0.046592,0.0
0.116697,0.120047,0.0
0.022924,0.097811,0.0
-0.01056,0.083479,0.0
0.119558,0.068467,0.0
0.125928,0.032229,0.0
0.101948,0.030791,0.0
0.125598,0.022278,0.0
0.122155,0.038479,0.0
0.076317,0.115094,0.0
0.033171,0.070221,0.0
0.119558,0.105535,0.0
0.027427,0.09522,0.0
-0.001007,0.098323,0.0
0.085389,0.063523,0.0
0.103419,0.051323,0.0
0.119997,0.12295,0.0
0.025485,0.082114,0.0
0.126624,0.079714,0.0
0.096772,0.057742,0.0
-0.00563,0.067202,0.0
0.075337,0.056417,0.0
0.021778,0.096522,0.0
0.088281,0.07769,0.0
0.008592,0.073042,0.0
0.105079,0.035625,0.0
0.078758,0.025441,0.0
0.002074,0.07522,0.0
0.08629,0.091938,0.0
0.10576,0.115907,0.0
0.096075,0.021858,0.0
0.100426,0.105762,0.0
0.090953,0.106492,0.0
0.109815,0.031006,0.0
0.097431,0.111438,0.0
0.085129,0.115842,0.0
0.101973,0.114839,0.0
0.078744,0.065733,0.0
0.000171,0.076856,0.0
0.093586,0.034457,0.0
0.032457,0.092562,0.0
0.090319,0.047228,0.0
0.111571,0.044656,0.0
0.116396,0.023233,0.0
0.113178,0.101935,0.0
0.129367,0.055612,0.0
0.133506,0.034632,0.0
0.008335,0.086438,0.0
0.072725,0.109381,0.0
0.116606,0.066269,0.0
0.129428,0.049661,0.0
0.029355,0.060763,0.0
-0.001369,0.074186,0.0
0.083233,0.025717,0.0
0.09288,0.068739,0.0
0.079341,0.107846,0.0
0.079413,0.112662,0.0
0.104438,0.103278,0.0
0.096676,0.060099,0.0
-0.002654,0.057236,0.0
0.084422,0.044888,0.0
-0.014087,0.06341,0.0
0.07109,0.038626,0.0
0.086253,0.085009,0.0
0.125248,0.029044,0.0
0.127068,0.046401,0.0
0.085206,0.075942,0.0
0.121232,0.107109,0.0
0.102727,0.054375,0.0
0.132045,0.058347,0.0
0.098872,0.063137,0.0
0.075149,0.069531,0.0
0.128776,0.089699,0.0
0.104868,0.046307,0.0
-0.014542,0.088502,0.0
0.019527,0.061513,0.0
0.098937,0.034779,0.0
-0.012559,0.068693,0.0
0.075133,0.093432,0.0
0.029111,0.085453,0.0
0.001545,0.083608,0.0
0.098177,0.094311,0.0
0.021534,0.086365,0.0
0.013202,0.088755,0.0
0.086045,0.092692,0.0
-0.004216,0.085612,0.0
0.118336,0.104727,0.0
0.072992,0.038936,0.0
0.100286,0.111698,0.0
0.076184,0.048789,0.0
0.030748,0.092612,0.0
0.088681,0.056162,0.0
0.005382,0.062174,0.0
0.078583,0.031535,0.0
0.071229,0.108622,0.0
0.128184,0.108316,0.0
0.085809,0.03811,0.0
0.0932,0.028402,0.0
0.126746,0.031864,0.0
0.132247,0.048209,0.0
0.126003,0.094558,0.0
0.017881,0.088714,0.0
0.0807,0.026399,0.0
0.070994,0.034918,0.0
0.113852,0.024933,0.0
0.07464,0.072278,0.0
0.011235,0.082307,0.0
-0.007352,0.069003,0.0
0.109618,0.073654,0.0
0.092534,0.053843,0.0
0.131337,0.047146,0.0
0.114413,0.103611,0.0
0.122966,0.060962,0.0
0.086159,0.029612,0.0
0.008122,0.05935,0.0
0.098488,0.0953,0.0
0.103218,0.05008,0.0
0.091685,0.057049,0.0
0.13191,0.059394,0.0
0.017386,0.094578,0.0
0.105164,0.082515,0.0
0.103368,0.085673,0.0
0.094001,0.082828,0.0
0.03352,0.063021,0.0
-0.005282,0.08619,0.0
0.118662,0.093692,0.0
0.027987,0.080237,0.0
0.091878,0.06475,0.0
-0.00386,0.085164,0.0
0.130065,0.124772,0.0
0.032115,0.067155,0.0
0.129292,0.027735,0.0
0.121235,0.09341,0.0
0.131684,0.123309,0.0
0.126554,0.02981,0.0
0.075799,0.065719,0.0
0.126746,0.058231,0.0
0.091951,0.105957,0.0
0.072528,0.100124,0.0
-0.00986,0.094239,0.0
-0.009623,0.088702,0.0
0.104692,0.122767,0.0
0.113662,0.081096,0.0
0.121557,0.075516,0.0
0.12152,0.045918,0.0
0.104895,0.10502,0.0
0.105687,0.072794,0.0
0.000508,0.065833,0.0
-0.00075,0.084896,0.0
0.118772,0.047898,0.0
0.074876,0.095881,0.0
0.108573,0.122134,0.0
0.117628,0.092593,0.0
0.120035,0.047317,0.0
0.080396,0.078342,0.0
0.088446,0.054118,0.0
0.104708,0.070941,0.0
0.123538,0.071209,0.0
0.121238,0.063523,0.0
0.072682,0.107678,0.0
0.087643,0.039989,0.0
-0.011458,0.091988,0.0
0.11342,0.058384,0.0
0.081708,0.095117,0.0
0.101249,0.039452,0.0
0.128556,0.118242,0.0
0.117351,0.114381,0.0
0.078223,0.108278,0.0
0.087926,0.116344,0.0
0.110672,0.119079,0.0
0.092183,0.076768,0.0
0.113631,0.096324,0.0
0.128212,0.033188,0.0
0.020394,0.093194,0.0
-0.00986,0.085968,0.0
0.029115,0.06012,0.0
0.10409,0.104514,0.0
0.108655,0.100718,0.0
0.027056,0.075334,0.0
0.098704,0.055355,0.0
0.091412,0.059644,0.0
0.094247,0.04161,0.0
0.098538,0.086025,0.0
0.114553,0.040319,0.0
0.085325,0.100381,0.0
0.077595,0.023942,0.0
0.105577,0.0709,0.0
0.1063,0.074461,0.0
0.129436,0.043885,0.0
0.12662,0.05811,0.0
0.09232,0.047431,0.0
0.083354,0.072218,0.0
0.108813,0.116228,0.0
0.096273,0.031896,0.0
0.029279,0.085638,0.0
-0.005932,0.064396,0.0
0.086637,0.045104,0.0
0.00141,0.092375,0.0
0.120289,0.117075,0.0
0.120057,0.026515,0.0
0.114206,0.04004,0.0
0.117633,0.061582,0.0
0.101618,0.095518,0.0
0.021265,0.064103,0.0
0.115659,0.090801,0.0
0.118693,0.11392,0.0
-0.016648,0.074225,0.0
0.124099,0.116747,0.0
0.116618,0.100726,0.0
0.128769,0.081534,0.0
0.109329,0.105535,0.0
0.087875,0.055848,0.0
0.011142,0.076861,0.0
0.036176,0.075953,0.0
0.129704,0.024975,0.0
0.072371,0.032732,0.0
0.020528,0.082621,0.0
0.130831,0.101271,0.0
0.101232,0.049374,0.0
-0.012813,0.09363,0.0
0.107034,0.089567,0.0
0.116306,0.065588,0.0
0.102412,0.075669,0.0
0.122931,0.076513,0.0
0.078611,0.087667,0.0
0.109968,0.044049,0.0
0.104771,0.107759,0.0
0.124874,0.066405,0.0
0.034295,0.072157,0.0
0.005868,0.061273,0.0
0.130656,0.109069,0.0
0.0719,0.055832,0.0
0.11555,0.117954,0.0
0.10966,0.07654,0.0
0.086625,0.114289,0.0
-0.00393,0.093891,0.0
0.12032,0.075561,0.0
0.079135,0.083123,0.0
0.12571,0.110639,0.0
0.097936,0.06019,0.0
0.074401,0.066585,0.0
-0.011737,0.063073,0.0
0.133871,0.055695,0.0
0.117171,0.045198,0.0
0.033346,0.066187,0.0
0.111155,0.079422,0.0
0.092049,0.055935,0.0
0.114477,0.028643,0.0
0.076678,0.082077,0.0
0.096517,0.083975,0.0
0.107597,0.105224,0.0
0.10827,0.113297,0.0
0.020357,0.071417,0.0
0.124205,0.106825,0.0
0.072806,0.101304,0.0
0.114978,0.030953,0.0
0.108271,0.041315,0.0
0.107246,0.102511,0.0
0.124361,0.037987,0.0
0.018891,0.083044,0.0
0.105942,0.037914,0.0
-0.013966,0.077414,0.0
0.117065,0.108015,0.0
0.009457,0.085754,0.0
0.028195,0.086,0.0
0.077908,0.073716,0.0
0.071303,0.108581,0.0
0.024363,0.065296,0.0
0.011997,0.073321,0.0
0.124139,0.089068,0.0
0.014196,0.058534,0.0
-0.001892,0.056509,0.0
-0.009074,0.095926,0.0
0.115465,0.07372,0.0
0.034397,0.086528,0.0
0.088169,0.091556,0.0
0.018928,0.067351,0.0
0.090389,0.049527,0.0
-0.012809,0.064674,0.0
0.009977,0.073366,0.0
0.001627,0.082007,0.0
0.120894,0.084892,0.0
0.105669,0.052129,0.0
-0.00995,0.078123,0.0
0.118791,0.063634,0.0
0.092114,0.057283,0.0
0.108028,0.098506,0.0
0.110405,0.084399,0.0
0.105814,0.035828,0.0
0.09152,0.110861,0.0
0.126648,0.115829,0.0
-0.000725,0.088731,0.0
-7.7e-05,0.057512,0.0
0.001777,0.086938,0.0
0.026103,0.08329,0.0
0.129824,0.080156,0.0
0.128853,0.023167,0.0
0.131533,0.035274,0.0
0.019195,0.058312,0.0
0.11331,0.120096,0.0
0.100951,0.084072,0.0
0.079677,0.095756,0.0
0.12465,0.110727,0.0
-0.004476,0.058837,0.0
0.098735,0.094671,0.0
0.12063,0.11375,0.0
-0.011524,0.077338,0.0
0.090236,0.11488,0.0
0.082877,0.02857,0.0
0.118332,0.028956,0.0
0.103711,0.114014,0.0
0.073678,0.086031,0.0
0.095079,0.045722,0.0
0.093524,0.030613,0.0
0.092998,0.07109,0.0
0.133087,0.093205,0.0
0.109024,0.066347,0.0
0.117692,0.036842,0.0
-0.008313,0.09135,0.0
0.112832,0.102068,0.0
0.116458,0.113477,0.0
0.110384,0.0816,0.0
0.081539,0.046407,0.0
0.004206,0.062301,0.0
0.112133,0.048253,0.0
0.128227,0.030122,0.0
0.07526,0.104462,0.0
0.116532,0.117537,0.0
-0.008476,0.083201,0.0
0.084061,0.098763,0.0
0.104581,0.06468,0.0
0.081939,0.105045,0.0
0.089895,0.094269,0.0
0.092344,0.061728,0.0
0.114389,0.064358,0.0
0.109776,0.048805,0.0
0.006006,0.077474,0.0
0.075389,0.054311,0.0
0.118666,0.125092,0.0
0.076499,0.076647,0.0
0.091145,0.084529,0.0
0.098561,0.039215,0.0
0.13019,0.054885,0.0
0.024021,0.081868,0.0
0.078196,0.058876,0.0
0.11668,0.079107,0.0
0.11947,0.114263,0.0
0.077982,0.100088,0.0
0.010678,0.073458,0.0
0.028395,0.064054,0.0
0.103779,0.03249,0.0
-0.004212,0.086785,0.0
0.088191,0.079351,0.0
0.082956,0.100417,0.0
0.006924,0.097533,0.0
-0.008302,0.080767,0.0
0.102472,0.062045,0.0
0.111859,0.056714,0.0
0.113258,0.076709,0.0
0.105831,0.107508,0.0
0.101009,0.069711,0.0
-0.013374,0.092993,0.0
0.085607,0.08395,0.0
0.134911,0.09804,0.0
0.026553,0.073058,0.0
0.07601,0.076945,0.0
0.080497,0.071064,0.0
0.106622,0.055471,0.0
0.112098,0.114232,0.0
0.126641,0.10887,0.0
0.086797,0.033794,0.0
0.108955,0.068453,0.0
0.116283,0.0508,0.0
0.026279,0.094968,0.0
0.008174,0.086426,0.0
0.116484,0.086394,0.0
-0.011416,0.070949,0.0
0.090659,0.073474,0.0
0.095608,0.080327,0.0
0.102435,0.032146,0.0
0.070015,0.034947,0.0
0.088742,0.038529,0.0
0.118476,0.118853,0.0
0.01352,0.092611,0.0
0.133391,0.078521,0.0
0.108556,0.095497,0.0
0.10545,0.076914,0.0
0.006966,0.069568,0.0
-0.012912,0.086326,0.0
0.132369,0.104169,0.0
0.130389,0.064763,0.0
0.089066,0.028019,0.0
0.035683,0.082691,0.0
0.093247,0.069591,0.0
0.107795,0.107306,0.0
0.094975,0.029634,0.0
0.126741,0.069162,0.0
0.100991,0.055793,0.0
0.132999,0.070665,0.0
0.103895,0.065567,0.0
0.097643,0.047811,0.0
-0.002234,0.075809,0.0
0.123299,0.065228,0.0
0.076954,0.087762,0.0
0.104941,0.099721,0.0
0.11639,0.036813,0.0
0.105282,0.104379,0.0
0.022818,0.07058,0.0
0.091599,0.078214,0.0
0.078691,0.106477,0.0
0.032363,0.065045,0.0
0.073412,0.051375,0.0
0.116991,0.095747,0.0
0.130973,0.064687,0.0
0.131468,0.094451,0.0
0.014629,0.092493,0.0
0.106761,0.02875,0.0
0.096294,0.063735,0.0
0.099442,0.084604,0.0
0.07721,0.035671,0.0
0.091023,0.068157,0.0
-0.013729,0.086958,0.0
0.12116,0.02561,0.0
0.102883,0.083403,0.0
-0.009368,0.088912,0.0
0.117645,0.030974,0.0
0.074916,0.048147,0.0
0.132811,0.06746,0.0
0.108482,0.025159,0.0
0.117565,0.070971,0.0
0.022764,0.069929,0.0
0.032883,0.082245,0.0
0.121421,0.05819,0.0
0.022272,0.072871,0.0
0.101676,0.075911,0.0
0.113231,0.111697,0.0
-0.004165,0.079085,0.0
-0.015556,0.093521,0.0
0.111333,0.12158,0.0
0.117314,0.04541,0.0
0.022008,0.056313,0.0
0.124657,0.081719,0.0
0.102746,0.092852,0.0
0.128372,0.086716,0.0
0.134571,0.067095,0.0
0.077729,0.063127,0.0
-0.00265,0.092611,0.0
0.108648,0.054438,0.0
0.108124,0.120956,0.0
0.014811,0.095341,0.0
0.02397,0.088038,0.0
0.129914,0.094419,0.0
0.072526,0.098475,0.0
0.133306,0.128117,0.0
0.106641,0.079914,0.0
0.016326,0.061217,0.0
0.128497,0.035609,0.0
0.101056,0.068211,0.0
0.033153,0.059725,0.0
0.07751,0.043512,0.0
0.083783,0.089142,0.0
0.125532,0.077054,0.0
0.094304,0.024093,0.0
0.081881,0.102471,0.0
0.082336,0.098573,0.0
0.071074,0.043421,0.0
0.000537,0.074774,0.0
0.078218,0.094922,0.0
0.109034,0.030189,0.0
0.08934,0.072669,0.0
-0.006609,0.081046,0.0
-0.016334,0.079344,0.0
0.012677,0.089674,0.0
0.127784,0.089841,0.0
0.130202,0.021666,0.0
0.076948,0.089516,0.0
0.097524,0.058196,0.0
0.088189,0.075794,0.0
0.116943,0.072325,0.0
0.076205,0.080778,0.0
0.125592,0.057636,0.0
0.129022,0.096472,0.0
0.078286,0.105167,0.0
0.109951,0.111945,0.0
0.07867,0.046898,0.0
0.084078,0.048055,0.0
0.091205,0.100206,0.0
0.091571,0.078846,0.0
0.122286,0.090404,0.0
0.079352,0.069042,0.0
0.125382,0.083014,0.0
0.025588,0.088843,0.0
0.000118,0.062504,0.0
0.084387,0.086088,0.0
0.090692,0.068999,0.0
0.084095,0.102509,0.0
0.074361,0.102642,0.0
0.107768,0.067002,0.0
0.128349,0.086007,0.0
0.115098,0.081071,0.0
0.098962,0.026525,0.0
0.093736,0.055412,0.0
0.087712,0.02611,0.0
0.077729,0.052845,0.0
0.098396,0.11809,0.0
0.120732,0.07231,0.0
0.101774,0.109678,0.0
0.124553,0.061126,0.0
0.126632,0.093134,0.0
0.02146,0.096833,0.0
0.099562,0.076536,0.0
0.106298,0.032207,0.0
0.083149,0.100436,0.0
0.101939,0.093869,0.0
0.103824,0.063108,0.0
-0.010249,0.087028,0.0
0.086026,0.042695,0.0
0.108461,0.057137,0.0
-0.002578,0.088086,0.0
0.107088,0.04075,0.0
0.001676,0.068496,0.0
0.129581,0.033548,0.0
0.112385,0.104136,0.0
0.105783,0.093202,0.0
0.098644,0.099175,0.0
0.105362,0.091999,0.0
-0.001855,0.09728,0.0
0.131186,0.060227,0.0
0.025509,0.079556,0.0
0.129775,0.02988,0.0
0.133548,0.071004,0.0
0.109931,0.120247,0.0
0.100487,0.106549,0.0
0.106369,0.109179,0.0
0.010064,0.081605,0.0
0.093456,0.047912,0.0
0.123688,0.09874,0.0
0.101381,0.065974,0.0
0.003568,0.071024,0.0
0.080511,0.06596,0.0
0.126647,0.041018,0.0
0.128259,0.104104,0.0
0.105184,0.06027,0.0
0.126728,0.023385,0.0
0.006437,0.060655,0.0
0.113544,0.036319,0.0
0.007612,0.077355,0.0
0.119114,0.089032,0.0
0.094691,0.11546,0.0
0.008824,0.077971,0.0
0.028628,0.091298,0.0
0.108539,0.120677,0.0
0.10654,0.047486,0.0
0.11135,0.030885,0.0
0.129923,0.046651,0.0
0.086323,0.053898,0.0
0.022627,0.085248,0.0
-0.006237,0.077885,0.0
-0.006297,0.094916,0.0
0.106655,0.123615,0.0
0.134233,0.046566,0.0
0.134905,0.054806,0.0
0.024184,0.088543,0.0
0.015726,0.082397,0.0
0.079433,0.022594,0.0
0.107918,0.100671,0.0
-0.012023,0.093943,0.0
0.07686,0.074696,0.0
0.130634,0.025228,0.0
0.094411,0.039292,0.0
0.128377,0.080797,0.0
0.022444,0.082261,0.0
0.134058,0.023587,0.0
0.035796,0.076383,0.0
0.131744,0.070316,0.0
0.132262,0.077081,0.0
0.098536,0.077551,0.0
0.108539,0.071382,0.0
0.03359,0.078298,0.0
0.128133,0.063405,0.0
0.007437,0.093643,0.0
0.085462,0.078962,0.0
0.083611,0.024112,0.0
0.110744,0.095779,0.0
0.130947,0.080445,0.0
0.124226,0.093289,0.0
0.026753,0.081418,0.0
0.077193,0.067234,0.0
0.13224,0.105914,0.0
0.107087,0.036376,0.0
0.085053,0.083044,0.0
0.114836,0.116302,0.0
0.095526,0.084453,0.0
0.031183,0.073601,0.0
0.103651,0.060656,0.0
0.08713,0.030048,0.0
0.087195,0.066279,0.0
0.09264,0.066603,0.0
0.096109,0.02972,0.0
0.108265,0.082376,0.0
0.07892,0.100363,0.0
0.011034,0.065817,0.0
0.013818,0.077582,0.0
0.10756,0.04078,0.0
0.12843,0.064778,0.0
0.022108,0.066129,0.0
0.108551,0.086093,0.0
0.124519,0.051975,0.0
0.091541,0.038209,0.0
0.079589,0.029784,0.0
0.073002,0.105274,0.0
0.123647,0.066814,0.0
0.119971,0.07466,0.0
0.078131,0.03124,0.0
0.073244,0.087645,0.0
-0.011633,0.082451,0.0
0.10751,0.055117,0.0
0.111843,0.052383,0.0
0.132077,0.092999,0.0
0.102339,0.053862,0.0
0.123262,0.062165,0.0
0.101838,0.118109,0.0
0.080324,0.04457,0.0
0.025419,0.056559,0.0
0.095777,0.079922,0.0
0.129724,0.126185,0.0
0.133699,0.080116,0.0
0.023942,0.074721,0.0
0.08318,0.087887,0.0
0.08151,0.115126,0.0
0.089063,0.023355,0.0
0.022478,0.060441,0.0
0.124511,0.038355,0.0
0.009627,0.093122,0.0
0.019901,0.085027,0.0
0.015327,0.056053,0.0
0.116923,0.078321,0.0
0.118873,0.051302,0.0
0.121678,0.075264,0.0
0.128951,0.114974,0.0
0.093489,0.054182,0.0
0.12487,0.108433,0.0
0.083263,0.044864,0.0
0.125637,0.071465,0.0
0.026175,0.066992,0.0
0.081577,0.095684,0.0
0.089259,0.094905,0.0
0.092074,0.030771,0.0
0.087583,0.093972,0.0
0.123487,0.12716,0.0
0.071964,0.066778,0.0
0.11252,0.045469,0.0
0.00354,0.082335,0.0
-0.01072,0.07869,0.0
0.121069,0.030413,0.0
0.101185,0.112014,0.0
0.091591,0.0473,0.0
-0.011539,0.062612,0.0
0.085202,0.030583,0.0
0.003316,0.08586,0.0
0.093428,0.031995,0.0
0.132867,0.093696,0.0
0.127263,0.030344,0.0
0.130637,0.096083,0.0
0.115847,0.090601,0.0
-0.016808,0.073667,0.0
0.093921,0.048732,0.0
0.016362,0.089666,0.0
0.13243,0.032316,0.0
0.128752,0.096007,0.0
0.022336,0.060735,0.0
0.097884,0.031785,0.0
0.13421,0.027643,0.0
0.134526,0.07537,0.0
0.08595,0.045009,0.0
0.13379,0.066607,0.0
0.086187,0.10885,0.0
0.11852,0.109858,0.0
0.018483,0.062334,0.0
0.121412,0.052103,0.0
0.092071,0.0367,0.0
0.072595,0.113086,0.0
0.134008,0.112427,0.0
0.118215,0.119527,0.0
0.028905,0.083693,0.0
0.076427,0.074631,0.0
0.034037,0.068521,0.0
0.132102,0.117793,0.0
0.023576,0.059312,0.0
0.112622,0.066222,0.0
0.118373,0.114482,0.0
0.11127,0.0728,0.0
0.081339,0.082997,0.0
0.091065,0.096283,0.0
0.022305,0.068966,0.0
0.110457,0.03623,0.0
0.004684,0.095436,0.0
0.085299,0.024475,0.0
0.126389,0.023904,0.0
0.028045,0.091437,0.0
0.079817,0.037987,0.0
0.132245,0.029689,0.0
0.082768,0.104123,0.0
0.093833,0.042543,0.0
0.031205,0.06098,0.0
0.12522,0.030096,0.0
0.114011,0.026847,0.0
0.099705,0.09999,0.0
0.125677,0.109977,0.0
0.111338,0.111614,0.0
-0.011531,0.072806,0.0
0.113278,0.094082,0.0
-0.009309,0.079692,0.0
0.104393,0.115283,0.0
0.021563,0.065596,0.0
-0.007123,0.074267,0.0
0.111719,0.082667,0.0
0.128917,0.070754,0.0
-0.008082,0.096475,0.0
0.126423,0.109523,0.0
0.086323,0.086283,0.0
0.096073,0.065174,0.0
-0.012626,0.072825,0.0
0.082728,0.066615,0.0
0.110149,0.099156,0.0
0.10161,0.082339,0.0
0.03679,0.078533,0.0
0.099892,0.122256,0.0
0.032372,0.083604,0.0
0.123874,0.064159,0.0
-0.01669,0.083335,0.0
0.126173,0.078383,0.0
0.127279,0.098513,0.0
0.130852,0.100987,0.0
0.025639,0.081981,0.0
0.125053,0.102646,0.0
0.130694,0.057249,0.0
0.111818,0.11444,0.0
0.113658,0.075877,0.0
0.036489,0.077875,0.0
0.127161,0.046004,0.0
0.118865,0.041288,0.0
0.091984,0.036644,0.0
0.083273,0.041021,0.0
0.094244,0.081102,0.0
0.080923,0.082717,0.0
0.122583,0.10902,0.0
-0.005577,0.068706,0.0
0.079787,0.061327,0.0
0.126918,0.088836,0.0
-0.002943,0.063936,0.0
0.109763,0.074568,0.0
0.112215,0.055594,0.0
-0.013582,0.068289,0.0
0.11137,0.093819,0.0
0.010726,0.056412,0.0
0.117035,0.091948,0.0
0.111642,0.085588,0.0
0.090269,0.047953,0.0
0.00596,0.090976,0.0
0.080747,0.032339,0.0
0.124193,0.121914,0.0
0.079957,0.089379,0.0
0.077082,0.057974,0.0
0.108931,0.069853,0.0
0.089142,0.069955,0.0
0.085363,0.113047,0.0
0.102456,0.028214,0.0
-0.007094,0.057199,0.0
0.112341,0.105388,0.0
0.016833,0.064791,0.0
0.122495,0.100354,0.0
0.1199,0.093669,0.0
0.103589,0.114978,0.0
0.085552,0.076247,0.0
0.13478,0.027302,0.0
0.1305,0.064857,0.0
0.13463,0.055626,0.0
0.133789,0.063481,0.0
0.132369,0.114827,0.0
0.10546,0.122421,0.0
0.072596,0.077666,0.0
0.104869,0.041327,0.0
0.105026,0.07901,0.0
0.086083,0.099805,0.0
0.001255,0.096144,0.0
-0.012962,0.088845,0.0
0.121095,0.063637,0.0
-0.006743,0.077028,0.0
0.086788,0.043686,0.0
0.075655,0.079367,0.0
0.089287,0.023457,0.0
0.06948,0.030439,0.0
0.125712,0.107342,0.0
0.103609,0.090644,0.0
0.125485,0.034777,0.0
0.12398,0.076398,0.0
0.015557,0.096874,0.0
-0.008255,0.08583,0.0
0.107299,0.086395,0.0
0.115308,0.030497,0.0
0.132447,0.087915,0.0
0.10998,0.04159,0.0
0.100268,0.024093,0.0
-0.001901,0.091355,0.0
0.020016,0.090718,0.0
0.102637,0.042631,0.0
0.128582,0.034656,0.0
0.003061,0.059906,0.0
0.098299,0.068358,0.0
0.130114,0.110041,0.0
0.109703,0.026596,0.0
0.015311,0.062552,0.0
0.125419,0.029837,0.0
0.026162,0.087464,0.0
0.079157,0.062282,0.0
0.09038,0.110059,0.0
0.018358,0.068289,0.0
0.127805,0.045474,0.0
0.114148,0.087842,0.0
0.125582,0.066792,0.0
0.074611,0.053125,0.0
0.028036,0.077556,0.0
-0.014472,0.068194,0.0
0.113991,0.035702,0.0
0.087112,0.069226,0.0
0.080164,0.047687,0.0
0.081414,0.104665,0.0
0.130459,0.044948,0.0
0.103676,0.115791,0.0
0.129207,0.029499,0.0
0.119656,0.102069,0.0
0.100636,0.119684,0.0
0.121891,0.081636,0.0
0.078174,0.048765,0.0
-0.000325,0.076535,0.0
0.023611,0.093763,0.0
0.101286,0.054299,0.0
0.086446,0.053854,0.0
0.030122,0.077138,0.0
0.10732,0.100364,0.0
0.073205,0.044552,0.0
0.124344,0.127284,0.0
0.027757,0.059295,0.0
0.117419,0.071117,0.0
-0.00398,0.057505,0.0
0.079277,0.10436,0.0
0.115667,0.099434,0.0
-0.015459,0.062522,0.0
0.004124,0.066197,0.0
0.116547,0.056232,0.0
0.017196,0.083746,0.0
0.12576,0.11195,0.0
0.093344,0.118132,0.0
0.111926,0.082031,0.0
0.089955,0.073356,0.0
0.103046,0.041936,0.0
0.094524,0.044609,0.0
0.081864,0.027383,0.0
0.094198,0.09987,0.0
0.103007,0.028918,0.0
0.079172,0.10013,0.0
0.132373,0.021609,0.0
0.110598,0.087238,0.0
0.076174,0.104736,0.0
-0.007081,0.074352,0.0
-0.009265,0.087641,0.0
0.00999,0.060941,0.0
0.017587,0.055702,0.0
0.087923,0.086013,0.0
0.088293,0.0875,0.0
0.120871,0.086007,0.0
0.116887,0.030395,0.0
0.102797,0.11859,0.0
0.030026,0.087324,0.0
0.125405,0.029131,0.0
0.00103,0.096716,0.0
-0.008652,0.086588,0.0
0.031757,0.07998,0.0
0.0936,0.031945,0.0
0.105864,0.097415,0.0
0.083248,0.027317,0.0
0.09602,0.059771,0.0
0.002308,0.065651,0.0
0.035259,0.072594,0.0
0.124721,0.070921,0.0
0.097717,0.092557,0.0
0.087914,0.110814,0.0
0.105152,0.051325,0.0
0.095316,0.064947,0.0
-0.01282,0.06303,0.0
0.104079,0.063407,0.0
0.126493,0.066197,0.0
0.12848,0.072537,0.0
0.101071,0.071837,0.0
0.096245,0.036903,0.0
0.102031,0.030042,0.0
0.080361,0.03225,0.0
0.032057,0.060943,0.0
0.103357,0.081382,0.0
0.100807,0.053311,0.0
0.001771,0.057317,0.0
0.107049,0.059771,0.0
0.112051,0.106305,0.0
0.11637,0.091281,0.0
0.120359,0.092962,0.0
0.029116,0.064315,0.0
0.007656,0.091073,0.0
0.093978,0.070522,0.0
0.075239,0.054278,0.0
0.082444,0.024297,0.0
0.13321,0.111593,0.0
0.133461,0.111561,0.0
0.132634,0.036005,0.0
0.121673,0.066153,0.0
0.085951,0.04336,0.0
0.074026,0.112942,0.0
0.012508,0.087918,0.0
0.100714,0.032323,0.0
0.093002,0.029334,0.0
0.082008,0.109016,0.0
0.10631,0.101581,0.0
0.091174,0.035299,0.0
0.102756,0.076369,0.0
0.086989,0.045053,0.0
0.072831,0.080437,0.0
0.090155,0.091564,0.0
0.012197,0.070974,0.0
0.132575,0.104989,0.0
-0.006308,0.090668,0.0
0.116356,0.105206,0.0
0.099986,0.098733,0.0
0.134568,0.101767,0.0
0.075927,0.072918,0.0
0.076713,0.041251,0.0
-0.013876,0.095125,0.0
-0.007735,0.06879,0.0
0.111774,0.103885,0.0
0.126108,0.087718,0.0
0.088007,0.072383,0.0
0.122165,0.066083,0.0
0.128052,0.093006,0.0
0.092252,0.050485,0.0
0.001166,0.056321,0.0
0.130222,0.112662,0.0
0.094939,0.112778,0.0
-0.011572,0.084566,0.0
0.126677,0.070922,0.0
0.121474,0.113646,0.0
0.098996,0.07616,0.0
0.074233,0.104786,0.0
0.13475,0.101664,0.0
0.087592,0.106489,0.0
0.073773,0.105696,0.0
0.133576,0.085042,0.0
0.076604,0.114897,0.0
0.133642,0.105088,0.0
0.133787,0.059527,0.0
0.126523,0.061508,0.0
0.128608,0.117646,0.0
0.113532,0.092044,0.0
0.101176,0.028785,0.0
0.108314,0.081919,0.0
0.088489,0.081622,0.0
0.096201,0.045202,0.0
0.077941,0.083201,0.0
0.123017,0.118068,0.0
0.121222,0.036845,0.0
-0.001912,0.085813,0.0
0.032551,0.09013,0.0
0.123574,0.081212,0.0
0.087463,0.035628,0.0
-0.012219,0.079194,0.0
0.031783,0.096406,0.0
0.130606,0.043487,0.0
0.115827,0.075715,0.0
0.035611,0.074588,0.0
0.130797,0.094341,0.0
0.120808,0.064373,0.0
-0.009026,0.08876,0.0
0.089222,0.113038,0.0
0.095927,0.031292,0.0
0.119048,0.05535,0.0
0.072113,0.101421,0.0
0.075226,0.094631,0.0
0.094034,0.086506,0.0
0.123786,0.067434,0.0
0.07724,0.078683,0.0
0.084393,0.113012,0.0
0.093099,0.095973,0.0
0.081333,0.083065,0.0
0.112599,0.037764,0.0
0.134386,0.094755,0.0
0.130061,0.064293,0.0
0.104552,0.114325,0.0
0.027445,0.069014,0.0
0.107784,0.093152,0.0
0.017697,0.060008,0.0
-0.006446,0.065558,0.0
0.088813,0.035594,0.0
0.130575,0.044475,0.0
0.109862,0.05993,0.0
0.130118,0.03292,0.0
0.123743,0.062827,0.0
-0.007531,0.084692,0.0
0.015371,0.067722,0.0
-0.00729,0.072636,0.0
0.099671,0.086473,0.0
0.076901,0.11496,0.0
0.079889,0.110884,0.0
0.075757,0.089682,0.0
0.021122,0.068896,0.0
0.131345,0.089817,0.0
0.079489,0.03273,0.0
0.101208,0.092744,0.0
0.112468,0.071269,0.0
0.081542,0.059044,0.0
0.008251,0.066844,0.0
0.001031,0.094297,0.0
0.113741,0.046326,0.0
0.097149,0.049227,0.0
0.108855,0.032229,0.0
0.028774,0.057237,0.0
0.032768,0.079144,0.0
0.128033,0.102924,0.0
0.024614,0.05903,0.0
-0.01614,0.075873,0.0
0.088712,0.027191,0.0
0.092743,0.05298,0.0
0.128293,0.028546,0.0
0.121213,0.063694,0.0
-0.006449,0.058909,0.0
0.105731,0.080743,0.0
0.122581,0.02442,0.0
0.030074,0.086071,0.0
0.089634,0.040852,0.0
0.117926,0.101525,0.0
0.132215,0.06359,0.0
-0.006006,0.081486,0.0
-0.003846,0.061937,0.0
0.074241,0.095445,0.0
0.113789,0.039664,0.0
0.121344,0.087349,0.0
0.071991,0.094627,0.0
0.032811,0.080227,0.0
0.032168,0.066212,0.0
-0.014098,0.093946,0.0
0.002422,0.083699,0.0
0.115897,0.099538,0.0
0.126838,0.110737,0.0
0.014536,0.090302,0.0
0.1345,0.04917,0.0
-0.007501,0.072442,0.0
0.081209,0.079337,0.0
0.097797,0.076904,0.0
0.106925,0.078604,0.0
0.076341,0.03424,0.0
0.115915,0.043045,0.0
0.12116,0.071162,0.0
-0.011139,0.068339,0.0
0.11642,0.105609,0.0
0.104543,0.120143,0.0
-0.00696,0.093832,0.0
0.104639,0.03758,0.0
0.085953,0.055595,0.0
-0.015777,0.078264,0.0
0.078561,0.099916,0.0
0.002815,0.067686,0.0
0.121188,0.037612,0.0
0.115146,0.077593,0.0
0.119569,0.037727,0.0
0.086544,0.073057,0.0
0.009898,0.095813,0.0
0.126422,0.100743,0.0
0.123766,0.038755,0.0
-0.00034,0.057357,0.0
0.08483,0.052684,0.0
0.001171,0.082883,0.0
0.018952,0.066627,0.0
0.072057,0.049105,0.0
0.114579,0.060546,0.0
0.119098,0.062286,0.0
0.127704,0.042031,0.0
0.124719,0.037032,0.0
0.09827,0.021818,0.0
0.025901,0.084144,0.0
0.11177,0.100057,0.0
0.084688,0.081857,0.0
0.110121,0.112668,0.0
-0.013493,0.091225,0.0
0.088469,0.025887,0.0
0.079433,0.066641,0.0
0.100354,0.061563,0.0
0.089139,0.049238,0.0
0.093498,0.111088,0.0
0.071224,0.034229,0.0
0.016863,0.077701,0.0
0.022155,0.082378,0.0
0.11765,0.102517,0.0
0.011,0.094126,0.0
0.107414,0.039446,0.0
0.120845,0.081233,0.0
0.117218,0.09092,0.0
0.108963,0.082782,0.0
0.093507,0.102088,0.0
0.07747,0.084574,0.0
0.113754,0.10126,0.0
0.089683,0.067576,0.0
0.001812,0.085773,0.0
0.088358,0.093374,0.0
0.11512,0.062497,0.0
0.000582,0.092345,0.0
0.006352,0.072602,0.0
0.111484,0.10823,0.0
0.084904,0.104513,0.0
0.085636,0.084911,0.0
0.024883,0.07252,0.0
0.113719,0.122724,0.0
0.031588,0.081872,0.0
0.127928,0.075162,0.0
-0.010365,0.059496,0.0
0.035536,0.07084,0.0
0.087258,0.101589,0.0
0.080037,0.086883,0.0
0.107859,0.099815,0.0
0.081722,0.074074,0.0
0.017618,0.058137,0.0
0.017861,0.082967,0.0
0.011293,0.067618,0.0
0.075729,0.099674,0.0
0.086091,0.027033,0.0
0.02584,0.060575,0.0
0.083362,0.041525,0.0
0.119392,0.033004,0.0
0.109013,0.049752,0.0
-0.010961,0.076928,0.0
0.128149,0.045273,0.0
0.118275,0.118219,0.0
-0.016772,0.069002,0.0
0.090554,0.062779,0.0
0.027582,0.060338,0.0
0.12387,0.092776,0.0
0.106529,0.056733,0.0
0.117997,0.072848,0.0
0.000219,0.07751,0.0
0.120179,0.089384,0.0
0.09,0.051781,0.0
0.094016,0.055327,0.0
0.126316,0.090412,0.0
0.092068,0.107322,0.0
0.111345,0.045164,0.0
0.018326,0.081542,0.0
0.093634,0.026283,0.0
-0.000991,0.08289,0.0
0.125324,0.100228,0.0
0.09635,0.07135,0.0
-0.005863,0.082194,0.0
-0.008962,0.094932,0.0
0.109695,0.101913,0.0
0.029849,0.076491,0.0
0.002731,0.058763,0.0
0.111742,0.04351,0.0
0.127526,0.022447,0.0
0.077817,0.067121,0.0
0.101055,0.053148,0.0
0.103294,0.053203,0.0
0.091701,0.065054,0.0
0.069186,0.032254,0.0
0.088638,0.113828,0.0
0.111918,0.047833,0.0
0.123147,0.022198,0.0
0.089502,0.050168,0.0
0.104754,0.029353,0.0
0.114787,0.099398,0.0
0.077791,0.070266,0.0
0.107573,0.08488,0.0
-0.014037,0.077326,0.0
0.131512,0.053694,0.0
0.124717,0.039861,0.0
0.088668,0.039538,0.0
0.131245,0.068888,0.0
0.005428,0.062969,0.0
0.000337,0.067711,0.0
0.103014,0.037788,0.0
0.121652,0.065259,0.0
0.105626,0.098349,0.0
0.100507,0.085114,0.0
0.11394,0.069988,0.0
0.104446,0.113758,0.0
0.112028,0.050716,0.0
0.022174,0.083932,0.0
0.12889,0.102647,0.0
0.101361,0.072214,0.0
0.010949,0.066543,0.0
0.133475,0.031326,0.0
0.109273,0.122721,0.0
0.119876,0.093411,0.0
0.087244,0.029219,0.0
0.10983,0.086795,0.0
0.120571,0.119963,0.0
0.106994,0.052087,0.0
0.031977,0.076312,0.0
0.116516,0.048651,0.0
-0.014597,0.065133,0.0
0.110614,0.060681,0.0
0.078547,0.082055,0.0
-0.006416,0.089539,0.0
0.003345,0.093079,0.0
-0.014699,0.077128,0.0
0.120154,0.024216,0.0
0.024192,0.065916,0.0
0.030995,0.082966,0.0
0.085623,0.088078,0.0
0.015911,0.096271,0.0
-0.002411,0.065634,0.0
0.133087,0.107371,0.0
0.080597,0.069382,0.0
0.020576,0.068527,0.0
0.07523,0.101181,0.0
0.101796,0.114383,0.0
0.028014,0.083197,0.0
0.10256,0.122699,0.0
0.114149,0.09147,0.0
0.032786,0.088905,0.0
0.120475,0.106349,0.0
0.090249,0.108719,0.0
0.126137,0.106288,0.0
0.125806,0.084921,0.0
0.093591,0.044708,0.0
0.134508,0.042608,0.0
0.100513,0.105928,0.0
0.105339,0.072481,0.0
0.122367,0.051956,0.0
0.089391,0.063951,0.0
0.104026,0.057961,0.0
0.022685,0.088894,0.0
0.08751,0.033296,0.0
0.024799,0.074264,0.0
0.02108,0.08039,0.0
0.129514,0.115729,0.0
0.007825,0.095604,0.0
0.104231,0.084984,0.0
0.130598,0.098174,0.0
0.12602,0.118117,0.0
0.134115,0.070726,0.0
0.022922,0.086707,0.0
0.078455,0.027249,0.0
0.033332,0.073222,0.0
0.084923,0.056829,0.0
0.101648,0.058965,0.0
0.130837,0.088663,0.0
0.073882,0.083431,0.0
0.090206,0.040522,0.0
0.102643,0.070833,0.0
-0.01102,0.058658,0.0
0.132163,0.030702,0.0
0.102297,0.063939,0.0
0.103121,0.046557,0.0
0.076508,0.058587,0.0
0.127647,0.101544,0.0
0.101771,0.091401,0.0
0.020645,0.068109,0.0
0.117289,0.056658,0.0
0.124803,0.075115,0.0
0.104117,0.025159,0.0
0.128797,0.040878,0.0
0.095568,0.11318,0.0
0.102678,0.057319,0.0
0.083132,0.060407,0.0
0.103784,0.106707,0.0
0.018646,0.073697,0.0
0.078919,0.04345,0.0
0.089235,0.076647,0.0
0.085947,0.022855,0.0
-0.0029,0.066968,0.0
0.131146,0.099778,0.0
0.005835,0.089734,0.0
0.117263,0.029842,0.0
0.079766,0.030833,0.0
0.123156,0.022869,0.0
0.0735,0.088068,0.0
0.014059,0.080071,0.0
0.078676,0.055096,0.0
0.102138,0.029377,0.0
0.120112,0.093045,0.0
0.125322,0.037257,0.0
0.079331,0.033496,0.0
0.006773,0.088433,0.0
0.073118,0.081629,0.0
0.011315,0.094374,0.0
0.092561,0.069216,0.0
0.11421,0.100419,0.0
0.120399,0.061423,0.0
0.100709,0.064637,0.0
0.017835,0.064827,0.0
0.11352,0.101266,0.0
0.077713,0.043973,0.0
0.017946,0.088738,0.0
-0.006748,0.067947,0.0
0.08414,0.067961,0.0
0.106351,0.120227,0.0
-0.003335,0.079458,0.0
0.009785,0.098746,0.0
0.102177,0.06369,0.0
0.011934,0.083722,0.0
0.120274,0.114514,0.0
0.023601,0.079605,0.0
0.130428,0.060591,0.0
0.128992,0.038517,0.0
0.031352,0.074978,0.0
0.132197,0.105389,0.0
0.134365,0.090069,0.0
0.111394,0.084854,0.0
-0.008042,0.096139,0.0
0.122571,0.032243,0.0
0.082163,0.028488,0.0
0.011101,0.06391,0.0
0.029633,0.076579,0.0
0.106284,0.122511,0.0
-0.003762,0.067556,0.0
-0.000935,0.09394,0.0
0.089535,0.108084,0.0
0.030959,0.096354,0.0
1e-06,0.07165,0.0
0.101597,0.066665,0.0
0.084613,0.042696,0.0
0.076866,0.109795,0.0
0.023783,0.060093,0.0
0.098929,0.052284,0.0
0.12202,0.050203,0.0
0.069658,0.030595,0.0
0.091439,0.073779,0.0
0.0722,0.022858,0.0
-0.01565,0.07393,0.0
0.031221,0.072163,0.0
0.077611,0.05093,0.0
0.123462,0.120685,0.0
0.124075,0.060691,0.0
0.095664,0.050996,0.0
-0.0098,0.075904,0.0
0.010858,0.058911,0.0
0.113655,0.024205,0.0
0.091179,0.104506,0.0
0.128111,0.11677,0.0
0.1264,0.05982,0.0
0.077295,0.091953,0.0
0.084499,0.041081,0.0
0.101259,0.112976,0.0
-0.006678,0.062062,0.0
0.027893,0.068423,0.0
0.097787,0.045349,0.0
0.127467,0.063146,0.0
0.119252,0.098677,0.0
0.096842,0.10146,0.0
0.092176,0.045439,0.0
0.128362,0.077039,0.0
-0.006121,0.068493,0.0
0.100807,0.062435,0.0
0.022837,0.057316,0.0
-0.010566,0.06069,0.0
0.098366,0.027442,0.0
0.13102,0.106848,0.0
0.076604,0.107345,0.0
0.103881,0.108309,0.0
0.123033,0.05902,0.0
0.121301,0.095898,0.0
0.12694,0.109267,0.0
0.094644,0.058894,0.0
0.080899,0.094197,0.0
0.108458,0.062945,0.0
0.097556,0.044197,0.0
0.100317,0.072653,0.0
0.105542,0.070068,0.0
0.111137,0.101217,0.0
0.079458,0.063436,0.0
0.002652,0.091348,0.0
0.031618,0.091617,0.0
0.126574,0.058499,0.0
-0.002638,0.093661,0.0
0.078461,0.098422,0.0
0.012043,0.082458,0.0
0.127286,0.033968,0.0
0.099042,0.067721,0.0
0.097947,0.110699,0.0
0.113707,0.111987,0.0
0.092529,0.089194,0.0
0.105906,0.062977,0.0
0.089228,0.096267,0.0
0.074547,0.099194,0.0
0.034917,0.069943,0.0
0.116553,0.06562,0.0
0.078693,0.083121,0.0
0.076591,0.025367,0.0
-0.013532,0.076205,0.0
0.098512,0.111069,0.0
0.098007,0.061982,0.0
0.080252,0.031464,0.0
0.109026,0.038058,0.0
0.093066,0.113006,0.0
0.018738,0.096546,0.0
0.033141,0.057921,0.0
0.017587,0.078539,0.0
0.132824,0.034743,0.0
-0.013839,0.063847,0.0
0.130017,0.099002,0.0
0.119911,0.065827,0.0
0.117836,0.085124,0.0
0.104392,0.111474,0.0
0.104369,0.027641,0.0
0.116986,0.123493,0.0
0.092274,0.107565,0.0
0.07201,0.054166,0.0
-0.006037,0.084017,0.0
0.134441,0.110053,0.0
0.013482,0.074468,0.0
0.134479,0.063567,0.0
0.133375,0.028624,0.0
0.118587,0.093711,0.0
-0.010282,0.087758,0.0
0.116131,0.045078,0.0
0.083422,0.116914,0.0
0.132088,0.05998,0.0
0.107925,0.084606,0.0
0.09176,0.074374,0.0
-0.012373,0.091082,0.0
0.117443,0.042219,0.0
0.118307,0.03913,0.0
0.075819,0.079708,0.0
0.085619,0.08713,0.0
0.120278,0.053296,0.0
0.072478,0.10923,0.0
0.112029,0.058729,0.0
0.0937,0.06276,0.0
0.120204,0.079666,0.0
0.092574,0.080765,0.0
0.127455,0.032015,0.0
-0.005641,0.085766,0.0
0.112495,0.101559,0.0
0.127647,0.069963,0.0
0.127188,0.1206,0.0
0.009543,0.074858,0.0
0.077116,0.057977,0.0
0.089899,0.082813,0.0
0.082287,0.095095,0.0
0.127504,0.024606,0.0
0.107278,0.041391,0.0
0.08909,0.050662,0.0
0.101861,0.026664,0.0
-0.012665,0.081057,0.0
0.034037,0.07473,0.0
0.087141,0.040323,0.0
0.094566,0.08695,0.0
-0.004891,0.072488,0.0
0.113371,0.05132,0.0
0.080146,0.116693,0.0
0.130793,0.085518,0.0
0.102426,0.096355,0.0
0.087378,0.059155,0.0
0.093793,0.070154,0.0
0.0779,0.023542,0.0
0.092557,0.104019,0.0
0.128543,0.124518,0.0
0.120663,0.094159,0.0
0.085116,0.035206,0.0
0.113992,0.108079,0.0
0.107641,0.104125,0.0
0.088724,0.063063,0.0
0.112628,0.080315,0.0
0.131457,0.126658,0.0
0.087395,0.025827,0.0
0.116973,0.099446,0.0
0.114746,0.080282,0.0
0.107751,0.052182,0.0
0.114024,0.072903,0.0
0.126046,0.043678,0.0
-0.01487,0.081016,0.0
0.095576,0.063769,0.0
-0.005669,0.088933,0.0
0.11747,0.028377,0.0
0.102488,0.026375,0.0
0.126147,0.111139,0.0
0.121961,0.043811,0.0
0.09292,0.072531,0.0
0.097167,0.107926,0.0
0.099838,0.047276,0.0
0.134346,0.072418,0.0
0.023738,0.067904,0.0
0.084438,0.028064,0.0
0.089408,0.093051,0.0
0.02821,0.089731,0.0
0.087121,0.109524,0.0
0.076389,0.02778,0.0
0.133274,0.129512,0.0
0.07163,0.099751,0.0
0.11505,0.084055,0.0
0.122354,0.092364,0.0
0.006193,0.068829,0.0
0.073117,0.096263,0.0
0.132575,0.10398,0.0
0.107508,0.113328,0.0
0.015724,0.091248,0.0
0.072422,0.038281,0.0
0.077274,0.101813,0.0
-0.012886,0.086757,0.0
0.106872,0.035768,0.0
0.020129,0.075884,0.0
0.096379,0.100571,0.0
0.117248,0.031078,0.0
0.126676,0.04589,0.0
0.017663,0.073575,0.0
0.130158,0.043827,0.0
0.024091,0.091085,0.0
0.103956,0.062008,0.0
0.085409,0.042797,0.0
0.122232,0.038562,0.0
0.091141,0.078261,0.0
0.079184,0.071893,0.0
0.11437,0.033155,0.0
0.10958,0.073379,0.0
0.127213,0.053244,0.0
0.018905,0.097301,0.0
0.084998,0.06163,0.0
0.103226,0.107786,0.0
0.116658,0.095675,0.0
0.129461,0.067212,0.0
0.07594,0.057073,0.0
0.105162,0.108742,0.0
0.129237,0.037983,0.0
0.090693,0.08249,0.0
0.119199,0.025604,0.0
0.125309,0.089101,0.0
0.124034,0.047973,0.0
0.116101,0.081983,0.0
0.095702,0.026708,0.0
-0.006948,0.091479,0.0
0.132943,0.088707,0.0
0.120149,0.063041,0.0
0.082515,0.107077,0.0
0.073399,0.110448,0.0
0.075309,0.096341,0.0
0.101711,0.121459,0.0
0.134111,0.099103,0.0
0.08335,0.06207,0.0
0.13406,0.102646,0.0
0.115636,0.02608,0.0
0.087504,0.115448,0.0
0.085545,0.099285,0.0
-0.011002,0.076611,0.0
0.013561,0.074685,0.0
0.072463,0.065661,0.0
0.133487,0.030717,0.0
0.11926,0.035296,0.0
0.112936,0.101518,0.0
0.073586,0.03675,0.0
0.073869,0.111675,0.0
0.086617,0.040137,0.0
0.009532,0.069662,0.0
-0.015874,0.076206,0.0
0.116215,0.067005,0.0
0.015043,0.0829,0.0
0.112743,0.076024,0.0
0.022194,0.084197,0.0
0.129234,0.097974,0.0
0.020869,0.083179,0.0
0.096208,0.064285,0.0
0.085571,0.099534,0.0
0.086001,0.083716,0.0
0.134805,0.074029,0.0
0.098618,0.023141,0.0
0.087046,0.091363,0.0
0.090249,0.06306,0.0
0.080629,0.10603,0.0
0.124422,0.033844,0.0
0.126961,0.109855,0.0
0.112095,0.079778,0.0
0.123091,0.090627,0.0
0.014873,0.074967,0.0
0.107534,0.060909,0.0
-0.00372,0.087925,0.0
0.128803,0.078706,0.0
-0.014438,0.060582,0.0
-0.01113,0.062871,0.0
-0.00397,0.092177,0.0
0.105752,0.093341,0.0
0.094096,0.024506,0.0
0.112556,0.090664,0.0
0.103597,0.069012,0.0
0.120006,0.058186,0.0
0.127909,0.110148,0.0
0.074826,0.022981,0.0
0.075453,0.100857,0.0
0.031618,0.057257,0.0
0.124293,0.093193,0.0
-0.00772,0.067412,0.0
0.123839,0.036181,0.0
0.077478,0.023125,0.0
0.013955,0.074286,0.0
0.09248,0.11473,0.0
-0.007999,0.075073,0.0
0.101457,0.08253,0.0
0.112685,0.120111,0.0
0.13042,0.064724,0.0
0.119793,0.021683,0.0
-0.014366,0.094341,0.0
0.024959,0.057386,0.0
0.082567,0.095393,0.0
0.096718,0.026564,0.0
0.120754,0.029798,0.0
0.106693,0.072388,0.0
0.014651,0.062398,0.0
0.1094,0.096437,0.0
0.110198,0.091068,0.0
0.076288,0.115785,0.0
0.129798,0.035874,0.0
0.121424,0.047677,0.0
0.08646,0.098983,0.0
0.079853,0.069321,0.0
0.105043,0.088322,0.0
0.024705,0.069756,0.0
0.121477,0.092113,0.0
0.120746,0.080107,0.0
0.084923,0.049602,0.0
-0.005724,0.080333,0.0
-0.004847,0.066858,0.0
0.105298,0.070841,0.0
0.131848,0.038408,0.0
-0.007307,0.097766,0.0
0.089536,0.096531,0.0
0.11036,0.123732,0.0
0.106231,0.074117,0.0
0.114113,0.056052,0.0
0.130718,0.042825,0.0
-0.005822,0.075635,0.0
0.09734,0.041241,0.0
-0.009115,0.064953,0.0
0.027016,0.059962,0.0
0.098857,0.023928,0.0
0.08175,0.039116,0.0
-0.002858,0.070255,0.0
0.034844,0.092079,0.0
0.016887,0.091084,0.0
0.074286,0.045883,0.0
0.122842,0.052078,0.0
0.116399,0.050502,0.0
0.106842,0.086753,0.0
0.03089,0.096322,0.0
0.09499,0.078141,0.0
0.112425,0.024888,0.0
0.01526,0.075426,0.0
0.102937,0.104011,0.0
0.107815,0.117112,0.0
0.133284,0.081951,0.0
0.089263,0.078944,0.0
0.087859,0.112358,0.0
0.086427,0.089689,0.0
0.125579,0.059784,0.0
0.111328,0.042217,0.0
0.082907,0.066365,0.0
0.086852,0.041799,0.0
0.077156,0.111257,0.0
0.124276,0.103856,0.0
0.129109,0.107044,0.0
0.081521,0.085138,0.0
0.013475,0.072341,0.0
0.032847,0.065282,0.0
0.123398,0.097404,0.0
0.081417,0.051863,0.0
0.110024,0.081551,0.0
0.03458,0.072847,0.0
0.084297,0.068645,0.0
0.082748,0.038856,0.0
0.113141,0.101412,0.0
0.090359,0.111462,0.0
0.020011,0.079233,0.0
0.12734,0.032101,0.0
0.085676,0.094569,0.0
0.093482,0.100244,0.0
0.111158,0.050667,0.0
0.084162,0.029508,0.0
0.07814,0.111644,0.0
0.119244,0.089443,0.0
0.089465,0.108749,0.0
0.080822,0.08749,0.0
0.121374,0.077758,0.0
0.093435,0.07188,0.0
-0.015195,0.09504,0.0
0.100014,0.043195,0.0
0.123664,0.043773,0.0
0.104619,0.06229,0.0
0.073882,0.071258,0.0
0.07283,0.032952,0.0
0.011539,0.096908,0.0
0.002422,0.091452,0.0
0.080796,0.045949,0.0
0.109994,0.024391,0.0
0.110666,0.109977,0.0
0.130729,0.054654,0.0
0.009569,0.05612,0.0
0.071255,0.027246,0.0
0.102099,0.062127,0.0
0.09016,0.02924,0.0
0.096695,0.096735,0.0
0.127707,0.121105,0.0
0.110507,0.027685,0.0
0.084263,0.105962,0.0
0.109033,0.054502,0.0
0.120368,0.088524,0.0
0.006403,0.094319,0.0
0.005023,0.075152,0.0
0.077465,0.036573,0.0
0.098634,0.067374,0.0
0.106186,0.031981,0.0
0.087316,0.055312,0.0
0.070693,0.040237,0.0
0.125395,0.09334,0.0
0.093317,0.103431,0.0
0.112299,0.10849,0.0
0.117301,0.080377,0.0
0.084629,0.059077,0.0
0.092838,0.098819,0.0
0.099469,0.1193,0.0
0.129817,0.02937,0.0
0.134533,0.065498,0.0
0.089293,0.058404,0.0
0.018297,0.075698,0.0
0.010803,0.087026,0.0
0.100114,0.055426,0.0
0.107454,0.086757,0.0
0.097639,0.087728,0.0
0.08223,0.04841,0.0
0.078386,0.057769,0.0
0.030929,0.079908,0.0
0.08676,0.106108,0.0
0.081481,0.112809,0.0
0.028701,0.092205,0.0
0.10702,0.109831,0.0
0.086783,0.076568,0.0
0.077161,0.114984,0.0
0.094945,0.034073,0.0
0.133907,0.108768,0.0
-0.009443,0.09281,0.0
0.02536,0.053679,0.0
0.104526,0.052146,0.0
0.084612,0.023301,0.0
0.117657,0.078509,0.0
0.100796,0.063787,0.0
0.028542,0.062537,0.0
0.004064,0.085302,0.0
0.013481,0.066317,0.0
0.095999,0.110828,0.0
0.08029,0.029054,0.0
0.126911,0.100488,0.0
0.002111,0.083438,0.0
0.005696,0.088896,0.0
0.116511,0.059763,0.0
0.037227,0.078343,0.0
0.103174,0.073197,0.0
0.082235,0.038126,0.0
0.077131,0.092233,0.0
0.115629,0.047127,0.0
0.018616,0.064624,0.0
0.129619,0.061388,0.0
0.105552,0.024772,0.0
0.114521,0.079192,0.0
0.02378,0.053681,0.0
0.005427,0.07953,0.0
0.122591,0.081181,0.0
-0.013171,0.096563,0.0
0.122119,0.097353,0.0
0.115703,0.031647,0.0
0.080329,0.026372,0.0
0.083672,0.089661,0.0
0.099883,0.045486,0.0
0.015469,0.091924,0.0
0.021124,0.086375,0.0
0.114431,0.021636,0.0
0.032603,0.062854,0.0
0.134312,0.067381,0.0
0.010289,0.095949,0.0
0.104411,0.104047,0.0
0.001418,0.090907,0.0
0.033912,0.074773,0.0
0.12587,0.064546,0.0
0.005866,0.068582,0.0
0.106626,0.120145,0.0
0.103811,0.086476,0.0
0.102393,0.037465,0.0
0.119467,0.094766,0.0
0.080961,0.11357,0.0
0.089022,0.099472,0.0
0.12936,0.127194,0.0
-0.00664,0.061057,0.0
0.087829,0.06009,0.0
0.103074,0.050803,0.0
0.099398,0.037905,0.0
0.121255,0.058388,0.0
0.130792,0.051355,0.0
0.134163,0.086869,0.0
0.014999,0.066788,0.0
0.082051,0.076026,0.0
0.115026,0.052207,0.0
0.031847,0.068567,0.0
0.013572,0.075341,0.0
0.069196,0.031179,0.0
0.122987,0.108987,0.0
0.010959,0.087518,0.0
0.120124,0.121432,0.0
0.116635,0.124879,0.0
0.108292,0.063893,0.0
0.104539,0.11907,0.0
0.095515,0.120389,0.0
0.126112,0.040693,0.0
0.132712,0.072826,0.0
0.124999,0.05615,0.0
0.078539,0.065883,0.0
0.122031,0.11181,0.0
0.133121,0.027638,0.0
0.114889,0.076152,0.0
0.124294,0.077661,0.0
0.074317,0.068897,0.0
0.128103,0.110351,0.0
0.089633,0.088915,0.0
0.031122,0.075302,0.0
0.083431,0.058177,0.0
-0.003927,0.077547,0.0
0.124403,0.116771,0.0
0.081755,0.034815,0.0
0.105954,0.029854,0.0
0.029832,0.086135,0.0
0.085845,0.076542,0.0
0.106383,0.05553,0.0
0.11668,0.034297,0.0
0.109297,0.079871,0.0
0.126311,0.066949,0.0
0.120839,0.099539,0.0
0.029689,0.086434,0.0
0.123418,0.11866,0.0
0.013572,0.065614,0.0
0.10765,0.057627,0.0
0.074507,0.031233,0.0
0.123268,0.022322,0.0
-0.000299,0.055831,0.0
0.119128,0.096664,0.0
0.107532,0.037511,0.0
0.134818,0.023926,0.0
0.008422,0.056655,0.0
0.088165,0.119688,0.0
-0.013946,0.067508,0.0
0.006458,0.059577,0.0
0.109962,0.051836,0.0
0.090182,0.087843,0.0
0.093877,0.103399,0.0
0.076633,0.097273,0.0
0.073671,0.073735,0.0
0.099972,0.037774,0.0
0.03504,0.087446,0.0
-0.008278,0.079259,0.0
0.018641,0.096418,0.0
0.08535,0.090151,0.0
0.129732,0.027641,0.0
0.123819,0.119771,0.0
0.11679,0.02883,0.0
0.131925,0.021946,0.0
0.123794,0.050359,0.0
0.133704,0.114806,0.0
0.113104,0.045205,0.0
0.006992,0.082016,0.0
0.002293,0.065593,0.0
0.077949,0.080955,0.0
0.082493,0.039632,0.0
0.096416,0.043895,0.0
0.13072,0.068562,0.0
0.077988,0.077155,0.0
0.019775,0.078513,0.0
0.114708,0.093457,0.0
0.133796,0.026386,0.0
0.026102,0.064404,0.0
0.078405,0.114594,0.0
0.030828,0.08593,0.0
0.105254,0.056797,0.0
0.016982,0.093516,0.0
0.122536,0.032409,0.0
0.127464,0.042471,0.0
0.01644,0.072529,0.0
0.032181,0.064321,0.0
0.123395,0.076546,0.0
0.111597,0.022356,0.0
0.115473,0.115464,0.0
0.113829,0.057757,0.0
0.126468,0.126657,0.0
0.01382,0.060159,0.0
0.089455,0.023497,0.0
0.097645,0.051317,0.0
0.08548,0.03342,0.0
0.07704,0.052742,0.0
0.112087,0.04203,0.0
0.134342,0.128449,0.0
0.106162,0.071717,0.0
0.082052,0.061976,0.0
0.07566,0.100686,0.0
0.125261,0.048694,0.0
0.112829,0.062979,0.0
0.081788,0.058478,0.0
0.121717,0.047486,0.0
-0.007711,0.073444,0.0
0.130905,0.08461,0.0
0.115246,0.040221,0.0
0.131054,0.121427,0.0
0.030743,0.067448,0.0
0.114397,0.052902,0.0
0.113542,0.086131,0.0
0.072645,0.089193,0.0
0.120936,0.105851,0.0
0.084555,0.040818,0.0
0.121225,0.101791,0.0
0.112283,0.022563,0.0
0.111295,0.02847,0.0
0.074376,0.050674,0.0
0.129995,0.066069,0.0
0.079634,0.04853,0.0
0.018637,0.058838,0.0
0.082961,0.062212,0.0
0.091179,0.040653,0.0
-0.003403,0.072881,0.0
0.076064,0.032814,0.0
0.074869,0.065668,0.0
0.021655,0.082743,0.0
0.07474,0.062638,0.0
0.094744,0.081254,0.0
0.093808,0.095227,0.0
0.084733,0.038377,0.0
0.096395,0.057969,0.0
0.02735,0.055796,0.0
0.09671,0.036977,0.0
0.127305,0.0769,0.0
0.001055,0.093828,0.0
0.015654,0.080018,0.0
0.091098,0.042431,0.0
0.123827,0.068338,0.0
0.122389,0.123438,0.0
0.077274,0.053868,0.0
-0.013957,0.064524,0.0
0.09814,0.060844,0.0
0.090733,0.078619,0.0
0.092838,0.054326,0.0
0.080417,0.060128,0.0
0.082773,0.099491,0.0
0.089195,0.026217,0.0
0.101184,0.087372,0.0
0.133489,0.038913,0.0
0.030459,0.084672,0.0
0.111638,0.022219,0.0
0.006674,0.079878,0.0
0.125201,0.117915,0.0
0.109884,0.065514,0.0
0.011093,0.072661,0.0
0.122626,0.052757,0.0
0.07747,0.070091,0.0
0.129072,0.104536,0.0
0.025942,0.055001,0.0
0.115159,0.121269,0.0
0.113417,0.076209,0.0
-0.002292,0.08625,0.0
0.128523,0.088154,0.0
0.025816,0.068294,0.0
0.126643,0.061039,0.0
0.107621,0.08306,0.0
0.114805,0.075166,0.0
0.113755,0.093938,0.0
0.025157,0.088353,0.0
0.091579,0.070423,0.0
0.075711,0.077728,0.0
0.097556,0.059176,0.0
0.08699,0.092729,0.0
0.09283,0.119894,0.0
0.124212,0.043143,0.0
0.101639,0.108392,0.0
0.085853,0.085203,0.0
0.08645,0.110673,0.0
0.117544,0.092704,0.0
0.083336,0.090405,0.0
0.09359,0.068867,0.0
0.076515,0.116359,0.0
0.076863,0.029481,0.0
0.076147,0.090618,0.0
0.119655,0.045124,0.0
0.095975,0.030247,0.0
0.089275,0.08684,0.0
-0.014617,0.080659,0.0
0.10837,0.110204,0.0
-0.016285,0.070566,0.0
0.12987,0.087443,0.0
0.080098,0.113625,0.0
0.081738,0.086431,0.0
0.118633,0.027049,0.0
0.111145,0.086182,0.0
0.001158,0.0833,0.0
0.117661,0.055304,0.0
0.128602,0.030198,0.0
0.086631,0.071087,0.0
0.107006,0.052651,0.0
0.001926,0.075215,0.0
-0.007515,0.079911,0.0
-0.015615,0.075782,0.0
0.003058,0.062619,0.0
0.025075,0.058598,0.0
0.091538,0.090154,0.0
0.087234,0.075849,0.0
0.131922,0.057065,0.0
0.081577,0.064715,0.0
0.129853,0.108798,0.0
0.106934,0.033971,0.0
-0.000658,0.080389,0.0
0.072941,0.067999,0.0
0.017134,0.093199,0.0
0.10962,0.043355,0.0
0.127985,0.084849,0.0
0.116141,0.083117,0.0
0.100109,0.109266,0.0
0.103895,0.103667,0.0
-0.007207,0.067988,0.0
0.105517,0.119506,0.0
0.119941,0.094282,0.0
-0.014044,0.088895,0.0
0.004308,0.058816,0.0
0.11972,0.061836,0.0
0.120443,0.025761,0.0
0.002584,0.082634,0.0
0.089237,0.027725,0.0
0.104532,0.07063,0.0
0.077155,0.085815,0.0
0.106966,0.087923,0.0
0.096897,0.084687,0.0
0.106482,0.051354,0.0
0.097428,0.036144,0.0
0.13493,0.03497,0.0
0.110883,0.082879,0.0
0.018651,0.09329,0.0
0.129727,0.076628,0.0
0.105825,0.077416,0.0
0.11596,0.100324,0.0
0.095182,0.082347,0.0
0.087717,0.033344,0.0
0.128617,0.054641,0.0
0.10928,0.078004,0.0
0.100547,0.092769,0.0
-0.007493,0.075404,0.0
0.095921,0.029852,0.0
0.118369,0.025081,0.0
0.106407,0.079128,0.0
-0.003696,0.076137,0.0
0.080454,0.060184,0.0
-0.011634,0.064309,0.0
0.009297,0.062077,0.0
0.127334,0.119516,0.0
0.093757,0.071321,0.0
0.13043,0.075978,0.0
0.083267,0.042543,0.0
0.01989,0.089086,0.0
0.095741,0.023749,0.0
0.094709,0.080901,0.0
0.000592,0.086209,0.0
0.071307,0.099248,0.0
0.089354,0.079913,0.0
0.123684,0.086406,0.0
0.078832,0.05278,0.0
0.031251,0.062176,0.0
0.130326,0.043101,0.0
0.082694,0.077913,0.0
0.133966,0.107197,0.0
0.100607,0.027676,0.0
0.103618,0.051518,0.0
-0.009131,0.093821,0.0
0.11352,0.072561,0.0
0.089645,0.059424,0.0
0.127081,0.105091,0.0
-0.010052,0.094286,0.0
0.100513,0.116029,0.0
0.111418,0.107003,0.0
0.078457,0.105799,0.0
0.093247,0.063967,0.0
0.093199,0.071972,0.0
-0.017111,0.082555,0.0
0.117276,0.067467,0.0
0.08734,0.033131,0.0
0.027404,0.083635,0.0
0.131938,0.027084,0.0
-0.010837,0.094866,0.0
0.034036,0.083594,0.0
0.022166,0.063938,0.0
-0.008247,0.080148,0.0
0.090461,0.053506,0.0
0.12667,0.045476,0.0
0.101001,0.101648,0.0
0.083785,0.090978,0.0
0.131081,0.021571,0.0
0.118501,0.071384,0.0
0.094712,0.09418,0.0
0.019305,0.092247,0.0
0.13264,0.024525,0.0
0.112669,0.047937,0.0
0.10464,0.052495,0.0
0.084939,0.069517,0.0
0.117121,0.09899,0.0
0.086683,0.088807,0.0
0.005864,0.056739,0.0
0.112627,0.05539,0.0
-0.007601,0.061079,0.0
0.107495,0.081795,0.0
0.110277,0.078717,0.0
0.079666,0.028144,0.0
0.118529,0.119023,0.0
0.111935,0.044273,0.0
0.100486,0.076528,0.0
0.095914,0.057788,0.0
0.113351,0.066549,0.0
0.13437,0.031734,0.0
0.119195,0.041185,0.0
0.024465,0.079264,0.0
0.020458,0.09592,0.0
0.133637,0.103728,0.0
0.098478,0.039618,0.0
-0.00078,0.069664,0.0
-0.009253,0.058535,0.0
0.116166,0.086411,0.0
0.033402,0.087592,0.0
0.089053,0.102283,0.0
0.118586,0.083458,0.0
0.107099,0.09451,0.0
0.108256,0.0829,0.0
0.106333,0.0746,0.0
-0.011654,0.058972,0.0
0.094342,0.058336,0.0
-0.003691,0.068137,0.0
0.133354,0.074997,0.0
0.103195,0.058842,0.0
0.078686,0.070828,0.0
-0.012167,0.075239,0.0
0.118962,0.12177,0.0
0.125481,0.070026,0.0
0.113292,0.041861,0.0
0.097103,0.057928,0.0
0.020684,0.087176,0.0
0.073421,0.046926,0.0
0.033144,0.059022,0.0
0.000903,0.077616,0.0
0.089062,0.057818,0.0
0.078111,0.049684,0.0
0.072197,0.095802,0.0
0.086304,0.080742,0.0
0.131633,0.091627,0.0
-0.010551,0.077061,0.0
0.082464,0.060806,0.0
0.084416,0.102848,0.0
0.117961,0.117084,0.0
0.009715,0.072448,0.0
-0.010151,0.058266,0.0
0.130838,0.095421,0.0
-0.006726,0.092536,0.0
0.105553,0.041277,0.0
0.07795,0.099161,0.0
0.129369,0.077577,0.0
0.112373,0.085561,0.0
0.129397,0.049531,0.0
-0.004662,0.087869,0.0
0.096642,0.058261,0.0
0.093451,0.110881,0.0
0.088846,0.11976,0.0
0.098238,0.049055,0.0
0.131883,0.046559,0.0
0.012552,0.065658,0.0
0.096498,0.066319,0.0
0.118853,0.03984,0.0
0.113886,0.118657,0.0
0.08787,0.088411,0.0
0.103576,0.109129,0.0
0.075973,0.090073,0.0
0.130763,0.065047,0.0
0.073679,0.067004,0.0
0.074074,0.051244,0.0
0.094036,0.103708,0.0
0.123956,0.083256,0.0
0.030777,0.058147,0.0
0.13277,0.024973,0.0
0.088782,0.071249,0.0
0.025122,0.07408,0.0
-0.011758,0.092389,0.0
0.120759,0.090325,0.0
0.097734,0.101973,0.0
0.112643,0.023565,0.0
0.007246,0.082526,0.0
0.100875,0.087791,0.0
0.104525,0.104544,0.0
0.107533,0.095318,0.0
0.08049,0.048452,0.0
-0.015987,0.084554,0.0
0.1103,0.103776,0.0
0.093722,0.119023,0.0
-0.016352,0.067552,0.0
0.103235,0.04197,0.0
0.002497,0.083743,0.0
0.07669,0.08302,0.0
0.134038,0.105509,0.0
0.134304,0.032191,0.0
0.100409,0.109418,0.0
0.112838,0.07067,0.0
0.072718,0.039234,0.0
0.125508,0.055568,0.0
0.082939,0.091056,0.0
0.101339,0.037372,0.0
0.10346,0.042238,0.0
0.026871,0.079996,0.0
0.075758,0.10971,0.0
0.073133,0.030487,0.0
-0.006406,0.075738,0.0
0.096492,0.089647,0.0
-0.001821,0.063291,0.0
0.11856,0.106949,0.0
0.121675,0.029543,0.0
0.1247,0.032003,0.0
0.109,0.069265,0.0
0.116766,0.074279,0.0
0.105167,0.102891,0.0
0.118077,0.063523,0.0
0.096328,0.030309,0.0
0.021424,0.085397,0.0
0.002388,0.07016,0.0
0.108647,0.067948,0.0
0.080226,0.065107,0.0
0.087892,0.069904,0.0
0.127875,0.047085,0.0
0.121341,0.037941,0.0
-0.005307,0.06682,0.0
0.033918,0.061449,0.0
0.109071,0.088412,0.0
0.085333,0.110509,0.0
0.117646,0.056984,0.0
0.034013,0.089831,0.0
0.075118,0.036304,0.0
0.128031,0.109418,0.0
0.078444,0.047921,0.0
0.085092,0.085597,0.0
0.119113,0.114881,0.0
0.110522,0.082152,0.0
-0.004384,0.06442,0.0
0.089217,0.109003,0.0
0.092671,0.106121,0.0
0.079216,0.039655,0.0
0.132705,0.040285,0.0
0.110397,0.08114,0.0
0.079076,0.054367,0.0
0.012161,0.056815,0.0
0.101899,0.039111,0.0
0.009491,0.076504,0.0
0.098938,0.100594,0.0
0.125698,0.073633,0.0
0.113291,0.116299,0.0
0.098093,0.087793,0.0
0.081075,0.099936,0.0
0.099163,0.048944,0.0
0.110949,0.043103,0.0
0.104056,0.068488,0.0
0.089792,0.100967,0.0
0.126422,0.105497,0.0
0.10357,0.058229,0.0
-0.005284,0.083892,0.0
0.117136,0.060431,0.0
0.089372,0.093625,0.0
0.026361,0.087297,0.0
0.133464,0.032573,0.0
-0.002639,0.064113,0.0
0.090075,0.084894,0.0
0.124336,0.054396,0.0
-0.015205,0.085341,0.0
0.118841,0.027086,0.0
0.100995,0.067746,0.0
0.107806,0.028006,0.0
0.008045,0.061702,0.0
0.018361,0.063516,0.0
0.120023,0.124542,0.0
0.122141,0.054474,0.0
0.110511,0.054984,0.0
0.131481,0.091017,0.0
-0.008664,0.08621,0.0
-0.016005,0.083567,0.0
-0.012478,0.084659,0.0
0.023477,0.075266,0.0
0.017515,0.073052,0.0
0.090743,0.079081,0.0
0.128622,0.1142,0.0
0.127888,0.090261,0.0
0.014924,0.08845,0.0
0.081199,0.035254,0.0
0.102973,0.104709,0.0
0.112799,0.069805,0.0
0.12409,0.038374,0.0
0.121677,0.104045,0.0
0.127616,0.026913,0.0
0.10768,0.054136,0.0
0.076191,0.059155,0.0
0.126583,0.061125,0.0
0.097073,0.041745,0.0
0.091126,0.052206,0.0
0.084831,0.095368,0.0
0.089453,0.042442,0.0
0.083781,0.023408,0.0
-0.004391,0.078426,0.0
0.010009,0.097925,0.0
0.113648,0.065366,0.0
0.116083,0.106043,0.0
0.035924,0.081311,0.0
0.125631,0.098949,0.0
0.076849,0.099607,0.0
0.078235,0.049053,0.0
0.005567,0.058548,0.0
0.110961,0.065338,0.0
0.075839,0.075881,0.0
0.103931,0.046102,0.0
0.080243,0.085645,0.0
0.130353,0.080637,0.0
0.091831,0.022369,0.0
0.032191,0.062778,0.0
0.085532,0.048299,0.0
0.072522,0.045337,0.0
0.076003,0.100135,0.0
-0.014011,0.061738,0.0
0.108257,0.117834,0.0
0.098059,0.079881,0.0
0.124867,0.050725,0.0
0.128361,0.075673,0.0
0.004059,0.084343,0.0
0.077449,0.060401,0.0
0.100654,0.061921,0.0
-0.009337,0.061007,0.0
0.032037,0.08842,0.0
0.103668,0.022076,0.0
-0.00342,0.08651,0.0
0.005987,0.091557,0.0
-0.000163,0.066889,0.0
0.015484,0.097502,0.0
0.086948,0.102193,0.0
0.125941,0.079079,0.0
0.119748,0.023017,0.0
0.10975,0.028785,0.0
0.01885,0.097234,0.0
0.076872,0.076425,0.0
0.116085,0.053948,0.0
-0.013005,0.06347,0.0
0.075921,0.106479,0.0
0.093277,0.099036,0.0
0.120928,0.113699,0.0
0.131286,0.072023,0.0
0.076422,0.030271,0.0
0.127392,0.069455,0.0
0.112593,0.113854,0.0
0.001078,0.094457,0.0
0.110717,0.06775,0.0
-0.001329,0.086525,0.0
0.073886,0.0681,0.0
0.123766,0.040432,0.0
0.13296,0.068914,0.0
0.107486,0.036966,0.0
0.076514,0.098528,0.0
0.117363,0.060773,0.0
0.093969,0.100656,0.0
0.023009,0.069272,0.0
0.010471,0.055362,0.0
0.08984,0.057542,0.0
0.085502,0.055209,0.0
0.091612,0.077227,0.0
0.131916,0.068811,0.0
0.133634,0.039911,0.0
0.105322,0.079421,0.0
0.120215,0.073488,0.0
-0.000787,0.086905,0.0
0.019182,0.093171,0.0
0.132118,0.099882,0.0
0.074474,0.079709,0.0
0.103005,0.079607,0.0
0.132382,0.127049,0.0
0.110204,0.040611,0.0
0.003005,0.089428,0.0
0.087125,0.031976,0.0
0.105163,0.064926,0.0
0.097538,0.086882,0.0
0.106981,0.095667,0.0
0.111301,0.082185,0.0
0.13492,0.103019,0.0
0.002247,0.088851,0.0
0.12346,0.043727,0.0
0.07943,0.116556,0.0
0.111217,0.113932,0.0
0.132057,0.088878,0.0
0.101351,0.077898,0.0
0.130002,0.071764,0.0
0.121825,0.023814,0.0
0.093918,0.042717,0.0
0.014808,0.059743,0.0
0.089607,0.077525,0.0
0.028175,0.09372,0.0
0.086007,0.07094,0.0
0.11315,0.099299,0.0
-0.012076,0.058008,0.0
0.079649,0.041608,0.0
0.119272,0.087011,0.0
0.032979,0.066145,0.0
0.116427,0.045488,0.0
0.072767,0.07449,0.0
0.12796,0.03643,0.0
0.118772,0.023857,0.0
0.081043,0.046441,0.0
-0.000722,0.071181,0.0
0.089657,0.063349,0.0
0.011419,0.079034,0.0
0.134099,0.049631,0.0
0.014611,0.059102,0.0
0.109715,0.106615,0.0
0.128256,0.092434,0.0
0.078411,0.044189,0.0
0.12462,0.02923,0.0
0.112221,0.091884,0.0
0.006128,0.066517,0.0
0.121086,0.054545,0.0
0.101567,0.105807,0.0
0.110511,0.038622,0.0
0.081571,0.063326,0.0
0.023535,0.073197,0.0
0.093641,0.06872,0.0
0.010077,0.060346,0.0
0.08851,0.026245,0.0
-0.006772,0.093028,0.0
0.071546,0.05546,0.0
0.0826,0.07458,0.0
0.125602,0.08184,0.0
0.13177,0.075447,0.0
0.014448,0.064567,0.0
0.10872,0.046758,0.0
0.080266,0.050619,0.0
0.071848,0.022625,0.0
0.104197,0.083191,0.0
0.092743,0.099259,0.0
0.084044,0.049691,0.0
-0.007416,0.091831,0.0
0.122204,0.027217,0.0
0.100928,0.077861,0.0
-0.008749,0.071765,0.0
0.117063,0.078074,0.0
0.00011,0.074815,0.0
0.111595,0.091894,0.0
0.124608,0.110195,0.0
0.128131,0.030498,0.0
0.100836,0.056011,0.0
0.019318,0.061643,0.0
0.027607,0.095034,0.0
0.095891,0.029022,0.0
0.018446,0.076011,0.0
0.036037,0.076053,0.0
0.120543,0.052324,0.0
0.02807,0.089906,0.0
0.111537,0.098981,0.0
0.130523,0.083263,0.0
0.082229,0.023555,0.0
0.120821,0.08676,0.0
0.134538,0.050634,0.0
-0.011118,0.064631,0.0
0.032106,0.085757,0.0
0.085354,0.07992,0.0
0.09663,0.046653,0.0
0.007495,0.077623,0.0
0.079031,0.108151,0.0
0.089804,0.074076,0.0
0.076573,0.077115,0.0
0.121411,0.098414,0.0
0.097532,0.041952,0.0
0.078708,0.030848,0.0
0.116308,0.106108,0.0
0.100197,0.095239,0.0
0.128486,0.096167,0.0
0.125587,0.023217,0.0
0.083759,0.104909,0.0
0.127973,0.107816,0.0
0.110365,0.086501,0.0
0.000249,0.090375,0.0
0.109549,0.063266,0.0
0.118585,0.119285,0.0
0.10048,0.112763,0.0
0.106897,0.049414,0.0
0.089812,0.07391,0.0
0.000949,0.074252,0.0
0.132088,0.067435,0.0
0.016813,0.078453,0.0
0.088104,0.099339,0.0
0.1213,0.098207,0.0
0.124916,0.127452,0.0
0.085347,0.05402,0.0
0.095293,0.033787,0.0
-0.010167,0.092592,0.0
0.112785,0.036875,0.0
0.114819,0.084438,0.0
0.006341,0.072931,0.0
0.036052,0.075503,0.0
0.114725,0.035929,0.0
0.129194,0.048818,0.0
0.109161,0.051274,0.0
0.088095,0.117122,0.0
0.108445,0.098104,0.0
0.109886,0.039311,0.0
0.094183,0.042736,0.0
0.092841,0.047775,0.0
0.078597,0.072939,0.0
0.105582,0.120271,0.0
0.002603,0.069247,0.0
0.122954,0.083875,0.0
0.105169,0.043961,0.0
0.118418,0.060245,0.0
0.119382,0.108635,0.0
0.098942,0.105338,0.0
0.126493,0.063589,0.0
0.116594,0.0553,0.0
0.023971,0.062247,0.0
0.103649,0.093107,0.0
0.117968,0.074164,0.0
0.119909,0.064502,0.0
0.08282,0.10491,0.0
0.115217,0.078538,0.0
0.089924,0.100642,0.0
0.088204,0.026418,0.0
0.105507,0.034079,0.0
0.108288,0.096581,0.0
0.090507,0.089556,0.0
0.104707,0.111997,0.0
0.090664,0.111618,0.0
0.104623,0.11173,0.0
0.115062,0.023735,0.0
0.079425,0.093444,0.0
0.093778,0.114842,0.0
0.097119,0.07468,0.0
0.108173,0.120004,0.0
0.02787,0.05848,0.0
0.120517,0.09356,0.0
0.087112,0.08275,0.0
0.069931,0.033683,0.0
0.111419,0.040931,0.0
-0.00268,0.084624,0.0
0.081454,0.071923,0.0
0.007413,0.073565,0.0
-0.006942,0.058053,0.0
-0.016272,0.072453,0.0
0.133489,0.04114,0.0
-0.017132,0.080168,0.0
0.120796,0.026681,0.0
-0.010663,0.094131,0.0
0.079853,0.042616,0.0
0.125217,0.028083,0.0
0.12487,0.064836,0.0
0.098585,0.027838,0.0
0.132257,0.112157,0.0
0.113549,0.082411,0.0
