-0.046554,0.003405,0.0
-0.01723,0.02295,0.0
0.00248,0.043914,0.0
0.058738,0.014085,0.0
0.026054,0.030004,0.0
0.039403,0.008271,0.0
-0.032959,0.016265,0.0
0.044186,0.025776,0.0
-0.015918,0.006371,0.0
0.046433,0.004904,0.0
0.007434,0.047701,0.0
-0.023437,0.003848,0.0
-0.047163,0.008488,0.0
0.010994,0.038587,0.0
0.061291,0.000126,0.0
0.000445,0.044586,0.0
0.012475,0.030993,0.0
-0.039007,0.008718,0.0
0.035556,0.022224,0.0
0.008754,0.039633,0.0
-0.057692,0.002119,0.0
0.008311,0.036452,0.0
0.015516,0.010794,0.0
-0.015225,0.014058,0.0
-0.042296,0.005735,0.0
0.023295,0.033986,0.0
0.00437,0.043752,0.0
0.02191,0.005646,0.0
0.037683,0.007301,0.0
0.00553,0.012915,0.0
-0.004412,0.026209,0.0
0.020552,0.040904,0.0
0.014488,0.004299,0.0
0.010817,0.023463,0.0
0.005809,0.037619,0.0
0.011068,0.023489,0.0
-0.056485,0.002856,0.0
-0.036959,0.014916,0.0
0.051533,0.00774,0.0
-0.017377,0.032011,0.0
-0.024474,0.013347,0.0
0.020127,0.00322,0.0
-0.02075,0.020959,0.0
-0.029018,0.001195,0.0
-0.002002,0.031464,0.0
0.006984,0.003232,0.0
-0.043698,0.015146,0.0
-0.042839,0.016075,0.0
-0.006369,0.02921,0.0
-0.008488,0.023219,0.0
-0.005643,0.008665,0.0
-0.012368,0.027699,0.0
0.009968,0.008248,0.0
-0.027124,0.016696,0.0
0.02024,0.035015,0.0
0.026443,0.0107,0.0
0.013257,0.028865,0.0
0.048251,0.002559,0.0
0.001582,0.039509,0.0
-0.01067,0.038964,0.0
0.032966,0.020411,0.0
0.040976,0.022213,0.0
-0.038464,0.017959,0.0
0.004187,0.02009,0.0
0.010526,0.027786,0.0
-0.028484,0.015197,0.0
0.006508,0.034919,0.0
-0.021347,4.4e-05,0.0
-0.016431,0.002888,0.0
0.02668,0.001305,0.0
-0.018915,0.031607,0.0
-0.052495,0.009763,0.0
-0.034019,0.002072,0.0
-0.035242,0.017738,0.0
0.032749,0.007783,0.0
-0.017503,0.029116,0.0
-0.026842,0.024783,0.0
-0.014113,0.007135,0.0
-0.009854,0.014643,0.0
0.013208,0.048289,0.0
0.027021,0.013451,0.0
0.011852,0.034508,0.0
0.0056,0.020103,0.0
0.06882,0.002243,0.0
-0.016948,0.005556,0.0
0.041082,0.020498,0.0
0.046576,0.005179,0.0
-0.051442,0.009343,0.0
-0.032282,0.023755,0.0
0.016188,0.031478,0.0
-0.022869,0.008408,0.0
-0.002247,0.046441,0.0
-0.049971,0.009009,0.0
0.065907,0.007742,0.0
-0.031324,0.010972,0.0
-0.041025,0.00681,0.0
0.015894,0.009002,0.0
-0.010029,7.6e-05,0.0
-0.001871,0.028944,0.0
-0.032736,0.012424,0.0
-0.028912,0.005363,0.0
0.003997,0.042693,0.0
0.07019,0.000856,0.0
0.055416,0.003097,0.0
-0.031973,0.002588,0.0
-0.036616,0.00255,0.0
-0.022471,0.014688,0.0
-0.003461,0.04848,0.0
0.001819,0.006476,0.0
-0.013898,0.040536,0.0
-0.032524,0.000185,0.0
-0.005595,0.017668,0.0
0.00985,0.042791,0.0
0.004438,0.02543,0.0
-0.015034,0.03623,0.0
0.016815,0.007656,0.0
-0.057533,0.002564,0.0
-0.053258,0.001901,0.0
0.020236,0.033026,0.0
-0.039104,0.012046,0.0
-0.001083,0.025944,0.0
-0.016351,0.013989,0.0
0.020837,0.017269,0.0
-0.023125,0.003776,0.0
-0.040815,0.010581,0.0
0.049533,0.019334,0.0
0.02082,0.003632,0.0
0.001657,0.013217,0.0
-0.045462,0.00923,0.0
0.050595,0.010848,0.0
-0.018477,0.006652,0.0
-0.0542,0.002162,0.0
-0.015454,0.00192,0.0
-0.00938,0.032995,0.0
0.008792,0.043528,0.0
0.025021,0.036317,0.0
0.030377,0.029224,0.0
-0.021031,0.020638,0.0
0.046131,0.00182,0.0
-0.008848,0.042471,0.0
0.003785,0.024289,0.0
-0.009239,0.040244,0.0
0.01839,0.022109,0.0
0.069898,0.001134,0.0
-0.007546,0.001909,0.0
0.000336,0.026078,0.0
0.027246,0.014622,0.0
0.02726,0.00868,0.0
0.012054,0.010613,0.0
-0.042092,0.001011,0.0
-0.022086,0.007409,0.0
0.005359,0.005862,0.0
0.009992,0.029633,0.0
-0.029019,0.002794,0.0
-0.010416,0.030646,0.0
-0.020745,0.027121,0.0
0.023075,0.013421,0.0
0.035694,0.010204,0.0
-0.043106,0.001816,0.0
0.062329,0.008744,0.0
-0.006525,0.040476,0.0
0.062311,0.006454,0.0
-0.021304,0.003337,0.0
-0.003783,0.020591,0.0
-0.00417,0.035582,0.0
-6e-06,0.040783,0.0
0.041169,0.006375,0.0
-0.0324,0.015903,0.0
0.051846,0.017398,0.0
0.021173,0.042007,0.0
-0.065555,0.000209,0.0
0.000297,0.037503,0.0
-0.053714,0.002048,0.0
0.049538,0.018039,0.0
0.045802,0.025163,0.0
0.043327,0.013853,0.0
0.032917,0.026193,0.0
-0.005156,0.013939,0.0
0.013568,0.023009,0.0
-0.022918,0.033207,0.0
-0.020196,0.005602,0.0
0.00928,0.050181,0.0
-0.036349,0.016293,0.0
0.024877,0.023585,0.0
0.023339,0.033795,0.0
-0.016204,0.009377,0.0
0.000569,0.049206,0.0
0.014217,0.010009,0.0
-0.006762,0.026633,0.0
0.010966,0.046632,0.0
0.016728,0.038341,0.0
0.006833,0.011572,0.0
-0.035906,0.019102,0.0
-0.031985,0.012132,0.0
-0.014153,0.010739,0.0
-0.058914,0.004843,0.0
-0.004186,0.044072,0.0
0.012492,0.004383,0.0
0.01586,0.010964,0.0
0.059122,0.001466,0.0
0.015742,0.02644,0.0
-0.033508,0.016703,0.0
0.019499,0.037244,0.0
0.004806,0.027721,0.0
-0.014489,0.020349,0.0
0.016716,0.047831,0.0
-0.001509,0.037623,0.0
-0.027094,0.022268,0.0
0.051856,0.015802,0.0
-0.000839,0.012633,0.0
-0.001391,0.010709,0.0
0.042298,0.009093,0.0
-0.023607,0.033432,0.0
0.017369,0.037262,0.0
0.022547,0.044155,0.0
0.009166,0.046803,0.0
0.003154,0.023738,0.0
0.005055,0.051794,0.0
0.026034,0.025988,0.0
-0.010683,0.021788,0.0
0.011661,0.010651,0.0
0.047326,0.013494,0.0
-0.010192,0.016832,0.0
-0.008674,0.02855,0.0
0.041684,0.005587,0.0
-0.032512,0.006649,0.0
-0.047639,0.015466,0.0
-0.061715,0.002114,0.0
-0.036308,0.018765,0.0
-0.023947,0.016714,0.0
0.017863,0.048579,0.0
-0.005468,0.025618,0.0
0.0588,0.010687,0.0
0.064694,0.005142,0.0
0.053435,0.012178,0.0
0.045935,0.00822,0.0
0.039437,0.027377,0.0
0.025749,0.009557,0.0
-0.003261,0.024092,0.0
0.019457,0.040811,0.0
0.004066,0.005021,0.0
0.051901,0.01107,0.0
0.028265,0.021736,0.0
0.004178,0.00142,0.0
-0.045068,0.01659,0.0
0.056289,0.001894,0.0
0.001552,0.047891,0.0
-0.007842,0.043456,0.0
0.028671,0.007751,0.0
-0.02728,0.002585,0.0
-0.035037,0.000454,0.0
-0.048542,0.002484,0.0
-0.019286,0.013501,0.0
-0.019712,0.031925,0.0
0.020365,0.043146,0.0
-0.003985,0.018099,0.0
-0.029615,0.020783,0.0
-0.031654,0.002011,0.0
0.039795,0.001276,0.0
-0.01973,0.006498,0.0
0.011022,0.014255,0.0
0.052629,0.004361,0.0
-0.014472,0.006045,0.0
0.056606,0.008931,0.0
0.052976,0.008387,0.0
-0.060322,0.000952,0.0
0.019331,0.032248,0.0
0.004493,0.04258,0.0
-0.019643,0.01966,0.0
0.040904,0.010566,0.0
0.047565,0.000737,0.0
0.046582,0.025422,0.0
0.055153,0.0024,0.0
0.051377,0.020863,0.0
-0.016596,0.026566,0.0
-0.019225,0.016557,0.0
0.023236,0.003554,0.0
-0.009035,0.032238,0.0
0.01663,0.027404,0.0
-0.033439,0.001347,0.0
-0.017466,0.02375,0.0
0.007892,0.003913,0.0
0.055364,0.009126,0.0
0.041221,0.028907,0.0
0.010309,0.021688,0.0
0.052226,0.008315,0.0
0.004016,0.005376,0.0
0.034093,0.033275,0.0
0.009204,0.019366,0.0
0.010506,0.003127,0.0
-0.024059,0.031457,0.0
-0.027551,0.006324,0.0
0.026064,0.026133,0.0
0.005388,0.04432,0.0
0.031503,0.004888,0.0
0.019667,0.010063,0.0
0.013985,0.012225,0.0
0.004698,0.014344,0.0
-0.053702,2.4e-05,0.0
0.001965,0.039552,0.0
0.044307,0.001946,0.0
-0.045149,0.002179,0.0
-0.021169,0.013987,0.0
0.000296,0.041299,0.0
0.003414,0.001712,0.0
0.052568,0.009704,0.0
-0.004602,0.033269,0.0
-0.020746,0.027919,0.0
0.017373,0.037834,0.0
-0.065073,0.000848,0.0
0.0093,0.027053,0.0
-0.011809,0.034178,0.0
-0.035433,0.002235,0.0
-0.020028,0.016576,0.0
0.01782,0.00026,0.0
0.0155,0.02765,0.0
0.019756,0.023899,0.0
-0.057356,0.003254,0.0
0.045804,0.009138,0.0
0.017301,0.010572,0.0
-0.00216,0.020726,0.0
0.038049,0.010874,0.0
-0.018736,0.013492,0.0
0.024916,0.032431,0.0
-0.001881,0.035029,0.0
-0.001289,0.004927,0.0
-0.019512,0.026228,0.0
0.02543,0.000165,0.0
0.030594,0.011258,0.0
-0.002949,0.000779,0.0
0.001425,0.025816,0.0
-0.001781,0.010559,0.0
-0.016569,0.001644,0.0
0.062023,0.00569,0.0
0.024739,0.006395,0.0
0.043967,0.015717,0.0
-0.055769,0.000672,0.0
-0.003665,0.040655,0.0
-0.051044,0.005128,0.0
0.036418,0.02977,0.0
0.025315,0.022298,0.0
0.010926,0.009383,0.0
0.049182,0.008069,0.0
0.028358,0.020295,0.0
0.003778,0.027059,0.0
-0.036343,0.015356,0.0
0.039287,0.028905,0.0
0.059957,0.004347,0.0
-0.02649,0.028121,0.0
0.035818,0.018791,0.0
-0.016874,0.011026,0.0
-0.031356,0.00952,0.0
0.029543,0.039768,0.0
-0.038523,0.014976,0.0
0.063619,0.009158,0.0
-0.00787,0.023705,0.0
0.026716,0.00416,0.0
0.004946,0.022915,0.0
-0.020586,0.02664,0.0
0.005482,0.012558,0.0
-0.001021,0.008791,0.0
0.006456,0.04444,0.0
0.000203,0.048075,0.0
-0.061852,0.000782,0.0
0.005235,0.016586,0.0
-0.01312,0.02863,0.0
-0.004351,0.027598,0.0
0.001406,0.025309,0.0
0.045954,0.002677,0.0
0.035409,0.000986,0.0
0.00124,0.033617,0.0
-0.01431,0.020566,0.0
0.039826,0.02467,0.0
0.036192,0.003225,0.0
0.048618,0.014208,0.0
0.057321,0.013863,0.0
0.012903,0.01637,0.0
0.025336,0.007404,0.0
0.014991,0.02942,0.0
0.064248,0.009063,0.0
0.043696,0.01542,0.0
0.025451,0.040481,0.0
0.034604,0.016442,0.0
0.020089,0.033293,0.0
0.024904,0.005419,0.0
0.016683,0.024239,0.0
0.029788,0.022097,0.0
-0.024405,0.007617,0.0
-0.007156,0.017447,0.0
0.008968,0.05097,0.0
-0.03201,0.004103,0.0
-0.019981,0.002103,0.0
-0.013505,0.013681,0.0
-0.028192,0.019272,0.0
-0.036829,0.017309,0.0
0.002244,0.03332,0.0
0.019905,0.002498,0.0
0.048123,0.002375,0.0
-0.024425,0.016593,0.0
0.030641,0.021651,0.0
-0.049685,0.006922,0.0
-0.024281,0.013666,0.0
0.010468,0.032884,0.0
0.058556,0.011562,0.0
0.053037,0.00705,0.0
-0.03956,0.017846,0.0
0.060245,0.011682,0.0
0.01354,0.047279,0.0
-0.04622,0.008931,0.0
0.004637,0.030176,0.0
0.033616,0.03511,0.0
0.009589,0.018561,0.0
-0.023988,0.025556,0.0
0.052827,0.004493,0.0
0.025511,0.039637,0.0
0.021514,0.048181,0.0
-0.007091,0.030424,0.0
0.038523,0.029346,0.0
-0.003913,0.004119,0.0
0.006549,0.001114,0.0
0.002735,0.024068,0.0
0.018597,0.021523,0.0
-0.031643,0.017139,0.0
0.047197,0.02169,0.0
-0.04834,0.000498,0.0
0.045328,0.014466,0.0
0.032653,0.033428,0.0
0.004692,0.046354,0.0
0.000205,0.033318,0.0
0.023039,0.040232,0.0
-0.00925,0.026299,0.0
0.009824,0.019388,0.0
-0.032685,0.010425,0.0
-0.008334,0.026397,0.0
0.052109,0.014405,0.0
0.00478,0.031494,0.0
-0.039679,0.009631,0.0
-0.004563,0.037978,0.0
-0.034439,0.012828,0.0
-0.048337,0.015232,0.0
0.016801,0.049931,0.0
0.036155,0.005724,0.0
0.015349,0.045412,0.0
0.014574,0.006948,0.0
0.026534,0.008215,0.0
0.035529,0.015949,0.0
-0.021643,0.013421,0.0
0.014699,0.02522,0.0
-0.015233,0.034636,0.0
0.002301,0.009982,0.0
0.004007,0.032483,0.0
0.025353,0.024926,0.0
-0.034076,0.003491,0.0
-0.05442,0.002559,0.0
0.00037,0.050429,0.0
0.020686,0.006937,0.0
0.03439,0.008205,0.0
0.000375,0.017783,0.0
-0.003528,0.045504,0.0
-0.051595,0.000526,0.0
0.01489,0.043659,0.0
0.00054,0.03643,0.0
0.053219,0.008463,0.0
-0.001825,0.015382,0.0
-0.00529,0.039702,0.0
0.065467,0.001493,0.0
9.4e-05,0.034034,0.0
0.067583,0.00125,0.0
-0.006408,0.02929,0.0
-0.029201,0.008074,0.0
0.011535,0.013501,0.0
-0.042944,0.00866,0.0
0.038612,0.005114,0.0
0.000343,0.028198,0.0
0.060494,0.012487,0.0
0.044262,0.015732,0.0
0.012234,0.019275,0.0
0.036909,0.018655,0.0
-0.040866,0.008653,0.0
0.00189,0.041671,0.0
0.034766,0.03201,0.0
-0.036297,0.015094,0.0
0.018533,0.001651,0.0
0.035754,0.022921,0.0
0.000883,0.001736,0.0
-0.017284,0.011614,0.0
-0.006504,0.005988,0.0
-0.007308,0.01923,0.0
-0.054968,0.008142,0.0
0.061548,0.006062,0.0
0.027514,0.000473,0.0
0.035115,0.035456,0.0
0.062993,0.011032,0.0
0.025164,0.035273,0.0
-0.009913,0.030293,0.0
0.022736,0.024652,0.0
-0.004212,0.029503,0.0
0.037394,0.016704,0.0
0.035043,0.034929,0.0
-0.006631,0.00251,0.0
0.006404,0.017262,0.0
0.028487,0.012823,0.0
-0.008682,0.020368,0.0
0.019962,0.019346,0.0
-0.031485,0.006987,0.0
0.01611,0.032681,0.0
-0.040011,0.002681,0.0
-0.01021,0.038155,0.0
0.044487,0.023836,0.0
-0.003167,0.035604,0.0
-0.035663,0.000224,0.0
0.022074,0.010815,0.0
-0.014811,0.011566,0.0
0.012382,0.027751,0.0
0.020504,0.047611,0.0
0.012091,0.018946,0.0
-0.025801,0.012687,0.0
0.019032,0.038937,0.0
0.026603,0.043671,0.0
-0.024826,0.029526,0.0
-0.013898,0.006069,0.0
0.039898,0.013923,0.0
0.04929,0.000126,0.0
0.034031,0.013897,0.0
0.035889,0.003315,0.0
-0.011992,0.034318,0.0
-0.026621,0.028478,0.0
0.040534,0.010618,0.0
0.054073,0.010212,0.0
0.035716,0.017027,0.0
-0.006022,0.034954,0.0
-0.022436,0.015661,0.0
-0.009281,0.023081,0.0
0.015707,0.013767,0.0
0.015352,0.030218,0.0
0.025307,0.007658,0.0
0.005135,0.038035,0.0
-0.01694,0.024032,0.0
0.038498,0.002806,0.0
0.013735,0.034352,0.0
0.019657,0.025111,0.0
-0.019373,0.026592,0.0
-0.007812,0.015721,0.0
-0.046067,0.01824,0.0
-0.062168,0.0014,0.0
0.009531,0.010908,0.0
0.003506,0.010873,0.0
0.023106,0.029741,0.0
-0.042384,0.012345,0.0
-0.001478,0.044836,0.0
-0.039648,0.011974,0.0
5e-05,0.043929,0.0
-0.013276,0.012294,0.0
-0.029908,0.000302,0.0
-0.027972,0.014849,0.0
-0.015056,0.014771,0.0
-0.02469,0.018514,0.0
0.058639,0.002116,0.0
0.055594,0.003482,0.0
0.057677,0.012831,0.0
-0.025123,0.027001,0.0
-0.00913,0.001861,0.0
-0.014618,0.005704,0.0
0.041061,0.021039,0.0
-0.036734,0.001599,0.0
0.021672,0.032608,0.0
0.039643,0.012825,0.0
0.053709,0.001134,0.0
0.054166,0.015353,0.0
-0.017154,0.038966,0.0
0.021103,0.017898,0.0
0.027251,0.010599,0.0
0.041156,0.005959,0.0
-0.031704,0.025051,0.0
0.015622,0.02037,0.0
0.0563,0.013792,0.0
0.035407,0.002103,0.0
-0.022197,0.010247,0.0
0.020853,0.043179,0.0
0.036134,0.026039,0.0
0.016854,0.037545,0.0
0.04319,0.00054,0.0
0.009486,0.015615,0.0
0.002037,0.050455,0.0
-0.037162,0.01767,0.0
0.026196,0.026691,0.0
-0.002401,0.017554,0.0
0.037908,0.03418,0.0
-0.007335,0.038937,0.0
-0.000148,0.023789,0.0
0.006465,0.005124,0.0
-0.044512,0.005677,0.0
-0.002936,0.008597,0.0
-0.062918,0.003625,0.0
0.029571,0.033971,0.0
0.021044,0.005098,0.0
0.018577,0.018464,0.0
0.008866,0.036286,0.0
-0.011419,0.017426,0.0
0.004049,0.012498,0.0
0.02261,0.027505,0.0
0.028313,0.008098,0.0
-0.005008,0.042623,0.0
0.002394,0.039214,0.0
0.039456,0.023207,0.0
-0.023622,0.032431,0.0
-0.019237,0.037283,0.0
-0.019816,0.021915,0.0
0.017803,0.04846,0.0
-0.03242,0.01058,0.0
0.021907,0.011609,0.0
0.05791,0.011793,0.0
-0.058626,0.004162,0.0
0.023055,0.022195,0.0
-0.055366,0.00676,0.0
0.012662,0.035115,0.0
0.030538,0.025559,0.0
-0.001795,0.011521,0.0
-0.005256,0.01035,0.0
0.019205,0.049214,0.0
-0.004181,0.01964,0.0
-0.016685,0.002278,0.0
-0.04128,0.004028,0.0
-0.042121,0.008597,0.0
0.013423,0.006974,0.0
0.03843,0.002357,0.0
0.01364,0.046901,0.0
0.044155,0.020183,0.0
-0.027964,0.018843,0.0
0.008194,0.025286,0.0
-0.055637,6.2e-05,0.0
0.06621,0.001967,0.0
-0.010132,0.039539,0.0
0.018825,0.02005,0.0
0.03456,0.030451,0.0
-0.01078,0.040672,0.0
-0.055656,0.001936,0.0
0.043329,0.011018,0.0
0.003431,0.05005,0.0
-0.027613,0.014403,0.0
0.02999,0.032011,0.0
0.028368,0.012963,0.0
0.033179,0.002122,0.0
-0.009216,0.026354,0.0
0.034023,0.00585,0.0
0.04195,0.012918,0.0
-0.001888,0.044879,0.0
0.028293,0.014526,0.0
0.007165,0.024544,0.0
-0.000978,0.01729,0.0
0.031984,0.031795,0.0
0.030426,0.002373,0.0
0.011763,0.012234,0.0
-0.029187,0.002911,0.0
0.026452,0.039492,0.0
0.016232,0.041381,0.0
0.015145,0.04061,0.0
-0.017744,0.030816,0.0
-0.040557,0.011612,0.0
-0.008114,0.024984,0.0
-0.031033,0.004719,0.0
0.020829,0.02435,0.0
0.050026,0.01872,0.0
-0.00486,0.041533,0.0
0.018173,0.028004,0.0
-0.010263,0.033801,0.0
0.011973,0.035151,0.0
0.001359,0.037785,0.0
0.02847,0.039651,0.0
0.049096,0.001132,0.0
-0.049998,0.001044,0.0
0.012104,0.011952,0.0
0.007304,0.051163,0.0
-0.030264,0.013401,0.0
0.011113,0.032534,0.0
0.017032,0.000438,0.0
0.023916,0.013576,0.0
0.051503,0.017907,0.0
-0.025018,0.028461,0.0
0.034291,0.034837,0.0
0.035383,0.015913,0.0
-0.006575,0.002742,0.0
-0.038403,0.017908,0.0
-0.001052,0.012167,0.0
-0.027066,0.012438,0.0
-0.006611,0.029216,0.0
0.03929,0.00223,0.0
0.031693,0.02517,0.0
0.046186,0.025155,0.0
0.041616,0.012352,0.0
-0.059781,0.003443,0.0
0.001603,0.017532,0.0
0.04132,0.011148,0.0
-0.012501,0.015273,0.0
0.020377,0.042341,0.0
-0.000259,0.043696,0.0
0.022652,0.012417,0.0
-0.031886,0.020606,0.0
0.044047,0.025465,0.0
0.020439,0.005881,0.0
-0.011647,0.031237,0.0
0.020692,0.017786,0.0
0.021582,0.01351,0.0
-0.00038,0.043998,0.0
-0.037015,0.005761,0.0
0.023141,0.038979,0.0
-0.033403,0.018743,0.0
-0.04865,0.004505,0.0
-0.011366,0.019965,0.0
0.026596,0.012135,0.0
0.001615,0.016659,0.0
0.00934,0.025235,0.0
0.019356,0.023735,0.0
0.045283,0.003187,0.0
-0.049742,0.000745,0.0
-0.007704,0.018453,0.0
-0.015214,0.041306,0.0
-0.036271,0.004402,0.0
-0.013341,0.021676,0.0
0.027517,0.005159,0.0
-0.011379,0.036394,0.0
0.018099,0.02815,0.0
-0.036778,0.012778,0.0
-0.015824,0.038977,0.0
0.004204,0.043165,0.0
0.011402,0.011274,0.0
0.024016,0.045795,0.0
0.054594,0.013443,0.0
-0.020836,0.005748,0.0
0.006541,0.014517,0.0
-0.016061,0.006014,0.0
0.021583,0.042542,0.0
0.039208,0.030183,0.0
-0.009069,0.025204,0.0
-0.041026,0.015487,0.0
-0.046532,0.019117,0.0
0.018413,0.027681,0.0
0.024827,0.028739,0.0
0.051678,0.020244,0.0
-0.029162,0.005701,0.0
-0.026005,0.019047,0.0
0.029063,0.014737,0.0
0.059325,0.00177,0.0
0.014484,0.005835,0.0
0.03231,0.031238,0.0
-0.00434,0.016577,0.0
0.04287,0.026655,0.0
0.012544,0.018124,0.0
-0.027488,0.024692,0.0
0.026408,0.036356,0.0
0.030552,0.019487,0.0
0.014272,0.02847,0.0
0.048018,0.008449,0.0
0.035944,0.031652,0.0
-0.005399,0.003784,0.0
-0.022429,0.017754,0.0
-0.013465,0.029148,0.0
-0.019456,0.03747,0.0
-0.043378,0.006994,0.0
0.036878,0.004746,0.0
-0.01628,0.015914,0.0
-0.014105,0.027101,0.0
0.057219,0.002873,0.0
0.010702,0.036207,0.0
0.024392,0.033992,0.0
0.042207,0.014294,0.0
-0.031047,0.006964,0.0
-0.016812,0.008153,0.0
-0.031618,0.004489,0.0
-0.039741,0.011602,0.0
0.008198,0.042689,0.0
-0.022918,0.017978,0.0
-0.032797,0.013514,0.0
-0.00197,0.004719,0.0
-0.001482,0.050238,0.0
0.020311,0.042458,0.0
-0.040255,0.00124,0.0
0.004234,0.03166,0.0
0.00175,0.027278,0.0
0.02546,0.030067,0.0
0.008591,0.030589,0.0
-0.013659,0.039523,0.0
0.022091,0.036224,0.0
0.019405,0.005464,0.0
0.017744,0.046439,0.0
0.034998,0.001446,0.0
-0.028213,0.008599,0.0
-0.051699,0.011461,0.0
0.063692,0.00135,0.0
0.007728,0.028342,0.0
0.009242,0.002092,0.0
0.011244,0.037168,0.0
0.005672,0.001215,0.0
0.020127,0.011799,0.0
-0.007102,0.032586,0.0
0.050338,0.009285,0.0
-0.047201,0.010636,0.0
0.000969,0.029219,0.0
-0.055171,0.00363,0.0
0.039317,0.000319,0.0
-0.04238,0.009087,0.0
0.01264,0.023144,0.0
0.012939,0.032788,0.0
0.055553,0.005534,0.0
-0.012543,0.000502,0.0
0.028156,0.020144,0.0
-0.019515,0.008246,0.0
0.024344,0.008836,0.0
-0.037687,0.011587,0.0
0.009137,0.026017,0.0
-0.05445,0.008214,0.0
-0.004136,0.008352,0.0
-0.044697,0.011961,0.0
0.044835,0.009336,0.0
0.028127,0.012234,0.0
0.026468,0.030245,0.0
-0.011022,0.033639,0.0
-0.000914,0.014949,0.0
-0.016052,0.014965,0.0
-0.045334,0.019958,0.0
0.009517,0.011657,0.0
0.04479,0.018447,0.0
0.008518,0.035776,0.0
-0.030695,0.009133,0.0
-0.062491,0.003346,0.0
-0.022022,0.018646,0.0
-0.020685,0.015216,0.0
0.020926,0.001408,0.0
-0.015771,0.005155,0.0
-0.008683,0.033025,0.0
-0.020926,0.005207,0.0
0.006377,0.046943,0.0
0.014359,0.036727,0.0
0.010228,0.027989,0.0
-0.031913,0.014191,0.0
-0.024273,0.012138,0.0
0.027133,0.011351,0.0
-0.004236,0.044069,0.0
0.026754,0.005568,0.0
0.030192,0.026344,0.0
-0.00667,0.014014,0.0
0.021611,0.022676,0.0
0.007507,0.010125,0.0
-0.019958,0.011862,0.0
-0.006105,0.033002,0.0
0.044096,0.017066,0.0
-0.008303,0.037063,0.0
0.000332,0.005659,0.0
0.015667,0.045059,0.0
-0.043914,0.017004,0.0
0.00667,0.001534,0.0
0.032104,0.037935,0.0
-0.026815,0.020568,0.0
0.00188,0.019044,0.0
-0.05069,0.008276,0.0
-0.009719,0.03187,0.0
0.035004,0.031697,0.0
0.02497,0.038003,0.0
-0.021852,0.029275,0.0
-0.000985,0.001233,0.0
-0.025912,0.028554,0.0
-0.043543,0.019825,0.0
0.019215,0.048478,0.0
-0.03145,0.024562,0.0
-0.009482,0.02137,0.0
0.027753,0.025224,0.0
-0.026546,0.021153,0.0
0.052578,0.001707,0.0
0.007591,0.005466,0.0
0.023159,0.037293,0.0
0.00191,0.014213,0.0
-0.046926,0.007882,0.0
-0.009035,0.035705,0.0
-0.02201,0.027024,0.0
-0.014723,0.029484,0.0
0.008261,0.051828,0.0
0.001417,0.019357,0.0
-0.018239,0.016783,0.0
0.023772,0.044452,0.0
-0.070239,0.000522,0.0
0.004174,0.010235,0.0
0.031561,0.017416,0.0
0.033344,0.035367,0.0
0.04215,0.011746,0.0
-0.011295,0.021587,0.0
0.035821,0.01595,0.0
0.020136,0.034232,0.0
-0.000651,0.036901,0.0
0.05907,0.006956,0.0
-0.004993,0.001004,0.0
0.02572,0.034962,0.0
0.021755,0.025862,0.0
-0.023413,0.007381,0.0
-0.019791,0.005492,0.0
0.014996,0.026635,0.0
-0.006868,0.030632,0.0
-0.052942,0.004424,0.0
0.009965,0.037033,0.0
-0.00148,0.030921,0.0
-0.001713,0.041634,0.0
0.03931,0.012295,0.0
-0.032202,0.005914,0.0
-0.018309,0.031247,0.0
0.009943,0.002453,0.0
-0.023347,0.022807,0.0
-0.014342,0.023923,0.0
0.008948,0.013921,0.0
0.041792,0.029738,0.0
-0.003875,0.021038,0.0
0.030955,0.023177,0.0
-0.002852,0.044319,0.0
-0.008529,0.025007,0.0
0.033422,0.014633,0.0
0.029589,6.1e-05,0.0
0.058717,0.004402,0.0
0.014556,0.009229,0.0
0.022296,0.027726,0.0
0.037072,0.011073,0.0
-0.018363,0.033188,0.0
-0.065151,0.002487,0.0
-0.015272,0.014694,0.0
-0.026307,0.02298,0.0
0.009607,0.050523,0.0
0.041479,0.00729,0.0
-0.036938,0.005748,0.0
-0.055642,0.002873,0.0
0.022332,0.035398,0.0
-0.010153,0.045938,0.0
0.001968,0.041543,0.0
0.022071,0.015633,0.0
-0.012264,0.030095,0.0
-0.011773,0.001117,0.0
0.050551,0.011162,0.0
-0.010115,0.022977,0.0
0.035081,0.022342,0.0
-0.034023,0.01765,0.0
-0.045854,0.01915,0.0
0.019347,0.034327,0.0
-0.006089,0.036163,0.0
-0.024634,0.007337,0.0
0.002234,0.050509,0.0
0.052924,0.001924,0.0
0.004034,8e-05,0.0
0.0507,0.00058,0.0
0.018617,0.047047,0.0
0.05192,0.019991,0.0
0.054458,0.005801,0.0
0.024941,0.003924,0.0
-0.011639,0.034531,0.0
0.038716,0.025263,0.0
-0.018368,0.015263,0.0
-0.045358,0.014119,0.0
-0.027532,0.006603,0.0
-0.018203,0.02599,0.0
-0.023842,0.022654,0.0
0.007308,0.034207,0.0
-0.033023,0.009535,0.0
0.019513,0.004473,0.0
0.016187,0.001338,0.0
0.01985,0.018604,0.0
0.002329,0.037144,0.0
0.028473,0.000878,0.0
0.039863,0.011376,0.0
-0.03301,0.020257,0.0
0.029153,0.018021,0.0
0.003949,0.031736,0.0
-0.023552,0.025555,0.0
-0.046363,0.01675,0.0
0.022165,0.022076,0.0
0.008524,0.016565,0.0
0.023318,0.034983,0.0
0.001631,0.031373,0.0
0.066424,0.003566,0.0
0.023469,0.007245,0.0
0.01484,0.039263,0.0
0.036509,0.024025,0.0
0.05579,0.013091,0.0
-0.018594,0.021908,0.0
0.052172,0.016525,0.0
0.049504,0.009417,0.0
-0.044559,0.000407,0.0
0.058751,0.000255,0.0
-0.009489,0.010995,0.0
-0.002224,0.027289,0.0
0.013913,0.015317,0.0
0.014984,0.008308,0.0
-0.016076,0.00016,0.0
-0.014722,0.008438,0.0
-0.036348,0.020255,0.0
0.033856,0.032524,0.0
-0.010443,0.011555,0.0
-0.008751,0.021295,0.0
-0.005846,0.020399,0.0
0.038817,0.005606,0.0
-0.014368,0.025469,0.0
-0.013602,0.027306,0.0
0.052447,0.002703,0.0
-0.032877,0.018672,0.0
0.018275,0.013531,0.0
-0.039272,0.004482,0.0
-0.045806,0.012294,0.0
-0.019726,0.017768,0.0
0.066688,0.004377,0.0
0.058197,0.013888,0.0
-0.042874,0.00982,0.0
0.036463,0.010229,0.0
0.023072,0.000632,0.0
0.003256,0.038732,0.0
0.027706,0.043548,0.0
0.010183,0.008882,0.0
-0.003685,0.042186,0.0
-0.005346,0.007994,0.0
0.045111,0.014367,0.0
-0.018668,0.014039,0.0
0.044687,0.025985,0.0
-0.021206,0.014473,0.0
0.043704,0.01405,0.0
0.012648,0.017943,0.0
0.047537,0.010469,0.0
-0.021866,0.016296,0.0
0.012589,0.019547,0.0
0.027869,0.031557,0.0
0.042875,0.021073,0.0
-0.019488,0.00542,0.0
0.002557,0.000966,0.0
0.026325,0.040236,0.0
0.006279,0.048451,0.0
-0.037568,0.005664,0.0
0.030571,0.035719,0.0
0.028087,0.023117,0.0
0.000523,0.0317,0.0
-0.015762,0.021678,0.0
0.061047,0.01133,0.0
0.017699,0.022029,0.0
0.002241,0.001291,0.0
-0.013454,0.026207,0.0
0.004842,0.016727,0.0
0.026195,0.001308,0.0
0.015633,0.03625,0.0
0.004396,0.009652,0.0
-0.006926,0.040386,0.0
0.004542,0.017949,0.0
-0.004871,0.011001,0.0
0.055767,0.003218,0.0
0.02073,0.020951,0.0
0.040001,0.012149,0.0
0.028293,0.017333,0.0
-0.050483,0.004955,0.0
-0.007428,0.047298,0.0
0.00107,0.048886,0.0
-0.020706,0.014995,0.0
0.045905,0.010771,0.0
0.016781,0.03143,0.0
-0.027311,0.014847,0.0
0.041443,0.014706,0.0
-0.023769,0.033633,0.0
0.037373,0.020885,0.0
0.036561,0.011469,0.0
-0.037491,0.001711,0.0
0.015549,0.025564,0.0
0.015504,0.012324,0.0
0.026163,0.017339,0.0
-0.022986,0.001764,0.0
-0.003754,0.008106,0.0
-0.038858,0.016815,0.0
0.007705,0.021872,0.0
-0.030168,0.015355,0.0
0.027383,0.03101,0.0
-0.015518,0.012375,0.0
-0.045723,0.010069,0.0
0.066833,0.006874,0.0
-0.029275,0.019392,0.0
-0.029692,0.004932,0.0
0.04594,0.015751,0.0
0.032395,0.032137,0.0
-0.045017,0.011237,0.0
0.059599,0.001593,0.0
-0.013142,0.038378,0.0
0.033395,0.037959,0.0
0.032763,0.025701,0.0
0.029104,0.00686,0.0
0.019276,0.00991,0.0
-0.050599,0.001826,0.0
-0.026075,0.002308,0.0
-0.004293,0.038752,0.0
0.011571,0.000833,0.0
0.04366,0.014079,0.0
-0.036385,0.011733,0.0
0.002903,0.04895,0.0
-0.021786,0.006647,0.0
0.011519,0.048101,0.0
-0.005897,0.024498,0.0
-0.042842,0.006203,0.0
-0.004373,0.003155,0.0
-0.029628,0.008727,0.0
0.021864,0.029493,0.0
0.015975,0.023199,0.0
-0.013611,0.040839,0.0
-0.029059,0.009417,0.0
-0.05786,0.002871,0.0
-0.030028,0.010555,0.0
-0.030274,0.010158,0.0
-0.004199,0.026951,0.0
-0.021397,0.011444,0.0
-0.0496,0.00573,0.0
-0.02278,0.027942,0.0
0.021504,0.021065,0.0
0.020604,0.035382,0.0
0.068487,0.003015,0.0
0.019764,0.046443,0.0
-0.031216,0.017925,0.0
-0.001747,0.005268,0.0
0.017808,0.015501,0.0
0.008718,0.037664,0.0
0.007891,0.017103,0.0
-0.019991,0.034739,0.0
0.043029,0.005135,0.0
0.012485,0.009999,0.0
0.013491,0.040835,0.0
0.021577,0.017679,0.0
-0.026425,0.018071,0.0
0.015818,0.033792,0.0
-0.032424,0.018974,0.0
0.036171,0.001517,0.0
-0.012734,0.017187,0.0
0.034533,0.02518,0.0
0.00696,0.013165,0.0
0.045509,0.01579,0.0
0.015415,0.045467,0.0
0.030989,0.034087,0.0
0.007927,0.004144,0.0
0.002135,0.00401,0.0
-0.028476,0.01441,0.0
0.008436,0.0356,0.0
0.023098,0.033847,0.0
-0.029891,0.018157,0.0
-0.0446,0.014348,0.0
-0.007398,0.000304,0.0
0.003986,0.026915,0.0
0.004793,0.040789,0.0
-0.039003,0.00962,0.0
0.046948,0.0053,0.0
-0.001015,0.032945,0.0
0.052194,0.013996,0.0
0.014144,0.045604,0.0
-0.023762,0.026104,0.0
0.072012,0.002199,0.0
0.011939,0.031886,0.0
-0.014814,0.004444,0.0
0.01995,0.046411,0.0
-0.026567,0.015152,0.0
-0.023517,0.017974,0.0
0.028355,0.030594,0.0
0.010343,0.032242,0.0
0.041055,0.000485,0.0
-0.013061,0.008147,0.0
0.011137,0.020806,0.0
0.025537,0.004025,0.0
-0.012666,0.021613,0.0
0.032901,0.016315,0.0
0.051464,0.002962,0.0
0.019103,0.046724,0.0
-0.065917,0.002465,0.0
0.069911,0.003335,0.0
0.020255,0.038674,0.0
-0.038794,0.008425,0.0
-0.030754,0.01119,0.0
-0.007472,0.006649,0.0
0.043514,0.013672,0.0
0.023969,0.003435,0.0
0.021004,0.031185,0.0
-0.012597,0.034127,0.0
-0.046868,0.002881,0.0
-0.04867,0.016663,0.0
3e-06,0.003801,0.0
0.016281,0.018488,0.0
-0.005488,0.049173,0.0
0.035663,0.025236,0.0
-0.016435,0.017883,0.0
-0.01718,0.029629,0.0
0.011872,0.037987,0.0
0.024775,0.01334,0.0
0.02265,0.001831,0.0
-0.00523,0.027128,0.0
-0.00425,0.046625,0.0
0.028942,0.002462,0.0
-0.037697,0.004708,0.0
0.020337,0.008966,0.0
0.016451,0.004867,0.0
-0.004598,0.032671,0.0
0.03291,0.037003,0.0
0.005181,4.5e-05,0.0
-0.024401,0.020647,0.0
-0.040037,0.001313,0.0
-0.006877,0.029978,0.0
0.02729,0.015739,0.0
-0.013959,0.011624,0.0
-0.006365,0.011292,0.0
-0.01871,0.020476,0.0
0.013099,0.001006,0.0
0.058181,0.008117,0.0
-0.00211,0.031746,0.0
0.062571,0.00338,0.0
-0.038954,0.002657,0.0
0.045006,0.02683,0.0
0.02112,0.011721,0.0
-0.031093,0.005459,0.0
0.007856,0.00669,0.0
-0.029562,0.014259,0.0
0.002629,0.004985,0.0
0.017387,0.024375,0.0
-0.028651,0.00959,0.0
0.02344,0.019957,0.0
0.018144,0.039804,0.0
-0.014047,0.014049,0.0
0.001143,0.043691,0.0
0.051007,0.002729,0.0
-0.01251,0.000555,0.0
-0.020668,0.001366,0.0
-0.016379,0.004002,0.0
-0.01696,0.005599,0.0
0.002067,0.015664,0.0
0.002461,0.013219,0.0
-0.050495,0.008251,0.0
0.013979,0.025728,0.0
0.014943,0.021109,0.0
0.039492,0.031139,0.0
0.031756,0.01662,0.0
0.012089,0.045239,0.0
0.054428,0.002063,0.0
0.001646,0.046705,0.0
-0.030182,0.017236,0.0
-0.023058,0.007428,0.0
-0.028412,0.011796,0.0
0.021272,0.045275,0.0
-0.021934,0.004753,0.0
0.01814,0.017712,0.0
0.018833,0.048356,0.0
0.02467,0.010798,0.0
0.010559,0.038386,0.0
-0.013872,0.02772,0.0
-0.008149,0.044078,0.0
-0.027272,0.019901,0.0
0.062587,0.009661,0.0
0.050853,0.004545,0.0
0.051937,0.004789,0.0
0.023975,0.00362,0.0
0.024111,0.00172,0.0
0.014103,0.029954,0.0
-0.055526,0.002026,0.0
0.011088,0.009867,0.0
0.054848,0.002889,0.0
-0.031512,0.009837,0.0
0.037395,0.021118,0.0
0.061195,0.003782,0.0
0.00455,0.031909,0.0
-0.022189,0.011518,0.0
0.046673,0.01705,0.0
0.039285,0.017985,0.0
0.032908,0.029032,0.0
0.036859,0.027479,0.0
0.0231,0.035941,0.0
-0.044182,0.00405,0.0
0.036011,0.008678,0.0
-0.014557,0.005453,0.0
-3.5e-05,0.015121,0.0
0.004592,0.038195,0.0
0.018433,0.045005,0.0
0.002992,0.041437,0.0
0.015213,0.047421,0.0
-0.013361,0.008007,0.0
0.008075,0.043328,0.0
0.034586,0.028501,0.0
0.046616,0.023955,0.0
-0.000615,0.011602,0.0
-0.033219,0.001685,0.0
0.035761,0.031404,0.0
-0.05736,0.004527,0.0
-0.000175,0.015407,0.0
0.008706,0.050482,0.0
0.02433,0.00705,0.0
-0.044849,0.007024,0.0
-0.057148,0.003656,0.0
-0.048484,0.006237,0.0
0.0373,0.02873,0.0
0.023618,0.043056,0.0
-0.035553,0.012481,0.0
0.005114,0.04441,0.0
-0.004559,0.023637,0.0
0.032254,0.024496,0.0
-0.037494,0.012323,0.0
-0.02908,0.009602,0.0
0.018645,0.011788,0.0
-0.003764,0.006627,0.0
-0.004443,0.01597,0.0
0.007727,0.012109,0.0
0.021853,0.026749,0.0
-0.05645,0.002663,0.0
0.028044,0.033168,0.0
0.03986,0.024738,0.0
0.022701,0.03865,0.0
0.006108,0.052058,0.0
0.00469,0.039694,0.0
0.012779,0.013677,0.0
-0.000451,0.009357,0.0
-0.010552,0.017016,0.0
0.003049,0.000214,0.0
0.005007,0.019669,0.0
0.006126,0.002348,0.0
0.050626,0.021906,0.0
-0.007399,0.001892,0.0
-0.023539,0.033285,0.0
-0.020656,0.025303,0.0
-0.047884,5e-05,0.0
-0.013735,0.00511,0.0
-0.044468,6.3e-05,0.0
-0.021926,0.005211,0.0
-0.017581,0.009228,0.0
0.021355,0.04043,0.0
-0.019532,0.006749,0.0
0.021519,0.035846,0.0
0.007258,0.02659,0.0
0.055824,0.016071,0.0
-0.035124,0.006819,0.0
0.019392,0.043629,0.0
0.004281,0.042961,0.0
0.040591,0.027873,0.0
-0.008242,0.009034,0.0
0.013732,0.027181,0.0
0.038922,0.005464,0.0
0.007583,0.002302,0.0
0.008208,0.033737,0.0
-0.032376,0.016562,0.0
0.066959,0.0039,0.0
-0.012984,0.032054,0.0
0.025319,0.030934,0.0
0.032512,0.006388,0.0
-0.043358,0.014591,0.0
0.002546,0.028207,0.0
-0.045483,0.014227,0.0
0.062076,0.003978,0.0
-0.02954,0.007146,0.0
-0.045766,0.006363,0.0
-0.00655,0.041321,0.0
0.034736,0.009916,0.0
0.008721,0.013893,0.0
0.024412,0.024037,0.0
-0.011429,0.003678,0.0
0.036567,0.009103,0.0
0.022345,0.020316,0.0
0.026811,0.042036,0.0
-0.021652,0.009425,0.0
0.043198,0.023379,0.0
0.032075,0.015267,0.0
-0.032867,0.003607,0.0
0.015683,0.017753,0.0
0.02393,0.033768,0.0
0.022183,0.036005,0.0
-0.006177,0.046403,0.0
-0.051411,0.002805,0.0
-1.5e-05,0.033204,0.0
-0.006915,0.041582,0.0
-0.032245,0.014024,0.0
-0.005703,0.040766,0.0
0.017033,0.035695,0.0
0.025454,0.01549,0.0
0.053535,0.008167,0.0
0.02189,0.016487,0.0
-0.008802,0.015816,0.0
0.033606,0.002279,0.0
-0.016184,0.01707,0.0
0.012252,0.012022,0.0
0.010045,0.008031,0.0
0.014369,0.019594,0.0
0.028588,0.008815,0.0
-0.052698,0.005292,0.0
0.050147,0.008179,0.0
-0.030852,0.003093,0.0
0.023039,0.019756,0.0
0.015929,0.050693,0.0
0.037446,0.034779,0.0
0.005336,0.051835,0.0
-0.028559,0.025215,0.0
0.014726,0.013759,0.0
-0.015571,0.035714,0.0
-0.009005,0.016996,0.0
0.059629,0.005381,0.0
0.00653,5.1e-05,0.0
0.01373,0.021512,0.0
0.009195,0.042876,0.0
-0.021685,0.030059,0.0
0.011009,0.02552,0.0
-0.000337,0.005611,0.0
0.041688,0.018948,0.0
-0.009028,0.020547,0.0
0.021766,0.036795,0.0
0.059991,0.002545,0.0
0.004848,0.019601,0.0
-0.011167,0.013431,0.0
-0.014339,0.027658,0.0
0.0418,0.011232,0.0
0.018613,0.005695,0.0
-0.032782,0.003911,0.0
-0.005811,0.024504,0.0
-0.006402,0.029862,0.0
-0.006395,0.048557,0.0
0.016105,0.021945,0.0
0.016743,0.039212,0.0
-0.052615,0.00566,0.0
0.01956,0.019148,0.0
0.009202,0.033198,0.0
-0.038411,0.00272,0.0
-0.037059,0.021221,0.0
0.046807,0.024807,0.0
0.026464,0.000775,0.0
0.013962,0.016627,0.0
0.02875,0.003768,0.0
0.034692,0.036392,0.0
0.003536,0.019818,0.0
-0.027434,0.025745,0.0
0.028415,0.036361,0.0
0.041153,0.017367,0.0
0.044253,0.013075,0.0
0.00786,0.051572,0.0
-0.040094,0.015402,0.0
0.056359,0.008253,0.0
-0.058054,0.00228,0.0
-0.017063,0.027722,0.0
-0.042429,0.000525,0.0
0.0271,0.038303,0.0
-0.006043,0.001601,0.0
-0.026994,0.01816,0.0
-0.018862,0.011824,0.0
-0.021545,0.028973,0.0
-0.026392,0.026069,0.0
0.044032,0.01466,0.0
-0.002909,0.036334,0.0
0.007939,0.019677,0.0
0.009491,0.004608,0.0
0.047228,0.025186,0.0
-0.021829,0.004103,0.0
-0.001816,0.001253,0.0
0.045774,0.005904,0.0
0.043379,0.02419,0.0
0.05947,0.008152,0.0
0.018016,0.023131,0.0
-0.016762,0.027452,0.0
0.01926,0.032367,0.0
-0.011794,0.025763,0.0
0.040411,0.009069,0.0
-0.005927,0.039164,0.0
0.023508,0.005075,0.0
0.01737,0.006851,0.0
-0.045295,0.000292,0.0
0.016837,0.025373,0.0
-0.007539,0.022197,0.0
0.00474,0.031015,0.0
0.029663,0.001726,0.0
0.030624,0.026005,0.0
0.015212,0.001467,0.0
-0.019207,0.000824,0.0
0.041409,0.029516,0.0
-0.0078,8.1e-05,0.0
0.051029,0.001158,0.0
-0.003279,0.009079,0.0
-0.052175,0.009538,0.0
-0.049571,0.005902,0.0
0.047023,0.004954,0.0
-0.007767,0.026828,0.0
-0.032735,0.006763,0.0
0.002715,0.040611,0.0
-0.016283,0.014438,0.0
0.011334,0.049142,0.0
0.027203,0.040406,0.0
-0.003874,0.045507,0.0
0.007341,0.039901,0.0
0.004959,0.011929,0.0
0.024836,0.039606,0.0
-0.053025,0.001898,0.0
0.0206,0.023529,0.0
0.041251,0.026642,0.0
0.016902,0.04842,0.0
-0.020749,0.024768,0.0
0.018808,0.014592,0.0
0.003528,0.015253,0.0
0.015007,0.006214,0.0
0.062301,0.005694,0.0
-0.031223,0.002972,0.0
-0.017934,0.018063,0.0
-0.045811,0.009408,0.0
0.006024,0.014825,0.0
0.03613,0.017117,0.0
0.054541,0.004955,0.0
0.032615,0.024813,0.0
0.01437,0.009153,0.0
0.021537,0.002929,0.0
0.04067,0.004829,0.0
0.049122,0.016395,0.0
0.051822,0.003264,0.0
-0.048901,0.01654,0.0
0.041638,0.025498,0.0
-0.031867,0.003996,0.0
0.067782,0.006684,0.0
0.0115,0.003688,0.0
-0.002362,0.01331,0.0
0.025099,0.001165,0.0
0.000918,0.003302,0.0
0.002602,0.01839,0.0
0.016437,0.03923,0.0
-0.043625,0.009383,0.0
-0.012107,0.000244,0.0
0.041093,0.006324,0.0
0.031862,0.020364,0.0
0.025454,0.021443,0.0
-0.040029,0.001944,0.0
0.002582,0.011895,0.0
-0.023129,0.021794,0.0
0.059271,0.004053,0.0
0.002674,0.031968,0.0
0.023458,0.041326,0.0
-0.016579,0.016908,0.0
0.006191,0.043941,0.0
-0.029352,0.011565,0.0
-0.032559,0.004512,0.0
0.03847,0.007617,0.0
0.017629,0.018385,0.0
0.068862,0.00348,0.0
-0.047956,0.004763,0.0
-0.040688,0.018586,0.0
0.025146,0.044009,0.0
-0.011012,0.000218,0.0
-0.002874,0.024423,0.0
0.030212,0.035608,0.0
-0.043151,0.019039,0.0
-0.019635,0.008423,0.0
0.006999,0.004598,0.0
-0.033162,0.003936,0.0
-0.008012,0.007047,0.0
-0.044328,0.004219,0.0
-0.024226,0.029187,0.0
0.043409,0.004849,0.0
-0.018761,0.038307,0.0
0.004983,0.03858,0.0
-0.032773,0.010011,0.0
-0.014468,0.020372,0.0
-0.056287,0.006542,0.0
-0.00025,0.020921,0.0
0.030265,0.003445,0.0
-0.027709,0.021427,0.0
-0.047357,0.002098,0.0
0.013635,0.004816,0.0
-0.005688,0.029017,0.0
0.031554,0.01667,0.0
-0.008908,0.002313,0.0
0.035505,0.030135,0.0
0.029137,0.021918,0.0
-0.003444,0.006325,0.0
0.007562,0.030101,0.0
-0.068699,0.000909,0.0
0.013159,0.040089,0.0
0.007885,0.042521,0.0
-0.004094,0.009872,0.0
0.006958,0.037093,0.0
0.012058,0.019263,0.0
0.024011,0.011491,0.0
0.010625,0.029569,0.0
0.019758,0.033128,0.0
0.058041,0.013461,0.0
-0.012112,0.032219,0.0
-0.005824,0.011796,0.0
0.024624,0.032308,0.0
-0.010033,0.002755,0.0
0.069624,0.001144,0.0
-0.014377,0.000278,0.0
-0.010531,0.039901,0.0
0.034523,0.007693,0.0
0.019955,0.048058,0.0
0.003967,0.046517,0.0
0.016571,0.018862,0.0
-0.004514,0.041071,0.0
0.047676,0.023323,0.0
-0.005924,0.030575,0.0
-0.000983,0.02773,0.0
0.0068,0.004305,0.0
-0.008918,0.007546,0.0
0.008495,0.016894,0.0
0.033719,0.016015,0.0
-0.012572,0.008238,0.0
-0.037677,0.009137,0.0
0.015654,0.048721,0.0
-0.042147,0.013481,0.0
-0.029358,0.006536,0.0
-0.010053,0.014368,0.0
-0.010998,0.008585,0.0
-0.052071,0.004668,0.0
-0.022277,0.032234,0.0
0.023565,0.018637,0.0
-0.042971,0.016615,0.0
-0.045807,0.003702,0.0
0.002955,0.005003,0.0
0.066654,0.000219,0.0
-0.016727,0.009572,0.0
-0.066795,0.000665,0.0
-0.030963,0.007388,0.0
-0.050787,0.009097,0.0
-0.000351,0.03602,0.0
-0.011283,0.03171,0.0
-0.005262,0.00379,0.0
0.018954,0.01879,0.0
-0.029407,0.021601,0.0
0.060164,0.007432,0.0
-0.009163,0.022139,0.0
0.037666,0.029225,0.0
0.001112,0.025271,0.0
0.024169,0.015073,0.0
0.023522,0.039738,0.0
0.050931,0.012738,0.0
0.024985,0.032876,0.0
0.029727,0.016174,0.0
-0.003475,0.042916,0.0
0.022771,0.00932,0.0
-0.012497,0.000118,0.0
-0.051615,0.002618,0.0
-0.019949,0.028473,0.0
-0.027985,0.0235,0.0
0.028559,0.025176,0.0
0.006324,0.007566,0.0
0.033375,0.023704,0.0
0.02641,0.012218,0.0
-0.006908,0.021353,0.0
0.016041,0.044999,0.0
-0.003791,0.00166,0.0
0.001125,0.048605,0.0
0.037147,0.032434,0.0
0.022695,0.028629,0.0
-0.018797,0.029423,0.0
0.020596,0.030644,0.0
-0.044665,0.00497,0.0
0.012844,0.038533,0.0
0.02938,0.00391,0.0
0.040014,0.021365,0.0
0.005266,0.039418,0.0
0.045955,0.008106,0.0
0.007901,0.046288,0.0
0.04575,0.024177,0.0
0.032965,0.006839,0.0
0.02738,0.043861,0.0
-0.015022,0.032698,0.0
0.024632,0.02099,0.0
-0.004668,0.033452,0.0
-0.001015,0.04648,0.0
-0.038532,0.018005,0.0
0.063373,0.006198,0.0
-0.047298,0.007837,0.0
0.048801,0.014791,0.0
0.017987,0.014684,0.0
0.022362,0.020875,0.0
0.022147,0.013878,0.0
0.009393,0.00776,0.0
0.061096,0.011372,0.0
-0.001726,0.025778,0.0
-0.003227,0.006547,0.0
0.013483,0.033395,0.0
0.044543,0.024243,0.0
0.022821,0.047305,0.0
-0.065147,0.002896,0.0
0.040531,0.023579,0.0
0.047024,0.007813,0.0
0.049629,0.01477,0.0
0.028187,0.018925,0.0
0.05374,0.011109,0.0
0.006575,0.02956,0.0
0.008778,0.011649,0.0
-0.048396,0.008826,0.0
0.031286,0.036617,0.0
-0.001017,0.021776,0.0
0.005345,0.008773,0.0
-0.004681,0.003475,0.0
-0.032431,0.018589,0.0
-0.04501,0.016501,0.0
-0.016945,0.020748,0.0
0.060593,0.007609,0.0
-0.038002,0.01288,0.0
-0.045471,0.002471,0.0
0.027674,0.035724,0.0
0.002643,0.046796,0.0
-0.042908,0.017929,0.0
0.012578,0.007183,0.0
-0.024584,0.020783,0.0
-0.008439,0.024519,0.0
-0.014181,0.030478,0.0
0.056681,0.011475,0.0
0.049241,0.019335,0.0
0.034558,0.006867,0.0
0.004516,0.047725,0.0
0.020152,0.025967,0.0
0.004916,0.013991,0.0
0.050536,0.000465,0.0
-0.055207,0.007818,0.0
-0.001625,0.005643,0.0
-0.00035,0.019258,0.0
0.02506,0.01382,0.0
0.031485,0.000512,0.0
0.000673,0.039701,0.0
0.005731,0.008756,0.0
0.023062,0.036191,0.0
0.048952,0.023265,0.0
-0.045898,0.004101,0.0
0.065975,0.007169,0.0
0.053613,0.009458,0.0
-0.050243,0.007886,0.0
-0.017352,0.020045,0.0
-0.024286,0.028184,0.0
0.048355,0.007692,0.0
0.030201,0.013085,0.0
-0.019112,0.014852,0.0
-0.018395,0.012931,0.0
-0.023099,0.023507,0.0
0.040425,0.006292,0.0
0.027131,0.006878,0.0
-0.006988,0.005556,0.0
-0.026528,0.01214,0.0
0.021906,0.022097,0.0
-0.064009,0.003331,0.0
-0.001003,0.026267,0.0
0.011971,0.045311,0.0
0.010544,0.039532,0.0
0.007119,0.048142,0.0
0.034484,0.033975,0.0
0.006085,0.031454,0.0
0.007458,0.026223,0.0
0.025149,0.00932,0.0
0.04092,0.014057,0.0
0.053375,0.014918,0.0
0.010651,0.026138,0.0
-0.036978,0.013029,0.0
0.02968,0.026082,0.0
-0.00208,0.030969,0.0
0.009088,0.036751,0.0
-0.020359,0.001658,0.0
0.023818,0.006729,0.0
0.025019,0.029474,0.0
0.007903,0.050339,0.0
0.005935,0.037995,0.0
-0.007605,0.018109,0.0
0.038653,0.007138,0.0
0.047544,0.017084,0.0
0.007191,0.047166,0.0
0.024456,0.031615,0.0
0.050261,0.009295,0.0
-0.011658,0.006273,0.0
0.014726,0.018036,0.0
0.064508,0.006746,0.0
0.031553,0.017651,0.0
-0.024595,0.011704,0.0
-0.018536,0.004005,0.0
-0.001421,0.030596,0.0
-0.048584,0.013493,0.0
0.011052,0.027598,0.0
0.017475,0.034384,0.0
0.041127,0.017233,0.0
-0.018422,0.034382,0.0
0.001219,0.024709,0.0
-0.019937,0.000718,0.0
-0.022955,0.007103,0.0
0.027419,0.006109,0.0
-0.011009,0.018833,0.0
-0.004006,0.038356,0.0
-0.022244,0.012421,0.0
-0.054824,0.008447,0.0
-0.015512,0.029529,0.0
0.001058,0.020924,0.0
-0.025141,0.022403,0.0
0.03558,0.031913,0.0
0.017984,0.040405,0.0
0.029989,0.036016,0.0
0.064017,0.000713,0.0
-0.023625,0.032215,0.0
0.005733,0.001283,0.0
0.033312,0.028893,0.0
-0.001439,0.009426,0.0
0.010865,0.015696,0.0
0.006459,0.015925,0.0
-0.018902,0.00037,0.0
0.028071,0.007355,0.0
0.018118,0.036305,0.0
0.042677,0.012925,0.0
0.05633,0.002727,0.0
0.01642,0.036958,0.0
-0.00623,0.025299,0.0
0.016084,0.051698,0.0
0.048555,0.01165,0.0
-0.011636,0.026352,0.0
-0.024446,0.008368,0.0
-0.012035,0.033265,0.0
0.050453,0.021477,0.0
0.019621,0.005611,0.0
0.04261,0.002473,0.0
-0.050544,0.01127,0.0
-0.050024,0.01144,0.0
0.071703,0.001268,0.0
0.037699,0.007486,0.0
-0.014725,0.018625,0.0
0.0211,0.006201,0.0
-0.023917,0.004842,0.0
-0.039004,0.008733,0.0
0.05545,0.01373,0.0
0.026533,0.010532,0.0
0.009558,0.002108,0.0
-0.045743,0.017184,0.0
0.014682,0.036877,0.0
0.020627,0.007282,0.0
-0.00635,0.000466,0.0
0.015467,0.0348,0.0
0.008812,0.038561,0.0
0.015749,0.020659,0.0
0.021191,0.011899,0.0
0.032581,0.031002,0.0
0.062421,0.010383,0.0
-0.00858,0.044118,0.0
0.008142,0.017738,0.0
0.047532,0.004901,0.0
-0.010804,0.043328,0.0
-0.035143,0.012024,0.0
-0.006472,0.021069,0.0
-0.013575,0.023816,0.0
0.021235,0.042406,0.0
0.036719,0.011313,0.0
-0.013051,0.033019,0.0
-0.026239,0.011784,0.0
-0.003958,0.005261,0.0
-0.030886,0.025328,0.0
-0.047083,0.001332,0.0
0.019291,0.020246,0.0
0.047524,0.024547,0.0
0.033831,0.011197,0.0
-0.003494,0.019838,0.0
-0.032007,0.016831,0.0
0.0368,0.016187,0.0
0.054879,0.017898,0.0
0.031239,0.003841,0.0
-0.049913,0.006928,0.0
0.005413,0.017405,0.0
-0.00251,0.010943,0.0
0.040231,0.002909,0.0
0.060522,0.012354,0.0
0.003768,0.001803,0.0
-0.055091,0.005162,0.0
0.02129,0.008346,0.0
0.020805,0.030474,0.0
-0.017093,0.024856,0.0
-0.028818,0.002722,0.0
0.007254,0.007064,0.0
0.023854,0.000931,0.0
0.006535,0.030147,0.0
-0.044377,0.020994,0.0
0.036324,0.004118,0.0
-0.006493,0.018404,0.0
0.024411,0.018581,0.0
-0.041065,0.013049,0.0
-0.035434,0.015751,0.0
-0.059428,0.004866,0.0
0.017026,0.030651,0.0
0.035005,0.014802,0.0
0.021053,0.037816,0.0
0.006281,0.050914,0.0
0.00247,0.048348,0.0
0.017769,0.007074,0.0
0.04275,0.019424,0.0
0.029112,0.038064,0.0
-0.000848,0.028956,0.0
-0.051002,0.002128,0.0
-0.000764,0.049478,0.0
-0.03809,0.018204,0.0
-0.049304,0.003833,0.0
-0.000297,0.011187,0.0
0.020957,0.024026,0.0
0.046121,0.018524,0.0
-0.018539,0.023903,0.0
0.006033,0.040076,0.0
-0.021513,0.032815,0.0
-0.045486,0.016759,0.0
-0.026913,0.025849,0.0
0.028314,0.019941,0.0
0.025681,0.00926,0.0
0.006946,0.014343,0.0
-0.045786,0.015911,0.0
0.031831,0.009354,0.0
0.044592,0.020357,0.0
-0.030915,0.025364,0.0
-0.019632,0.01134,0.0
-0.00288,0.033757,0.0
0.01453,0.047309,0.0
-0.025024,0.027777,0.0
-0.003395,0.045394,0.0
0.001627,0.021756,0.0
0.011073,0.001512,0.0
-0.00262,0.001666,0.0
-0.060063,0.004221,0.0
0.003456,0.044396,0.0
0.00484,0.012086,0.0
0.029201,0.035498,0.0
-0.017121,0.013528,0.0
-0.006006,0.019724,0.0
-0.021304,0.036109,0.0
-0.022576,0.031271,0.0
0.025045,0.00228,0.0
-0.014291,0.005718,0.0
-0.022923,0.03308,0.0
-0.013463,0.024077,0.0
0.069327,0.001105,0.0
-0.017052,0.015733,0.0
0.020048,0.023021,0.0
0.036228,0.009279,0.0
-0.006279,0.035331,0.0
0.022633,0.045446,0.0
0.001833,0.018421,0.0
-0.039861,0.004867,0.0
-0.026795,0.014332,0.0
-0.037816,0.013712,0.0
-0.00064,0.036496,0.0
0.01788,0.031928,0.0
-0.019268,0.007071,0.0
0.027927,0.030944,0.0
-0.023319,0.030141,0.0
0.008881,0.024858,0.0
-0.05121,0.009615,0.0
0.023927,0.039705,0.0
0.003305,0.025225,0.0
0.040341,0.028172,0.0
0.06173,0.010166,0.0
-0.010602,0.012895,0.0
-0.012823,0.029752,0.0
-0.013379,0.016963,0.0
0.017867,0.000414,0.0
0.000623,0.018089,0.0
-0.016552,0.037689,0.0
0.020083,0.008291,0.0
0.005412,0.000513,0.0
0.029173,0.010995,0.0
-0.038385,0.003945,0.0
-0.031256,0.023067,0.0
-0.050641,0.003367,0.0
-0.024677,0.02868,0.0
0.059878,0.010935,0.0
0.04268,0.021273,0.0
0.033289,0.020719,0.0
0.005274,0.007247,0.0
0.004708,0.039266,0.0
-0.00573,0.034776,0.0
0.004049,0.035787,0.0
0.022481,0.02399,0.0
0.005105,0.040117,0.0
-0.001901,0.012029,0.0
0.052212,0.003823,0.0
0.03202,0.003165,0.0
0.010444,0.049671,0.0
0.037441,0.032643,0.0
-0.044938,0.004866,0.0
0.043209,0.01059,0.0
0.005639,0.012321,0.0
0.034327,0.021,0.0
-0.034304,0.013602,0.0
-0.020647,0.020006,0.0
-0.035218,0.000289,0.0
0.070487,0.004032,0.0
-0.007192,0.020114,0.0
0.04938,0.015922,0.0
0.035803,0.005026,0.0
0.024788,0.001499,0.0
-0.046345,0.019127,0.0
0.005474,0.040607,0.0
0.040789,0.001756,0.0
-0.006758,0.041047,0.0
0.018378,0.050567,0.0
-0.01464,0.025002,0.0
-0.05554,0.00178,0.0
0.007879,0.036886,0.0
0.02973,0.000966,0.0
0.019917,0.019764,0.0
-0.051545,0.009164,0.0
-0.012774,0.026808,0.0
0.031268,0.02529,0.0
0.044515,0.000391,0.0
0.031296,0.009928,0.0
-0.068617,0.00151,0.0
-0.019855,0.036607,0.0
0.004403,0.037291,0.0
0.027287,0.04135,0.0
0.048011,0.011054,0.0
0.036985,0.030379,0.0
0.028528,0.040298,0.0
0.01681,0.006048,0.0
-0.002435,0.051527,0.0
0.029387,0.033239,0.0
0.037568,0.023349,0.0
-0.022717,0.006744,0.0
-0.006207,0.03558,0.0
0.052072,0.004619,0.0
0.005745,0.046365,0.0
0.008535,0.027575,0.0
-0.02995,0.010211,0.0
0.0031,0.032856,0.0
0.018856,0.016161,0.0
-0.001433,0.047352,0.0
0.024276,0.011705,0.0
0.017779,0.045083,0.0
0.044595,0.001818,0.0
0.039815,0.003403,0.0
-0.05881,0.0001,0.0
-0.00237,0.051023,0.0
-0.012628,0.023378,0.0
0.007607,0.001978,0.0
-0.039462,0.006034,0.0
-0.002479,0.013988,0.0
0.041286,0.019495,0.0
0.005925,0.040539,0.0
-0.049291,0.001023,0.0
0.011591,0.04309,0.0
0.003863,0.03325,0.0
-0.015928,0.041449,0.0
-0.02038,0.017487,0.0
0.034409,0.002796,0.0
0.051004,0.011226,0.0
0.003152,0.017077,0.0
0.016977,0.042811,0.0
-0.019064,0.004715,0.0
-0.040732,0.014381,0.0
-0.026237,0.002629,0.0
0.003512,0.020792,0.0
0.004072,0.019204,0.0
0.01203,0.046648,0.0
0.048157,0.016071,0.0
0.043471,0.008921,0.0
-0.053019,0.009445,0.0
0.05846,0.014942,0.0
0.053283,0.005787,0.0
-0.011626,0.011925,0.0
0.014039,0.036468,0.0
0.016923,0.048751,0.0
0.058271,0.008387,0.0
-0.009026,0.017709,0.0
0.043043,0.0168,0.0
-0.001944,0.037702,0.0
-0.011288,0.009219,0.0
0.052268,0.008909,0.0
0.024336,0.010641,0.0
-0.019256,0.018803,0.0
0.045119,0.00348,0.0
0.012335,0.015556,0.0
0.005601,0.015756,0.0
0.032401,0.031063,0.0
0.014971,0.015618,0.0
-0.028587,0.014335,0.0
0.042883,0.002771,0.0
0.021561,0.004547,0.0
-0.016206,0.00142,0.0
-0.009363,0.044451,0.0
0.007151,0.028931,0.0
0.066948,0.006539,0.0
0.030144,0.024682,0.0
-0.013661,0.007113,0.0
0.020941,0.026918,0.0
-0.025725,0.005598,0.0
0.009171,0.020885,0.0
-0.033676,0.014649,0.0
0.042891,0.009743,0.0
-0.06243,0.000766,0.0
-0.001589,0.020037,0.0
0.009071,0.001252,0.0
0.022152,0.025264,0.0
0.027199,0.006407,0.0
0.056705,0.01254,0.0
-0.008449,0.025601,0.0
-0.032992,0.003692,0.0
0.034897,0.029445,0.0
0.019549,0.044463,0.0
0.005231,0.051218,0.0
0.005504,0.032967,0.0
-0.020292,0.001821,0.0
0.029533,0.028625,0.0
0.005876,0.011397,0.0
-0.000631,0.031488,0.0
-0.031797,0.021461,0.0
-0.010923,0.013203,0.0
-0.005543,0.043428,0.0
0.021604,0.011246,0.0
-0.045866,0.017086,0.0
0.016685,0.049429,0.0
0.012941,0.027309,0.0
0.013743,0.033364,0.0
0.003913,0.015586,0.0
0.019723,0.03074,0.0
0.043047,0.018822,0.0
-0.008122,0.034376,0.0
-0.016169,0.019792,0.0
0.042337,0.011759,0.0
-0.011054,0.003433,0.0
-0.035848,0.021022,0.0
-0.055948,0.00481,0.0
-0.048393,0.014357,0.0
0.006475,0.051241,0.0
0.019117,0.02186,0.0
0.014961,0.022645,0.0
0.008426,0.040654,0.0
0.028405,0.043458,0.0
0.00548,0.011342,0.0
-0.048592,0.005568,0.0
0.04135,0.004244,0.0
-0.036954,0.004611,0.0
0.044852,0.025263,0.0
0.057675,0.01413,0.0
-0.004023,0.017326,0.0
0.039131,0.02013,0.0
0.008722,0.045608,0.0
0.050393,0.003493,0.0
0.011687,0.037161,0.0
-0.0313,0.020277,0.0
-0.005514,0.029553,0.0
-0.039829,0.010518,0.0
0.004288,0.048863,0.0
-0.028685,0.026778,0.0
0.004286,0.02539,0.0
-0.039277,0.011049,0.0
-0.024048,0.029196,0.0
-0.018514,0.018958,0.0
-0.011277,0.001873,0.0
-0.007625,0.035994,0.0
0.023046,0.044785,0.0
-0.052262,0.003668,0.0
-0.049327,0.00423,0.0
0.007778,0.051588,0.0
0.031685,0.035017,0.0
0.042966,0.02256,0.0
0.008376,0.020092,0.0
0.011995,0.010014,0.0
0.026338,0.017602,0.0
-0.00295,0.008874,0.0
0.024152,0.040371,0.0
0.012845,0.015244,0.0
0.005977,0.021573,0.0
0.03703,0.021453,0.0
0.0054,0.03122,0.0
0.012615,0.024999,0.0
0.002597,0.035488,0.0
-0.011,0.043202,0.0
-0.009869,0.040841,0.0
0.062251,0.006807,0.0
0.012723,0.009407,0.0
0.020378,0.04258,0.0
-0.006586,0.039312,0.0
0.040379,0.022331,0.0
0.030061,0.003468,0.0
0.023188,0.042263,0.0
0.022716,0.005702,0.0
0.04982,0.015148,0.0
0.047571,0.007028,0.0
-0.004699,0.012643,0.0
-0.00358,0.011959,0.0
-0.041519,0.00049,0.0
0.033774,0.007548,0.0
0.033585,0.006471,0.0
0.033875,0.01257,0.0
-0.007403,0.043371,0.0
0.010257,0.041591,0.0
0.054241,0.012308,0.0
-0.028521,0.002369,0.0
-0.017801,0.009816,0.0
0.054359,0.003512,0.0
0.018955,0.036466,0.0
-0.014939,0.029514,0.0
0.015047,0.031211,0.0
-0.016568,0.030555,0.0
-0.041541,0.012317,0.0
-0.028264,0.02735,0.0
-0.003923,0.043422,0.0
-0.034016,0.018467,0.0
0.044312,0.016346,0.0
0.012782,0.031735,0.0
-0.002199,0.015457,0.0
0.032984,0.011148,0.0
0.057043,0.006596,0.0
-0.003002,0.028452,0.0
-0.002607,0.020368,0.0
0.040761,0.025408,0.0
0.050379,0.021817,0.0
0.040192,0.023001,0.0
0.009844,0.011114,0.0
0.013341,0.015127,0.0
-0.007872,0.01223,0.0
-0.008498,0.00871,0.0
0.001731,0.049424,0.0
-0.004415,0.047406,0.0
-0.030169,0.01616,0.0
0.027934,0.004246,0.0
0.048442,0.016512,0.0
0.015983,0.040076,0.0
0.010572,0.000285,0.0
-0.02041,0.025016,0.0
0.011391,0.035386,0.0
-0.014093,0.026347,0.0
-0.009349,0.020984,0.0
-0.023013,0.030853,0.0
-0.046854,0.017529,0.0
0.015515,0.030402,0.0
0.012752,0.008641,0.0
0.038483,0.019972,0.0
0.017125,0.024273,0.0
0.017851,0.006439,0.0
-0.003206,0.034139,0.0
0.041177,0.026572,0.0
0.000143,0.022723,0.0
0.02667,0.006935,0.0
0.063707,0.010173,0.0
0.039136,0.028059,0.0
0.024025,0.020616,0.0
-0.013722,0.016836,0.0
0.002735,0.029719,0.0
-0.01858,0.007052,0.0
0.014067,0.037002,0.0
0.029679,0.014209,0.0
-0.009076,0.036653,0.0
-0.053847,0.0002,0.0
0.044412,0.022382,0.0
0.002343,0.015797,0.0
0.050927,0.012309,0.0
-0.039386,0.009073,0.0
0.026127,0.008193,0.0
-0.055038,0.003985,0.0
0.034118,0.020453,0.0
0.024103,0.008876,0.0
0.031049,0.008118,0.0
-0.002893,0.01606,0.0
-0.04306,0.000698,0.0
-0.00019,0.018845,0.0
-0.015743,0.004034,0.0
-0.038606,0.007408,0.0
0.029882,0.023015,0.0
-0.045572,0.002012,0.0
-0.030085,0.020449,0.0
-0.026951,0.001965,0.0
-0.029008,0.006285,0.0
0.039676,0.030963,0.0
0.010516,0.027908,0.0
-0.024928,0.022555,0.0
-0.006223,0.019861,0.0
0.043508,0.01013,0.0
-0.00638,0.003837,0.0
0.00188,0.0503,0.0
-0.023173,0.014736,0.0
0.044259,0.010346,0.0
-0.039639,0.019124,0.0
-0.004802,0.036098,0.0
-0.040662,0.003564,0.0
-0.019399,0.010783,0.0
0.021345,0.046404,0.0
-0.001969,0.001898,0.0
0.053967,0.012233,0.0
0.005732,2e-05,0.0
-0.043845,0.010501,0.0
0.000589,0.034688,0.0
-0.036101,0.020987,0.0
0.055218,0.007731,0.0
0.020434,0.024783,0.0
0.004002,0.012472,0.0
0.028636,0.029222,0.0
-0.042053,0.013008,0.0
-0.01096,0.013499,0.0
0.042784,0.020953,0.0
-0.016372,0.034258,0.0
0.026714,0.010428,0.0
-0.029117,0.008189,0.0
0.009768,0.021449,0.0
0.028014,0.039821,0.0
0.056962,0.003819,0.0
0.035355,0.013863,0.0
0.008931,0.04374,0.0
0.036964,0.023659,0.0
0.013001,0.013728,0.0
-0.026316,0.026331,0.0
-0.008511,0.000641,0.0
0.026686,0.000649,0.0
0.004712,0.033308,0.0
-0.021143,0.027112,0.0
0.014402,0.027493,0.0
-0.004616,0.010934,0.0
0.010391,0.0209,0.0
-0.006653,0.014357,0.0
-0.05183,0.006031,0.0
0.064712,0.002445,0.0
0.011466,0.009956,0.0
0.008926,0.020376,0.0
0.022472,0.008883,0.0
-0.035179,0.006422,0.0
0.05756,0.001234,0.0
0.022698,0.037098,0.0
0.027864,0.027285,0.0
0.003563,0.000318,0.0
0.017221,0.041909,0.0
0.037496,0.032439,0.0
0.049433,0.007546,0.0
0.008397,0.014949,0.0
0.046275,0.013121,0.0
0.005362,0.040368,0.0
-0.003711,0.010184,0.0
-0.011014,0.028589,0.0
0.001477,0.038794,0.0
0.038994,0.017899,0.0
0.035164,0.011807,0.0
-0.003901,0.040822,0.0
0.060159,0.001811,0.0
0.032585,0.012109,0.0
-0.00234,0.034509,0.0
0.05391,0.017766,0.0
-0.000594,0.033379,0.0
-0.014522,0.035785,0.0
0.027899,0.022026,0.0
0.018236,0.049043,0.0
0.01713,0.008234,0.0
-0.039125,0.01194,0.0
0.031041,0.012193,0.0
0.022912,0.02971,0.0
0.053673,0.001748,0.0
0.011216,0.030552,0.0
-0.033066,0.009208,0.0
0.050147,0.015171,0.0
-0.027131,0.018236,0.0
0.00607,0.045975,0.0
0.046418,0.001928,0.0
0.033976,0.01116,0.0
0.026004,0.015674,0.0
0.033955,0.013084,0.0
-0.026448,0.020214,0.0
0.022617,0.026838,0.0
0.023316,0.016217,0.0
-0.039384,0.007156,0.0
-0.027871,0.010582,0.0
0.046229,0.010776,0.0
0.04739,0.005477,0.0
0.03392,0.02175,0.0
0.071785,0.000716,0.0
0.015105,0.047912,0.0
-0.000929,0.042883,0.0
-0.041934,0.000869,0.0
-0.02015,0.021996,0.0
0.054811,0.003907,0.0
0.015253,0.029657,0.0
0.030455,0.031753,0.0
0.018904,0.02943,0.0
-0.054887,0.006486,0.0
-0.019954,0.003754,0.0
-0.051914,0.0103,0.0
0.043171,0.011863,0.0
0.002054,0.02383,0.0
-0.026465,0.016412,0.0
0.051177,0.008114,0.0
-0.027615,0.021562,0.0
-0.02828,0.027199,0.0
-0.010716,0.014598,0.0
0.013935,0.001139,0.0
0.031128,0.003008,0.0
0.024967,0.005284,0.0
-0.023971,0.014447,0.0
0.013257,0.013302,0.0
-0.00918,0.020952,0.0
0.04181,0.00475,0.0
-0.006957,0.045447,0.0
0.047716,0.017531,0.0
0.046111,0.016372,0.0
0.004688,0.007099,0.0
-0.023727,0.003812,0.0
-0.002836,0.017551,0.0
0.0122,0.050254,0.0
0.000672,0.02865,0.0
-0.041409,0.003435,0.0
0.05467,0.006591,0.0
0.002514,0.017566,0.0
0.045179,0.013719,0.0
0.020682,0.022723,0.0
-0.022736,0.027616,0.0
0.010465,0.000817,0.0
0.010507,0.017618,0.0
0.01096,0.038734,0.0
-0.036843,0.00413,0.0
0.032206,0.021044,0.0
0.050416,0.009467,0.0
-0.015624,0.030294,0.0
0.025873,0.018411,0.0
0.006824,0.048805,0.0
0.029411,0.041061,0.0
-0.026977,0.015849,0.0
0.040768,0.00656,0.0
0.000543,0.039361,0.0
0.018376,0.018681,0.0
-0.00952,0.037087,0.0
-0.0523,0.00922,0.0
0.054124,0.01596,0.0
0.059177,0.007902,0.0
0.040227,0.013027,0.0
0.015703,0.0059,0.0
0.070153,0.0009,0.0
-0.002563,0.05004,0.0
-0.023354,0.011173,0.0
-0.005427,0.01606,0.0
-0.02234,0.015258,0.0
-0.058463,0.000368,0.0
-5e-06,0.033017,0.0
-0.047964,0.016026,0.0
0.01247,0.005134,0.0
0.031133,0.038265,0.0
0.023679,0.04081,0.0
0.039183,0.024477,0.0
-0.019373,0.021518,0.0
0.015855,0.001913,0.0
0.024165,0.020695,0.0
-0.024106,0.029034,0.0
0.021396,0.017724,0.0
-0.015751,0.027579,0.0
-0.042243,0.006922,0.0
-0.043441,0.017181,0.0
0.029577,0.020882,0.0
0.015584,0.048385,0.0
-0.014061,0.038537,0.0
0.003276,0.000997,0.0
0.018445,0.012427,0.0
0.017709,0.038511,0.0
0.046842,0.002041,0.0
0.017076,0.031413,0.0
0.039306,0.003483,0.0
0.041471,0.005828,0.0
-0.010561,0.007132,0.0
-0.053866,0.00127,0.0
0.005993,0.024365,0.0
0.002622,0.004816,0.0
-0.055675,0.00246,0.0
-0.024861,0.027076,0.0
0.045741,0.019112,0.0
0.039507,0.003615,0.0
-0.022433,0.024365,0.0
0.057056,0.008377,0.0
-0.037283,0.013922,0.0
-0.049915,0.005165,0.0
-0.038657,0.014458,0.0
0.059667,0.007,0.0
0.0244,0.013458,0.0
0.045451,0.013301,0.0
0.028207,0.014137,0.0
-0.057276,0.005253,0.0
-0.056856,0.00224,0.0
0.057674,0.012013,0.0
0.032377,0.037878,0.0
-0.032584,0.01896,0.0
0.025568,0.041264,0.0
0.059248,0.007309,0.0
-0.000962,0.049453,0.0
0.039488,0.003816,0.0
0.019949,0.001993,0.0
0.021854,0.005095,0.0
0.044717,0.024051,0.0
-0.041039,0.008204,0.0
0.029172,0.031995,0.0
-0.021336,0.013201,0.0
-0.018521,0.026779,0.0
0.04293,0.009925,0.0
-0.012986,0.011097,0.0
-0.006006,0.009877,0.0
-0.031435,0.022034,0.0
0.002935,0.049454,0.0
0.032374,0.030646,0.0
-0.018436,0.038279,0.0
-0.01134,0.025379,0.0
-0.004916,0.039625,0.0
0.027916,0.005099,0.0
0.024682,0.006682,0.0
-0.010376,0.027647,0.0
-0.002401,0.003794,0.0
-0.046774,0.011873,0.0
-0.000486,0.017852,0.0
0.022144,0.023049,0.0
0.019256,0.042842,0.0
-0.014409,0.017622,0.0
-0.026436,0.006631,0.0
-0.014601,0.003275,0.0
-0.047249,0.008236,0.0
-0.05016,0.006646,0.0
-0.008497,0.020797,0.0
-0.018046,0.000491,0.0
-0.026738,0.008714,0.0
0.018466,0.017025,0.0
0.006303,0.003529,0.0
-0.040819,0.001723,0.0
-0.021536,0.025127,0.0
-0.028152,0.010842,0.0
0.04891,0.012593,0.0
-0.038246,0.014259,0.0
-0.012891,0.008474,0.0
6.8e-05,0.006495,0.0
-0.018536,0.019227,0.0
0.009284,0.026906,0.0
-0.023261,0.012595,0.0
0.018581,0.036003,0.0
0.052222,0.013857,0.0
-0.003322,0.0358,0.0
0.028941,0.026908,0.0
-0.010827,0.021856,0.0
-0.010611,0.000899,0.0
0.020273,0.045253,0.0
-0.004115,0.00876,0.0
-0.003554,0.048225,0.0
-0.011346,0.036909,0.0
-0.05897,0.005169,0.0
0.015052,0.005914,0.0
0.049165,0.015251,0.0
0.038433,0.008216,0.0
0.027486,0.038655,0.0
-0.011276,0.000431,0.0
-0.039195,0.016399,0.0
-0.022579,0.01134,0.0
0.005818,0.009158,0.0
0.032703,0.012123,0.0
0.007954,0.002684,0.0
0.009302,0.024173,0.0
0.047219,0.023512,0.0
0.018926,0.006908,0.0
0.012408,0.035779,0.0
0.038009,0.024417,0.0
0.05267,0.003113,0.0
0.021953,0.042191,0.0
-0.018198,0.023772,0.0
0.070509,0.000936,0.0
0.047008,0.003891,0.0
-0.01275,0.036853,0.0
0.01786,0.021777,0.0
0.044705,0.022621,0.0
-0.019606,0.012674,0.0
-0.030114,0.001313,0.0
0.053208,0.007964,0.0
-0.043587,0.01613,0.0
0.042599,0.023609,0.0
0.040603,0.016991,0.0
-0.011844,0.029448,0.0
-0.019462,0.014976,0.0
0.057795,0.006654,0.0
0.05851,0.004364,0.0
0.049037,0.00589,0.0
0.042388,0.005015,0.0
0.013527,0.044662,0.0
-0.021219,0.021891,0.0
0.051704,0.007539,0.0
-0.00357,0.028678,0.0
0.024086,0.016503,0.0
-0.057416,0.005804,0.0
0.024243,0.021066,0.0
0.064181,0.00172,0.0
0.046255,0.017412,0.0
0.065703,0.005074,0.0
0.01514,0.022829,0.0
-0.013638,0.013327,0.0
0.009262,0.00266,0.0
0.06565,0.003042,0.0
-0.024599,0.016571,0.0
-0.040765,0.016503,0.0
-0.035004,0.000746,0.0
0.009295,0.010864,0.0
-0.010856,0.031721,0.0
-0.013519,0.029601,0.0
-0.047217,0.0021,0.0
0.016357,0.002023,0.0
0.004526,0.034371,0.0
0.005293,0.023024,0.0
-0.021362,0.035454,0.0
0.020844,0.040804,0.0
-0.027843,0.018499,0.0
0.057579,0.001744,0.0
-0.069719,0.001244,0.0
-0.008702,0.035839,0.0
-0.032198,0.022631,0.0
0.001859,0.01793,0.0
0.033578,0.015329,0.0
-0.025217,0.000255,0.0
-0.037078,0.002425,0.0
0.018046,0.033031,0.0
0.034237,0.00621,0.0
-0.001457,0.012592,0.0
-0.013148,0.025063,0.0
-0.013066,0.020997,0.0
-0.016843,0.017523,0.0
0.004388,0.028833,0.0
0.001081,0.037397,0.0
0.050791,0.011513,0.0
0.005647,0.049248,0.0
-0.003418,0.041477,0.0
0.029723,0.034566,0.0
-0.005138,0.042549,0.0
-0.030543,0.010878,0.0
-0.01443,0.037304,0.0
0.035402,0.001459,0.0
0.007479,0.007561,0.0
-0.019349,0.017007,0.0
-0.001366,0.027412,0.0
-0.007473,0.008838,0.0
0.035901,0.024709,0.0
0.040112,0.028473,0.0
-0.017842,0.000666,0.0
9.1e-05,0.000566,0.0
-0.043592,0.012519,0.0
0.038064,0.028875,0.0
-0.001663,0.001503,0.0
-0.041221,0.006567,0.0
-0.017797,0.023034,0.0
-0.046476,0.018135,0.0
0.032622,0.031823,0.0
0.04284,0.007218,0.0
0.006613,0.020883,0.0
-0.034538,0.020308,0.0
0.030295,0.010947,0.0
0.023072,0.013579,0.0
-0.044418,0.005211,0.0
0.061383,0.007147,0.0
0.001192,0.014221,0.0
-0.042482,0.013998,0.0
0.020828,0.00137,0.0
0.046168,0.019904,0.0
0.039169,0.016958,0.0
-0.011046,0.04302,0.0
0.015273,0.033803,0.0
-0.008596,0.040157,0.0
0.02087,2e-06,0.0
-0.056449,0.002422,0.0
0.005754,0.025873,0.0
-0.015757,0.000581,0.0
0.018342,0.02153,0.0
-0.046801,0.010089,0.0
-0.008315,0.037686,0.0
0.005034,0.049696,0.0
-0.025653,0.00222,0.0
-0.001364,0.041961,0.0
0.04082,0.021825,0.0
-0.002747,0.002002,0.0
0.004377,0.02054,0.0
0.010675,0.014416,0.0
-0.004597,0.021283,0.0
-0.009412,0.021835,0.0
0.019061,0.007837,0.0
-0.005238,0.046515,0.0
-0.007057,0.028098,0.0
-0.043844,0.002168,0.0
0.011229,0.038673,0.0
-0.046632,0.004236,0.0
-0.033787,0.004967,0.0
-0.033259,0.018284,0.0
-0.003794,0.04763,0.0
0.023659,0.034808,0.0
0.006133,0.042477,0.0
-0.032522,0.005625,0.0
0.021898,0.00836,0.0
-0.042936,0.010605,0.0
-0.043054,0.011869,0.0
0.009943,0.033908,0.0
-0.022529,0.03247,0.0
0.045733,0.008505,0.0
0.033607,0.028386,0.0
0.058844,0.001059,0.0
-0.0282,0.004323,0.0
-0.005248,0.031134,0.0
0.028057,0.038821,0.0
-0.050414,0.008913,0.0
-0.001383,0.014993,0.0
0.037812,0.015905,0.0
-0.020646,0.007016,0.0
0.025901,0.030514,0.0
0.021786,0.042676,0.0
0.027608,0.025251,0.0
0.03758,0.03276,0.0
0.016619,0.039055,0.0
-0.054372,0.002495,0.0
-0.031482,0.019525,0.0
-0.023794,0.027726,0.0
0.017743,0.002784,0.0
0.029263,0.034772,0.0
0.008258,0.012937,0.0
-0.040717,0.007658,0.0
-0.005621,0.004715,0.0
-0.003058,0.015805,0.0
0.006598,0.020733,0.0
-0.002168,0.045824,0.0
0.005927,0.045733,0.0
0.029572,0.020328,0.0
0.064772,0.00882,0.0
-0.050175,0.003863,0.0
-0.022492,0.006396,0.0
-0.026143,0.021798,0.0
0.008854,0.038203,0.0
0.028543,0.022768,0.0
0.024477,0.032919,0.0
0.03378,0.003746,0.0
-0.001182,0.044284,0.0
0.014786,0.03193,0.0
-0.032934,0.011099,0.0
-0.048117,0.01228,0.0
0.033922,0.019929,0.0
-0.003408,0.037761,0.0
-0.009758,0.012901,0.0
0.034391,0.037681,0.0
-0.023523,0.024442,0.0
-0.01029,0.041497,0.0
0.006035,0.005954,0.0
-0.022332,0.022429,0.0
0.009653,0.039846,0.0
0.006986,0.006815,0.0
0.014665,0.017987,0.0
-0.03546,0.006388,0.0
0.019245,0.008526,0.0
0.01303,0.033803,0.0
0.031871,0.003573,0.0
-0.014135,0.019991,0.0
0.005684,0.01464,0.0
-0.012944,0.009616,0.0
-0.016665,0.008755,0.0
0.007907,0.011217,0.0
0.004376,0.025883,0.0
-0.044512,0.004998,0.0
0.007286,0.048033,0.0
-0.022388,0.02669,0.0
0.03293,0.018031,0.0
0.02116,0.026804,0.0
-0.009623,0.020853,0.0
-0.021763,0.028226,0.0
-0.03166,0.009267,0.0
0.049955,0.00443,0.0
0.007753,0.046251,0.0
0.024542,0.001497,0.0
0.000388,0.026156,0.0
-0.006521,0.047435,0.0
0.046077,9e-05,0.0
0.018299,0.010897,0.0
-0.012508,0.022621,0.0
0.015444,0.050323,0.0
0.025674,0.003677,0.0
0.021036,0.030799,0.0
0.018644,0.021281,0.0
-0.020482,0.010467,0.0
0.017103,0.008904,0.0
-0.000536,0.029706,0.0
-0.038105,0.002829,0.0
0.017217,0.04613,0.0
0.032083,0.010186,0.0
-0.019036,0.02651,0.0
-0.048194,0.002309,0.0
0.065793,0.003926,0.0
-0.005386,0.043625,0.0
-0.00455,0.014152,0.0
-0.002777,0.005835,0.0
0.023114,0.027747,0.0
-0.020936,0.02487,0.0
-0.016388,0.023534,0.0
0.003419,0.025599,0.0
0.041322,0.013304,0.0
-0.001618,0.009909,0.0
-0.005513,0.037927,0.0
-0.036754,0.019965,0.0
-0.048855,0.001969,0.0
-0.000822,0.035309,0.0
0.041615,0.013026,0.0
0.05801,0.003056,0.0
0.020057,0.019077,0.0
0.023549,0.023046,0.0
0.00579,0.0187,0.0
0.02576,0.024151,0.0
-0.013953,0.006852,0.0
0.01088,0.04261,0.0
-0.010394,0.009868,0.0
-0.010081,0.003047,0.0
0.017594,0.022631,0.0
0.029047,0.001472,0.0
-0.011655,0.021975,0.0
0.004896,0.032833,0.0
-0.017959,0.004595,0.0
0.017252,0.024979,0.0
-0.025771,0.000878,0.0
-0.037218,0.000976,0.0
0.011075,0.015985,0.0
0.050834,0.002843,0.0
-0.015238,0.028095,0.0
0.036416,0.010851,0.0
-0.047638,0.00722,0.0
0.002485,0.028732,0.0
-0.000338,0.021128,0.0
-0.009281,0.005826,0.0
0.020295,0.00716,0.0
0.020806,0.007722,0.0
0.048503,0.016339,0.0
0.056001,0.012275,0.0
0.006203,0.038659,0.0
-0.052311,0.002289,0.0
-0.00403,0.045627,0.0
-0.05635,0.006417,0.0
-0.010039,0.02922,0.0
0.003955,0.030196,0.0
-0.012146,0.0016,0.0
-0.01021,0.019695,0.0
0.006178,0.037062,0.0
-0.021846,0.006295,0.0
0.032647,0.00714,0.0
0.028658,0.00162,0.0
-0.004688,0.045633,0.0
0.018727,0.046901,0.0
0.007705,0.000155,0.0
-0.029279,0.018226,0.0
0.02426,0.033629,0.0
0.042709,0.016279,0.0
0.037038,0.012125,0.0
-0.038755,0.010012,0.0
0.056867,0.000935,0.0
-0.047172,0.015638,0.0
0.028097,0.042361,0.0
-0.001433,0.026674,0.0
0.064788,0.00344,0.0
-0.02517,0.010291,0.0
0.013053,0.0211,0.0
0.053797,0.009718,0.0
-0.002113,0.050589,0.0
-0.04701,0.01588,0.0
0.037693,0.027202,0.0
0.015904,0.00973,0.0
0.010913,0.011088,0.0
0.036888,0.008778,0.0
0.002435,0.027026,0.0
0.002724,0.030224,0.0
0.004391,0.050368,0.0
-0.00606,0.020541,0.0
0.052065,0.01409,0.0
0.04682,0.000235,0.0
-0.013803,0.019877,0.0
0.034219,0.034591,0.0
0.024818,0.001182,0.0
-0.049415,0.000107,0.0
0.03933,0.010767,0.0
-0.041203,0.012098,0.0
0.021601,0.02616,0.0
0.003299,0.038086,0.0
0.06496,0.008734,0.0
0.022311,0.045333,0.0
-0.025472,0.000225,0.0
0.027324,0.034767,0.0
-0.025071,0.025907,0.0
-0.024963,0.018727,0.0
-0.007566,0.003639,0.0
-0.000267,0.04275,0.0
0.023364,0.03513,0.0
0.034486,0.003284,0.0
0.016,0.00806,0.0
0.01317,0.024568,0.0
0.010346,0.027922,0.0
0.004659,0.019001,0.0
0.055772,0.010261,0.0
0.027895,0.036194,0.0
0.011836,0.010521,0.0
0.070997,0.003659,0.0
-0.059205,0.004158,0.0
-0.005695,0.024003,0.0
-0.024511,0.019986,0.0
-0.050242,0.007229,0.0
0.037554,0.002923,0.0
-0.000371,0.007964,0.0
0.016033,0.046451,0.0
-0.008573,0.011087,0.0
0.040077,0.016778,0.0
-0.025375,0.020743,0.0
-0.023782,0.015316,0.0
-0.03813,0.010312,0.0
0.044782,0.013571,0.0
-0.02841,0.017725,0.0
-0.017677,0.003798,0.0
-0.005602,0.038506,0.0
0.046306,0.005614,0.0
-0.022668,0.022615,0.0
-0.023909,0.018637,0.0
0.058261,0.000131,0.0
0.009528,0.021116,0.0
0.04358,0.004812,0.0
-0.038356,0.002726,0.0
0.03156,0.040402,0.0
0.017074,0.043138,0.0
-0.014869,0.037922,0.0
-0.007439,0.020783,0.0
-0.010064,0.038789,0.0
-0.024214,0.007688,0.0
0.029357,0.017373,0.0
0.044657,0.010798,0.0
0.004015,0.021748,0.0
0.032051,0.035822,0.0
-0.041859,0.01044,0.0
0.034507,0.019575,0.0
-0.01927,0.037203,0.0
0.054755,0.004256,0.0
0.005841,0.002786,0.0
0.028838,0.042103,0.0
-0.019229,0.036421,0.0
0.022745,0.02619,0.0
-0.020004,0.034459,0.0
-0.034475,0.011015,0.0
-0.013083,0.03291,0.0
-0.010273,0.004871,0.0
0.032733,0.02657,0.0
0.008911,0.031993,0.0
0.044551,0.00992,0.0
-0.009031,0.02441,0.0
0.000647,0.009545,0.0
0.013962,0.017706,0.0
-0.037246,0.006344,0.0
-0.01977,0.036729,0.0
0.058985,0.009216,0.0
0.003858,0.045818,0.0
0.02094,0.029198,0.0
-0.005959,0.037356,0.0
0.031779,0.011801,0.0
-0.015919,0.003299,0.0
0.063268,0.003213,0.0
-0.023259,0.033193,0.0
-0.034051,0.014344,0.0
0.002165,0.009322,0.0
0.012753,0.028324,0.0
0.042472,0.000432,0.0
0.054638,0.008831,0.0
0.033533,0.032907,0.0
0.026809,0.020869,0.0
0.002994,0.01201,0.0
-0.03608,0.010733,0.0
-0.011413,0.008212,0.0
0.035535,0.016365,0.0
0.02027,0.019898,0.0
0.009023,0.020297,0.0
-0.006864,0.017551,0.0
-0.028131,0.013184,0.0
-0.00722,0.023631,0.0
0.039588,0.018756,0.0
0.004086,0.017007,0.0
-0.003412,0.035473,0.0
-0.038337,0.00869,0.0
0.048782,0.017296,0.0
0.014824,0.005885,0.0
0.060305,0.002092,0.0
0.046218,0.014608,0.0
-0.027232,0.007141,0.0
-0.02512,0.016277,0.0
-0.042765,0.016793,0.0
-0.002296,0.03848,0.0
0.007371,0.01011,0.0
0.06388,0.003816,0.0
0.008986,0.031826,0.0
0.048556,0.015089,0.0
-0.038041,0.011058,0.0
0.031234,0.000658,0.0
0.021173,0.047471,0.0
0.004571,0.00537,0.0
-0.003976,0.048062,0.0
0.022629,0.018318,0.0
-0.006379,0.017852,0.0
-0.023863,0.02013,0.0
0.047866,0.004142,0.0
0.029309,0.008811,0.0
0.01833,0.029916,0.0
0.050144,0.018597,0.0
0.010328,0.049752,0.0
0.014328,0.025412,0.0
0.040336,0.02832,0.0
-0.018939,0.024349,0.0
0.050547,0.019739,0.0
-0.04138,0.019241,0.0
-0.059035,0.003204,0.0
0.048693,0.02273,0.0
0.002104,0.029054,0.0
0.01809,0.008394,0.0
-0.037882,0.001425,0.0
0.040951,0.026065,0.0
-0.009001,0.013145,0.0
0.027271,0.003898,0.0
0.038125,0.016208,0.0
0.020512,0.042128,0.0
0.020045,0.005014,0.0
-0.049429,0.015513,0.0
0.068686,0.002815,0.0
0.040027,0.027526,0.0
-0.048026,0.01151,0.0
0.014238,0.035756,0.0
0.052421,0.017623,0.0
0.00046,0.001971,0.0
0.01084,0.05167,0.0
0.019561,0.004122,0.0
0.035548,0.032911,0.0
-0.010355,0.002599,0.0
0.024546,0.041591,0.0
0.000171,0.035494,0.0
-0.045227,0.007485,0.0
-0.021263,0.00896,0.0
-0.001378,0.017787,0.0
0.002778,0.051084,0.0
-0.01321,0.011828,0.0
0.03197,0.025385,0.0
0.005133,0.010829,0.0
-0.032394,0.008774,0.0
0.026291,0.014945,0.0
0.039796,0.030971,0.0
0.011879,0.009407,0.0
0.043617,0.016966,0.0
-0.056835,0.000876,0.0
0.066958,0.00258,0.0
0.046352,0.014668,0.0
-0.052243,0.000687,0.0
-0.017276,0.020199,0.0
0.057239,0.015805,0.0
-0.034039,0.007423,0.0
0.018337,0.027496,0.0
0.023817,0.0219,0.0
0.036631,0.020691,0.0
-0.001516,0.008916,0.0
0.036274,0.032361,0.0
0.005609,0.02809,0.0
-0.024878,0.020742,0.0
0.040304,0.009066,0.0
0.067979,0.005643,0.0
-0.039211,0.017557,0.0
0.006599,0.017929,0.0
0.008341,0.021945,0.0
-0.012774,0.021092,0.0
0.003858,0.009833,0.0
-0.003767,0.002309,0.0
-0.019935,0.032573,0.0
-0.019173,0.031061,0.0
0.031372,0.016926,0.0
-0.013591,0.032077,0.0
-0.045414,0.000786,0.0
0.023828,0.031737,0.0
-0.028671,0.013255,0.0
-0.027281,0.017327,0.0
0.00173,0.017319,0.0
0.047384,0.021356,0.0
0.020975,0.019614,0.0
-0.044665,0.003773,0.0
-0.022823,0.008348,0.0
0.008447,0.008414,0.0
0.014877,0.014875,0.0
0.019577,0.022009,0.0
-0.043522,0.001883,0.0
0.000121,0.019293,0.0
0.001552,0.045525,0.0
0.01244,0.041929,0.0
-0.022733,0.028064,0.0
0.038791,0.030772,0.0
-0.00011,0.030876,0.0
0.005026,0.017352,0.0
-0.004258,0.004007,0.0
-0.030459,0.011963,0.0
0.010201,0.018877,0.0
-0.022969,0.000129,0.0
-0.008032,0.017273,0.0
0.033735,0.015312,0.0
0.028796,0.013287,0.0
-0.064363,0.002453,0.0
-0.021003,0.014171,0.0
-0.009945,0.039491,0.0
0.069391,0.003892,0.0
0.059207,0.005153,0.0
0.018726,0.019516,0.0
0.005219,0.02231,0.0
-0.015162,0.035927,0.0
0.016409,0.001582,0.0
0.039479,0.006371,0.0
0.048361,0.015907,0.0
0.024459,0.042254,0.0
0.000813,0.020628,0.0
0.042869,0.010378,0.0
-0.010308,0.017661,0.0
0.027299,0.026446,0.0
0.02277,0.043464,0.0
-0.032612,0.006233,0.0
0.001801,0.007567,0.0
0.030212,0.013192,0.0
0.024137,0.006991,0.0
-0.059442,0.003221,0.0
-0.027081,0.003475,0.0
0.041122,0.011549,0.0
0.037063,0.002725,0.0
-0.002117,0.024176,0.0
0.03374,0.015871,0.0
0.000346,0.013593,0.0
-0.049311,0.006342,0.0
0.000634,0.036605,0.0
-0.003365,0.002839,0.0
0.0292,0.040584,0.0
0.028996,0.027161,0.0
-0.013606,0.036291,0.0
-0.003107,0.035874,0.0
0.004774,0.001648,0.0
-0.018742,0.033737,0.0
-0.034342,0.020331,0.0
-0.007967,0.022415,0.0
0.018819,0.002719,0.0
-0.00571,0.003204,0.0
0.042914,0.011978,0.0
0.02106,0.023645,0.0
0.062819,0.008843,0.0
0.026792,0.034389,0.0
-0.041364,0.017082,0.0
-0.007075,0.043082,0.0
-0.00847,0.038401,0.0
-0.008577,0.036788,0.0
0.002147,0.01464,0.0
0.020506,0.010211,0.0
0.014029,0.029593,0.0
-0.006795,0.025563,0.0
0.007329,0.039654,0.0
0.05209,0.012104,0.0
0.029911,0.004281,0.0
-0.041216,0.003993,0.0
0.045111,0.008117,0.0
0.026071,0.024771,0.0
0.010743,0.050448,0.0
-0.014303,0.04061,0.0
-0.041518,0.000364,0.0
-0.024995,0.021068,0.0
0.040629,0.001203,0.0
-0.007863,0.005437,0.0
0.001223,0.037308,0.0
-0.010287,0.037415,0.0
0.000503,0.026992,0.0
0.015771,0.030144,0.0
0.020365,0.000651,0.0
0.036619,0.008311,0.0
-0.03338,0.008014,0.0
0.046643,0.009502,0.0
0.030352,0.04026,0.0
0.024441,0.015041,0.0
-0.051212,0.00438,0.0
0.014459,0.024511,0.0
-0.023249,0.009589,0.0
0.026681,0.03807,0.0
0.000917,0.034721,0.0
0.034574,0.031555,0.0
0.037902,0.028098,0.0
-0.016272,0.029984,0.0
-0.008618,0.014545,0.0
0.002126,0.014804,0.0
-0.015969,0.001292,0.0
0.047676,0.018278,0.0
0.00742,0.000485,0.0
0.008547,0.015034,0.0
-0.021173,0.013769,0.0
-0.048297,0.013231,0.0
0.033888,0.023152,0.0
0.017284,0.038289,0.0
0.035959,0.016625,0.0
-0.006747,0.030308,0.0
-0.02479,0.004622,0.0
0.045188,0.015734,0.0
0.028612,0.031211,0.0
0.007012,0.042671,0.0
0.041158,0.011641,0.0
0.023856,0.030649,0.0
0.013248,0.01871,0.0
-0.001949,0.016993,0.0
-0.019851,0.01336,0.0
-0.005123,0.024807,0.0
0.072489,0.000544,0.0
-0.055337,0.006354,0.0
0.02572,0.003465,0.0
0.02665,0.003685,0.0
0.017874,0.025998,0.0
-0.045742,0.018824,0.0
0.056267,0.000258,0.0
-0.028344,0.021535,0.0
-0.018724,0.019576,0.0
0.048873,0.012955,0.0
0.021874,0.047017,0.0
-0.017288,0.014986,0.0
0.060201,0.004085,0.0
-0.024118,0.031088,0.0
0.028837,0.027714,0.0
-0.009413,0.008412,0.0
0.034956,0.009904,0.0
-0.042843,0.002088,0.0
-0.022771,0.006387,0.0
-0.011601,0.023925,0.0
0.006448,0.03586,0.0
0.063462,0.001097,0.0
0.029506,0.001011,0.0
0.05136,0.020879,0.0
-0.001196,0.028514,0.0
0.028219,0.030913,0.0
-0.003669,0.039747,0.0
0.031909,0.014012,0.0
0.029991,0.033226,0.0
0.02311,0.033756,0.0
-0.037593,0.02092,0.0
-0.038832,0.000438,0.0
-0.012771,0.002995,0.0
0.039823,0.015947,0.0
0.031335,0.023778,0.0
0.012987,0.030851,0.0
-0.003179,0.0376,0.0
0.036758,0.025119,0.0
0.046462,0.005327,0.0
-0.042356,0.000715,0.0
-0.003603,0.001842,0.0
0.002461,0.039267,0.0
0.01586,0.028173,0.0
0.024115,0.015317,0.0
-0.020868,0.013757,0.0
0.005902,0.038092,0.0
0.03129,0.006283,0.0
0.028096,0.039947,0.0
0.008439,0.006574,0.0
-0.010368,0.021468,0.0
0.027072,0.014966,0.0
0.048532,0.022205,0.0
-0.028479,0.007253,0.0
0.031414,0.020651,0.0
-0.013085,0.018094,0.0
0.026305,0.001407,0.0
-0.010619,0.038745,0.0
0.050021,0.012365,0.0
0.035123,0.012358,0.0
0.001015,0.004022,0.0
0.038214,0.026679,0.0
-0.009539,0.016314,0.0
-0.011144,0.043062,0.0
-0.037419,0.007172,0.0
-0.033295,0.011118,0.0
0.027161,0.024435,0.0
-0.004057,0.043168,0.0
0.016561,0.032411,0.0
-0.008088,0.003771,0.0
0.011497,0.004489,0.0
0.032702,0.007327,0.0
0.017618,0.008076,0.0
0.024083,0.017249,0.0
-0.006375,0.027323,0.0
0.011866,0.027108,0.0
-0.040207,0.007694,0.0
-0.007899,0.029597,0.0
0.017062,0.00401,0.0
-0.035218,0.004661,0.0
-0.001929,0.035765,0.0
-0.050026,0.008175,0.0
0.058716,0.005409,0.0
0.004651,0.031915,0.0
-0.019165,0.028334,0.0
-0.021016,0.035174,0.0
0.034323,0.014669,0.0
-0.034398,0.011575,0.0
0.013751,0.014111,0.0
0.01104,0.047205,0.0
-0.042843,0.005539,0.0
-0.01215,0.025001,0.0
0.026678,0.003889,0.0
0.015639,0.017712,0.0
-0.003413,0.015418,0.0
0.002697,0.002013,0.0
0.002733,0.045283,0.0
-0.003096,0.02334,0.0
0.018867,0.038155,0.0
0.041683,0.028169,0.0
-0.023426,0.005747,0.0
-0.052987,0.009694,0.0
0.008767,0.050687,0.0
0.028936,0.007403,0.0
0.018416,0.039494,0.0
-0.006725,0.046223,0.0
0.036776,0.006543,0.0
-0.011725,0.010905,0.0
0.015083,0.008874,0.0
0.010602,0.022897,0.0
-0.005268,0.009038,0.0
-0.038558,0.003407,0.0
-0.008958,0.012961,0.0
0.013965,0.030864,0.0
-0.023033,0.0066,0.0
-0.010667,0.039611,0.0
-0.043656,0.019674,0.0
-0.003946,0.040516,0.0
0.014277,0.049389,0.0
-0.007883,0.003913,0.0
0.055875,0.017027,0.0
0.037842,0.033875,0.0
0.03968,0.014202,0.0
-0.057119,0.00383,0.0
-0.012009,0.040915,0.0
-0.022116,0.010249,0.0
0.06435,0.005034,0.0
0.005147,0.018654,0.0
0.011158,0.043374,0.0
-0.051028,0.006634,0.0
0.058958,0.006107,0.0
0.044008,0.003781,0.0
-0.028471,0.021562,0.0
0.011427,0.021757,0.0
-0.020429,0.027554,0.0
-0.064862,0.002472,0.0
0.050985,0.005392,0.0
0.02742,0.034705,0.0
0.014167,0.007015,0.0
0.011547,0.037317,0.0
-0.01008,0.023586,0.0
-0.037226,0.0109,0.0
0.06013,0.005326,0.0
-0.061893,0.001738,0.0
0.002212,0.047423,0.0
0.061932,0.00792,0.0
0.031785,0.018293,0.0
0.00953,0.043369,0.0
-0.028132,0.014193,0.0
-0.003343,0.005026,0.0
-0.025,0.007611,0.0
-0.035647,0.010779,0.0
-0.047779,0.014241,0.0
-0.005852,0.039533,0.0
0.041041,0.030445,0.0
0.005438,0.024497,0.0
0.035338,0.018473,0.0
0.009456,0.008019,0.0
0.039649,0.001661,0.0
-0.053284,0.004426,0.0
0.04214,0.01627,0.0
0.047809,0.014108,0.0
-0.001849,0.005507,0.0
0.028097,0.022527,0.0
0.04005,0.013682,0.0
0.046527,0.025482,0.0
0.045309,0.008717,0.0
0.017592,0.042036,0.0
0.066648,0.00175,0.0
0.042498,0.027298,0.0
0.015783,0.031397,0.0
0.04488,0.008343,0.0
0.04513,0.010445,0.0
0.055033,0.002509,0.0
-0.025151,0.024796,0.0
-0.001683,0.048364,0.0
0.02524,0.02866,0.0
0.029486,0.014736,0.0
0.016919,0.000649,0.0
-0.014579,0.040272,0.0
0.008241,0.006883,0.0
-0.004996,0.030067,0.0
-0.002083,0.004938,0.0
0.030159,0.0271,0.0
-0.008283,0.01402,0.0
-0.033354,0.017683,0.0
0.04009,0.005064,0.0
0.062311,0.003163,0.0
0.013182,0.037353,0.0
-0.022874,0.014656,0.0
-0.028589,0.019391,0.0
0.020109,0.030422,0.0
-0.023604,0.003567,0.0
0.000717,0.024696,0.0
-0.010222,0.045529,0.0
0.056941,0.014703,0.0
-0.044069,0.008383,0.0
-0.017834,0.032478,0.0
0.035411,0.005199,0.0
0.025405,0.045717,0.0
-0.044009,0.01358,0.0
0.006855,0.042772,0.0
0.037148,0.005824,0.0
-0.025275,0.017402,0.0
0.027862,0.007476,0.0
-0.029634,0.013456,0.0
-0.051516,0.006396,0.0
-0.034727,0.012827,0.0
-0.008354,0.031142,0.0
-0.008981,0.017845,0.0
-0.045399,0.014424,0.0
0.053337,0.003815,0.0
0.060864,0.006112,0.0
-0.011691,0.026127,0.0
0.029191,0.004403,0.0
0.026663,0.020056,0.0
-0.003557,0.042188,0.0
0.022642,0.016316,0.0
-0.022196,0.028646,0.0
0.005201,0.048823,0.0
-0.050308,0.009723,0.0
0.005562,0.034271,0.0
0.015934,0.012513,0.0
0.035807,0.012065,0.0
-0.040828,0.017837,0.0
0.022603,0.029143,0.0
0.065616,0.004844,0.0
-0.003184,0.025534,0.0
-0.007288,0.043082,0.0
-0.012149,0.016908,0.0
0.009075,0.038342,0.0
-0.024839,0.008211,0.0
0.006473,0.043597,0.0
0.049027,0.018053,0.0
-0.009012,0.00265,0.0
0.003751,0.01545,0.0
0.01604,0.005196,0.0
-0.00265,0.015399,0.0
-0.026392,0.005305,0.0
0.060104,0.013177,0.0
0.059764,0.006888,0.0
0.032459,0.038662,0.0
0.012002,0.007601,0.0
0.013517,0.018292,0.0
0.018383,0.035315,0.0
0.052943,0.013497,0.0
0.011886,0.041948,0.0
0.011904,0.041552,0.0
-0.009581,0.032293,0.0
-0.003119,0.034034,0.0
0.010535,0.032072,0.0
0.01577,0.020314,0.0
-0.019554,0.021708,0.0
0.001155,0.031009,0.0
0.003619,0.029892,0.0
0.009398,0.045132,0.0
-0.000658,0.025027,0.0
0.0223,0.033754,0.0
-0.001896,0.006082,0.0
0.06071,0.012014,0.0
-0.052222,0.00859,0.0
-0.024055,0.023595,0.0
0.006173,0.017348,0.0
-0.02118,0.009636,0.0
0.056802,0.011733,0.0
-0.032566,0.015901,0.0
0.03386,0.001207,0.0
0.027832,0.021698,0.0
0.01843,0.013195,0.0
-0.034512,0.014233,0.0
0.014113,0.02233,0.0
0.067732,0.004199,0.0
-0.046158,0.007594,0.0
0.039116,0.030311,0.0
0.020634,0.008631,0.0
-0.006796,0.015263,0.0
0.039889,0.008323,0.0
0.019982,0.044188,0.0
-0.009437,0.039495,0.0
-0.036947,0.005792,0.0
0.003356,0.041626,0.0
-0.043902,0.006481,0.0
0.001295,0.020885,0.0
-0.040512,0.015901,0.0
0.027719,0.017434,0.0
-0.037971,0.010246,0.0
0.027504,0.015753,0.0
0.020889,0.017855,0.0
0.008345,0.005026,0.0
0.027748,0.034217,0.0
0.045259,0.016269,0.0
0.01448,0.015611,0.0
0.011935,0.012137,0.0
0.018596,0.004001,0.0
-0.032271,0.012205,0.0
-0.00424,0.041226,0.0
-0.000596,0.014308,0.0
0.003756,0.029612,0.0
-0.019924,0.029745,0.0
-0.016662,0.019244,0.0
-0.007061,0.021268,0.0
-0.001293,0.01499,0.0
2.9e-05,0.027106,0.0
-0.032269,0.022011,0.0
-9.4e-05,0.027129,0.0
-0.038063,0.011071,0.0
-0.011062,0.001783,0.0
0.038289,0.025891,0.0
0.05333,0.017429,0.0
0.05592,0.00271,0.0
0.038659,0.002286,0.0
-0.038126,0.003947,0.0
-0.000817,0.043221,0.0
0.030967,0.030225,0.0
-0.004908,0.023571,0.0
0.018744,0.014558,0.0
0.06128,0.005756,0.0
0.042263,0.009711,0.0
0.003813,0.043545,0.0
0.02309,0.032185,0.0
-0.02938,0.010084,0.0
0.071232,0.002502,0.0
0.05439,0.000788,0.0
0.001816,0.02211,0.0
-0.037858,0.000147,0.0
0.037188,0.022693,0.0
0.003982,0.045915,0.0
-0.010743,0.001347,0.0
0.048196,0.001582,0.0
-0.066352,0.000652,0.0
0.0117,0.021356,0.0
0.011869,0.007559,0.0
-0.054399,0.00332,0.0
0.00228,0.000163,0.0
0.038125,0.010928,0.0
0.024248,0.003401,0.0
0.030667,0.014712,0.0
0.009262,0.0521,0.0
0.044699,0.019355,0.0
0.02434,0.026694,0.0
-0.031889,0.002554,0.0
0.022767,0.013875,0.0
0.04225,0.010576,0.0
-0.051011,0.008084,0.0
-0.015553,0.03119,0.0
-0.029716,0.020047,0.0
0.032063,0.034262,0.0
-0.036078,0.006491,0.0
0.001554,0.025252,0.0
0.026421,0.010672,0.0
-0.019215,0.006543,0.0
0.03135,0.00276,0.0
-0.002089,0.031803,0.0
1.6e-05,0.042076,0.0
-0.009412,0.034187,0.0
-0.008967,0.021755,0.0
0.017734,0.000433,0.0
0.057335,0.016188,0.0
-0.004387,0.035225,0.0
-0.022448,0.004469,0.0
5.8e-05,0.03317,0.0
-0.019408,0.02596,0.0
-0.011438,0.02399,0.0
-0.020224,0.027394,0.0
-0.0098,0.038584,0.0
-0.022219,0.02486,0.0
0.009617,0.01626,0.0
0.061182,0.006968,0.0
0.002959,0.010887,0.0
0.017217,0.03714,0.0
0.017955,0.020846,0.0
0.015858,0.0108,0.0
-0.022564,0.009525,0.0
0.072234,0.001266,0.0
0.014528,0.047532,0.0
0.014433,0.028516,0.0
-0.000795,0.000801,0.0
-0.003303,0.041951,0.0
-0.003664,0.017408,0.0
0.027436,0.011816,0.0
-0.003057,0.02496,0.0
0.065964,0.005888,0.0
0.01081,0.027974,0.0
0.013918,0.046462,0.0
-0.031761,0.020627,0.0
-0.023987,0.012293,0.0
0.031681,0.004061,0.0
0.033275,0.032655,0.0
0.04149,0.020386,0.0
0.047896,0.01075,0.0
0.009602,0.009238,0.0
-0.027977,0.023697,0.0
0.040254,0.015479,0.0
-0.011184,0.038902,0.0
-0.011171,0.013481,0.0
0.023112,0.038259,0.0
-0.005983,0.035905,0.0
-0.035467,0.022188,0.0
-0.039646,0.000489,0.0
-0.011974,0.027548,0.0
-0.039842,0.019125,0.0
0.016836,0.019042,0.0
0.051236,0.01519,0.0
-0.02056,0.032209,0.0
0.065239,0.004427,0.0
-0.009104,0.039304,0.0
0.051015,0.005215,0.0
0.031578,0.029449,0.0
0.007932,0.024762,0.0
-0.005593,0.038883,0.0
0.020061,0.015073,0.0
-0.006963,0.014318,0.0
0.017463,0.025124,0.0
0.015854,0.017287,0.0
-0.017842,0.008631,0.0
0.008326,0.037078,0.0
0.014259,0.008597,0.0
0.014783,0.042913,0.0
0.031188,0.034927,0.0
0.004021,0.032349,0.0
-0.036627,0.020765,0.0
-0.009105,0.045231,0.0
0.042285,0.020067,0.0
0.029903,0.007075,0.0
-0.029793,0.018958,0.0
-0.030038,0.0021,0.0
0.007859,0.024273,0.0
-0.009873,0.036364,0.0
-0.001283,0.038777,0.0
-0.008353,0.043603,0.0
0.058535,9e-06,0.0
-0.020078,0.020151,0.0
-0.019716,0.015514,0.0
0.048838,0.023077,0.0
-0.008135,0.010883,0.0
0.023561,0.037404,0.0
-0.052011,0.006385,0.0
-0.008585,0.021745,0.0
0.015307,0.028672,0.0
0.001666,0.02709,0.0
0.04158,0.0109,0.0
0.010956,0.028693,0.0
-0.007477,0.043072,0.0
0.021892,0.009716,0.0
0.049974,0.02126,0.0
0.01935,0.011547,0.0
-0.037991,0.012985,0.0
-0.008674,0.001439,0.0
-0.007201,0.036266,0.0
-0.014715,0.009424,0.0
-0.015345,0.037095,0.0
-0.015994,0.007561,0.0
0.026257,0.005451,0.0
0.04603,0.004579,0.0
0.022345,0.006589,0.0
0.032528,0.013948,0.0
0.043879,0.027897,0.0
0.027613,0.025151,0.0
-0.00467,0.034774,0.0
-0.017318,0.003245,0.0
-0.041763,0.003834,0.0
0.012073,0.000472,0.0
0.016687,0.021964,0.0
-0.023011,0.010264,0.0
-0.010947,0.011852,0.0
0.015782,0.019255,0.0
-0.000858,0.034416,0.0
-0.054574,0.006287,0.0
-0.003775,0.032403,0.0
0.0309,0.039129,0.0
-0.027086,0.01644,0.0
0.030778,0.012111,0.0
0.013178,0.015098,0.0
0.009675,0.006121,0.0
0.036243,0.029633,0.0
0.01647,0.048967,0.0
0.018215,0.033808,0.0
0.031105,0.039006,0.0
0.031208,0.033894,0.0
0.056778,0.009593,0.0
0.027064,0.008336,0.0
0.025025,0.026215,0.0
-0.006008,0.005262,0.0
0.009276,0.044895,0.0
0.030088,0.004632,0.0
0.020121,0.033728,0.0
-0.05854,0.003857,0.0
0.032502,0.02086,0.0
-0.049959,0.013743,0.0
0.036114,0.033541,0.0
-0.006268,0.042115,0.0
0.00555,0.045078,0.0
-0.000796,0.029225,0.0
0.021016,0.039962,0.0
0.059277,0.010953,0.0
0.025854,0.041257,0.0
0.061281,0.010587,0.0
0.024723,0.046168,0.0
-0.068024,0.0014,0.0
-0.002489,0.05144,0.0
-0.010434,0.023097,0.0
-0.045558,0.008086,0.0
0.035049,0.029062,0.0
0.032482,0.029585,0.0
0.013279,0.013524,0.0
0.003683,0.01554,0.0
0.016204,0.007087,0.0
-0.015501,0.024626,0.0
-0.016584,0.021906,0.0
0.027359,0.016145,0.0
0.02191,0.035552,0.0
0.015418,0.018654,0.0
0.036114,0.0275,0.0
-0.023032,0.011897,0.0
-0.008503,0.040295,0.0
-0.000872,0.029491,0.0
-0.004753,0.008903,0.0
-0.033186,0.015951,0.0
-0.025919,0.020401,0.0
0.026634,0.000364,0.0
-0.047127,0.015244,0.0
0.035111,0.001867,0.0
-0.011578,0.022149,0.0
0.012498,0.003624,0.0
0.066578,0.000794,0.0
-0.042136,0.005953,0.0
-0.010423,0.00711,0.0
0.020043,0.017347,0.0
0.01481,0.036369,0.0
-0.021965,0.033158,0.0
-0.01979,0.011738,0.0
-0.035218,0.016106,0.0
-0.044574,0.012482,0.0
0.005349,0.012542,0.0
0.017757,0.040131,0.0
0.026062,0.019188,0.0
0.003717,0.014045,0.0
0.017941,0.022291,0.0
0.005657,0.040794,0.0
0.018396,0.015466,0.0
-0.004155,0.015296,0.0
0.028118,0.028181,0.0
0.061555,2.4e-05,0.0
0.039757,0.018556,0.0
0.057936,0.001065,0.0
-0.00766,0.033768,0.0
-0.001967,0.051315,0.0
0.026148,0.015097,0.0
0.058128,0.008063,0.0
0.035045,0.012613,0.0
0.011993,0.026641,0.0
-0.036223,0.015702,0.0
0.047236,0.009736,0.0
-0.007928,0.043724,0.0
0.055758,0.001758,0.0
0.005249,0.045643,0.0
-0.021456,0.015837,0.0
0.012791,0.041006,0.0
0.049343,0.004218,0.0
-0.012512,0.004485,0.0
-0.00519,0.036238,0.0
-0.019188,0.025714,0.0
0.063549,0.007592,0.0
0.014412,0.028963,0.0
-0.053015,0.004648,0.0
0.051375,0.013002,0.0
-0.056899,0.004799,0.0
0.040541,0.029143,0.0
-0.002279,0.022684,0.0
-0.027586,0.013495,0.0
-0.01718,0.008428,0.0
0.046646,0.007281,0.0
0.057526,0.004445,0.0
-0.012165,0.013642,0.0
0.020515,0.04115,0.0
-0.008909,0.027407,0.0
0.058529,0.0046,0.0
-0.020367,0.01666,0.0
0.016989,0.039008,0.0
0.038295,0.002613,0.0
0.026708,0.006469,0.0
-0.009649,0.004032,0.0
0.034403,0.010526,0.0
0.044593,0.020728,0.0
0.000723,0.007134,0.0
0.047992,0.023299,0.0
-0.062482,0.000368,0.0
0.031566,0.038587,0.0
-0.024391,0.017053,0.0
-0.005553,0.047683,0.0
0.031396,0.0183,0.0
0.069727,0.002041,0.0
-0.001747,0.024959,0.0
-0.004756,0.038579,0.0
-0.021308,0.025192,0.0
0.006276,0.032397,0.0
-0.047303,0.00506,0.0
0.029435,0.005992,0.0
-0.051274,0.006755,0.0
0.044492,0.019062,0.0
0.004699,0.048385,0.0
-0.01033,0.023332,0.0
0.048359,0.020628,0.0
-0.001869,0.013276,0.0
0.053457,0.010081,0.0
-0.014578,0.025866,0.0
0.027375,0.002917,0.0
-0.010035,0.019711,0.0
-0.053743,0.000804,0.0
0.018089,0.00182,0.0
-0.003534,0.020993,0.0
-0.030291,0.00448,0.0
-0.019369,0.018852,0.0
-0.012593,0.01688,0.0
-0.023837,0.002075,0.0
-0.015481,0.001372,0.0
0.020168,0.038149,0.0
-0.011966,0.034349,0.0
-0.023343,0.0237,0.0
-0.042209,0.008631,0.0
0.021664,0.003237,0.0
-0.00764,0.046216,0.0
0.034708,0.018634,0.0
0.009548,0.043089,0.0
0.024995,0.01371,0.0
-0.065179,0.001911,0.0
-0.044326,0.017191,0.0
0.011273,0.02539,0.0
-0.034138,0.009432,0.0
0.021587,0.046499,0.0
0.019153,0.048571,0.0
0.025698,0.044019,0.0
0.045811,0.001754,0.0
-0.027615,0.021966,0.0
0.058653,0.01295,0.0
-0.002424,0.034471,0.0
0.048904,0.003987,0.0
0.05083,0.006034,0.0
0.009329,0.039445,0.0
-0.018031,0.010849,0.0
-0.005049,0.015664,0.0
-0.01537,0.036266,0.0
0.011253,0.009208,0.0
0.014556,0.026467,0.0
0.04367,0.006887,0.0
0.047294,0.023953,0.0
-0.061197,0.004089,0.0
-0.033615,0.022422,0.0
0.022806,0.011577,0.0
-0.003751,0.029901,0.0
-0.032483,0.000728,0.0
0.041549,0.022596,0.0
-0.00584,0.043132,0.0
-0.018986,0.029803,0.0
0.039839,0.019885,0.0
-0.02886,0.006486,0.0
0.0088,0.003689,0.0
-0.016013,0.018477,0.0
0.057171,0.004681,0.0
0.001087,0.001596,0.0
0.019199,0.001691,0.0
0.034876,0.011854,0.0
0.035163,0.011051,0.0
0.01326,0.037815,0.0
-0.021641,0.024401,0.0
0.037912,0.001686,0.0
0.037316,0.015738,0.0
0.034473,0.0064,0.0
-0.0038,0.008785,0.0
0.050219,0.003764,0.0
0.005722,0.051888,0.0
0.017282,0.045275,0.0
-0.035396,0.013194,0.0
0.003231,0.003181,0.0
-0.008579,0.042813,0.0
-0.008943,0.009036,0.0
0.013649,0.042585,0.0
-0.031379,0.01992,0.0
0.00973,0.018175,0.0
0.058513,0.003139,0.0
0.015198,0.004676,0.0
0.014853,0.008861,0.0
0.019509,0.017565,0.0
0.032195,0.015814,0.0
-0.005346,0.035591,0.0
0.051626,0.016432,0.0
-0.008062,0.042753,0.0
-0.01974,0.025956,0.0
0.025757,0.013805,0.0
0.026086,0.034598,0.0
-0.020396,0.036001,0.0
0.04188,0.012586,0.0
0.003186,0.021685,0.0
0.01073,0.006618,0.0
-0.017958,0.00628,0.0
0.048939,0.022379,0.0
0.014798,0.000476,0.0
0.002893,0.047219,0.0
0.014827,0.0445,0.0
0.003731,0.038497,0.0
0.045234,0.010132,0.0
0.039829,0.01317,0.0
0.027021,0.01008,0.0
-0.008002,0.038849,0.0
0.050201,0.008863,0.0
0.015277,0.049241,0.0
0.040462,0.015984,0.0
-0.048004,0.004496,0.0
0.028719,0.018224,0.0
-0.017676,0.034925,0.0
0.026904,0.014908,0.0
0.036946,0.000277,0.0
-0.007535,0.01047,0.0
-0.019833,0.019509,0.0
-0.023963,0.008843,0.0
0.002826,0.012494,0.0
0.048667,0.023729,0.0
-0.028214,0.024248,0.0
-0.022065,0.018938,0.0
-0.064451,0.002353,0.0
-0.02677,0.017834,0.0
-0.045765,0.017831,0.0
-0.041295,0.016656,0.0
-0.004237,0.013913,0.0
0.026308,0.026131,0.0
0.051915,0.010886,0.0
-3.7e-05,0.041473,0.0
0.015961,0.034524,0.0
0.018986,0.021283,0.0
0.003208,0.004026,0.0
0.028684,0.041657,0.0
0.033522,0.034007,0.0
0.020992,0.001326,0.0
-0.01922,0.012196,0.0
-0.025077,0.02929,0.0
0.012715,0.011597,0.0
-0.041411,0.002133,0.0
0.022892,0.020184,0.0
0.02413,0.047224,0.0
-0.003958,0.045408,0.0
0.025555,0.030179,0.0
0.005086,0.001814,0.0
-0.022057,0.028869,0.0
0.047942,0.002264,0.0
-0.011528,0.025607,0.0
-0.027999,0.004997,0.0
0.022121,0.031456,0.0
0.006287,0.014337,0.0
0.019831,9.5e-05,0.0
-0.048006,0.012936,0.0
0.007805,0.017089,0.0
0.001545,0.025645,0.0
0.028096,0.008377,0.0
-0.021249,0.035459,0.0
-0.040168,0.014656,0.0
0.020856,0.035947,0.0
0.020119,0.015735,0.0
-0.019091,0.037989,0.0
-0.018086,0.034931,0.0
-0.022217,0.00623,0.0
0.009393,0.025553,0.0
0.021906,0.013868,0.0
-0.060061,0.0029,0.0
0.027297,0.04334,0.0
-0.015933,0.006326,0.0
0.038391,0.029578,0.0
0.029031,0.029743,0.0
0.046742,0.008662,0.0
0.0385,0.024084,0.0
-0.033755,0.018881,0.0
0.036271,0.018496,0.0
0.039416,0.010331,0.0
-0.040923,0.004745,0.0
-0.022058,0.020345,0.0
0.017538,0.010202,0.0
0.004639,0.049814,0.0
0.023583,0.00974,0.0
0.030033,0.038641,0.0
-0.03057,0.023745,0.0
-0.010504,0.02026,0.0
-0.00403,0.029678,0.0
-0.010073,0.021791,0.0
-0.045162,0.016139,0.0
0.03169,0.012931,0.0
0.002642,0.008548,0.0
0.055002,3.3e-05,0.0
0.01287,0.049385,0.0
-0.034956,0.005639,0.0
-0.015633,0.020035,0.0
0.039183,0.01404,0.0
0.017938,0.012473,0.0
0.011436,0.044376,0.0
-0.004498,0.046653,0.0
-0.012907,0.026971,0.0
0.068424,0.003245,0.0
0.010542,0.010653,0.0
-0.032142,0.020144,0.0
0.066976,0.003537,0.0
-0.012319,0.007601,0.0
0.044775,0.026033,0.0
-0.00827,0.0328,0.0
0.011311,0.038108,0.0
-0.005503,0.010002,0.0
0.045794,0.021444,0.0
0.040865,0.00975,0.0
0.0679,0.001716,0.0
-0.020377,0.016442,0.0
-0.021464,0.013236,0.0
-0.047036,0.010057,0.0
0.020161,0.023337,0.0
0.006792,0.035596,0.0
0.048718,0.005616,0.0
0.054813,0.008252,0.0
-0.039855,0.009224,0.0
0.062548,0.00444,0.0
-0.00285,0.048927,0.0
0.029018,0.026431,0.0
-0.028958,0.001498,0.0
0.000666,0.021648,0.0
-0.031666,0.011517,0.0
0.029021,0.014193,0.0
0.001137,0.004635,0.0
0.016766,0.001763,0.0
-0.003813,0.035261,0.0
0.017691,0.020636,0.0
0.022998,0.040418,0.0
0.009979,0.023378,0.0
0.01008,0.034607,0.0
-0.024426,0.008182,0.0
0.0557,0.006167,0.0
0.015726,0.020888,0.0
0.003089,0.020554,0.0
-0.046841,0.016648,0.0
-0.017606,0.027131,0.0
-0.05094,0.002353,0.0
0.031745,0.022362,0.0
0.014738,0.014338,0.0
-0.030505,0.005605,0.0
0.006069,0.039486,0.0
0.013628,0.028179,0.0
0.004594,0.022043,0.0
-0.019384,0.01912,0.0
0.04488,0.005712,0.0
0.045105,0.010164,0.0
0.053779,0.002053,0.0
-0.02447,0.030041,0.0
0.050357,0.02217,0.0
-0.047944,0.008084,0.0
-0.015176,0.024807,0.0
-0.020347,0.025451,0.0
0.013568,0.045349,0.0
0.026078,0.011538,0.0
-0.020323,0.012587,0.0
0.032921,0.01771,0.0
-0.006849,0.037446,0.0
-0.031167,0.005977,0.0
0.046496,0.016563,0.0
0.022751,0.015763,0.0
0.005993,0.022044,0.0
0.011197,0.028622,0.0
0.03273,0.025353,0.0
0.003892,0.00731,0.0
0.046384,0.009566,0.0
-0.049303,0.008702,0.0
-0.028778,0.003689,0.0
0.038412,0.018356,0.0
0.005019,0.013573,0.0
-0.002706,0.014845,0.0
0.022346,0.016332,0.0
-0.033446,0.007993,0.0
-0.034271,0.004118,0.0
0.016613,0.001324,0.0
-0.034858,0.014233,0.0
-0.015385,0.003493,0.0
-0.011426,0.033213,0.0
0.052445,0.007336,0.0
-0.009517,0.038759,0.0
-0.00637,0.029305,0.0
-0.037812,0.013446,0.0
0.035591,0.018427,0.0
-0.01887,0.00292,0.0
-0.036963,0.010231,0.0
0.040163,0.005227,0.0
0.01085,0.041631,0.0
0.000848,0.033294,0.0
0.016204,0.027753,0.0
-0.054523,0.007957,0.0
0.019552,0.044901,0.0
0.001622,0.008776,0.0
0.036648,0.035535,0.0
0.048037,0.009372,0.0
0.055867,0.016596,0.0
0.037605,0.025278,0.0
0.023708,0.045638,0.0
0.013113,0.027827,0.0
-0.004005,0.046969,0.0
0.034365,0.027666,0.0
0.038055,0.033234,0.0
-0.0146,0.02153,0.0
0.06433,0.009678,0.0
-0.011906,0.009728,0.0
-0.001654,0.002169,0.0
0.012843,0.051884,0.0
0.017404,0.048835,0.0
0.009806,0.004507,0.0
0.038662,0.03375,0.0
-0.045237,0.018944,0.0
0.018361,0.039817,0.0
0.019483,0.020955,0.0
0.019733,0.042013,0.0
0.032809,0.031646,0.0
-0.006353,0.030161,0.0
-0.024457,0.009203,0.0
-0.018447,0.004358,0.0
0.008248,0.002657,0.0
0.015322,0.034314,0.0
-0.056603,0.007421,0.0
0.014224,0.051842,0.0
0.032607,0.015964,0.0
-0.044405,0.017147,0.0
0.032275,0.010429,0.0
0.018256,0.041092,0.0
0.034334,0.017802,0.0
0.032793,0.020382,0.0
-0.044874,0.012939,0.0
-0.016233,0.016091,0.0
0.043095,0.014904,0.0
0.030715,0.00305,0.0
0.007153,0.023954,0.0
-0.04323,0.017622,0.0
-0.016347,0.004909,0.0
0.014868,0.032484,0.0
-0.018817,0.008036,0.0
0.017424,0.002296,0.0
0.039713,0.030254,0.0
-0.009547,0.030568,0.0
-0.043794,0.017852,0.0
-0.033652,0.003701,0.0
0.017721,0.030407,0.0
0.070208,0.003065,0.0
-0.049741,0.010757,0.0
-0.036334,0.011467,0.0
-0.040331,0.001777,0.0
-0.014563,0.020289,0.0
-0.008539,0.034721,0.0
0.063262,0.00216,0.0
0.03798,0.014396,0.0
0.05537,0.012731,0.0
-0.004085,0.01185,0.0
-0.012214,0.020502,0.0
0.002593,0.033718,0.0
0.01483,0.026042,0.0
-0.006472,0.002129,0.0
-0.003827,0.030311,0.0
0.04774,0.018029,0.0
-0.02854,0.015769,0.0
-0.010846,0.033199,0.0
0.004763,0.015136,0.0
-0.031824,0.012701,0.0
-0.011734,0.032011,0.0
0.053902,0.005736,0.0
0.021594,0.03838,0.0
0.039575,0.023856,0.0
0.00158,0.048246,0.0
-0.015815,0.026888,0.0
-0.015736,0.032149,0.0
0.026463,0.023067,0.0
0.063437,0.009589,0.0
0.055282,0.002935,0.0
-0.019008,0.018201,0.0
0.063255,0.000822,0.0
0.001572,0.01033,0.0
0.03068,0.027304,0.0
0.058745,0.007102,0.0
-0.058082,0.002444,0.0
0.037672,0.024485,0.0
-0.043826,0.020195,0.0
0.030049,0.031799,0.0
0.015418,0.043625,0.0
0.036874,0.010003,0.0
0.025262,0.02534,0.0
0.019295,0.048614,0.0
0.042434,0.024608,0.0
0.006946,0.008248,0.0
0.005777,0.00838,0.0
0.013366,0.013138,0.0
0.031564,0.000136,0.0
0.043194,0.024824,0.0
-0.003112,0.024506,0.0
-0.026145,0.006701,0.0
0.022943,0.037085,0.0
-0.00882,0.024257,0.0
-0.045789,0.017364,0.0
0.043209,0.026389,0.0
0.017459,0.029892,0.0
-0.011358,0.013801,0.0
-0.058437,0.00547,0.0
0.033841,0.029049,0.0
-0.006334,0.043045,0.0
0.057487,0.01199,0.0
-0.004302,0.043903,0.0
-0.039957,0.017277,0.0
-0.009919,0.003285,0.0
0.011611,0.005678,0.0
0.000892,0.034691,0.0
0.03576,0.00685,0.0
0.041938,0.023491,0.0
-0.004787,0.01077,0.0
-0.025883,0.016263,0.0
0.000545,0.038059,0.0
-0.023204,0.010746,0.0
-0.003908,0.041051,0.0
0.015224,0.019887,0.0
0.016081,0.016831,0.0
0.023501,0.046303,0.0
0.003918,0.031858,0.0
0.012704,0.025794,0.0
-0.014022,0.042041,0.0
0.018982,0.04642,0.0
0.063632,0.004864,0.0
0.022088,0.032939,0.0
-0.00066,0.020574,0.0
0.06652,0.006943,0.0
0.006217,0.003702,0.0
-0.003244,0.037056,0.0
0.032038,0.02517,0.0
0.01761,0.017806,0.0
0.01334,0.03704,0.0
0.012547,0.043006,0.0
0.046116,0.017894,0.0
-0.018754,0.026481,0.0
0.037823,0.029064,0.0
-0.057489,0.004768,0.0
0.026157,0.016937,0.0
-0.023465,0.033204,0.0
-0.061409,0.001185,0.0
0.00178,0.037821,0.0
0.052139,0.004035,0.0
0.046735,0.011493,0.0
-0.015644,0.006429,0.0
-0.003107,0.028774,0.0
0.062713,0.002997,0.0
-0.003789,0.021817,0.0
0.03192,0.026622,0.0
0.050598,0.021491,0.0
-0.009227,0.024809,0.0
-3e-05,0.017074,0.0
-0.017973,0.018173,0.0
0.013307,0.045187,0.0
-0.002814,0.044113,0.0
0.024389,0.021483,0.0
-0.016282,0.00958,0.0
0.020468,0.01475,0.0
-0.028167,0.013933,0.0
0.022816,0.026386,0.0
-0.004758,0.018432,0.0
-0.048721,0.010377,0.0
-0.061683,0.003098,0.0
0.036729,0.016827,0.0
-0.025544,0.019637,0.0
-0.031522,0.002182,0.0
-0.04643,0.017521,0.0
-0.01248,0.023842,0.0
-0.008848,0.031685,0.0
0.032051,0.016016,0.0
-0.047876,0.018948,0.0
-0.017481,0.008703,0.0
-0.040871,0.01439,0.0
-0.01716,0.027537,0.0
-0.027127,0.002454,0.0
0.013376,0.016721,0.0
0.041694,0.022443,0.0
0.009259,0.037621,0.0
0.052617,0.018095,0.0
-0.03616,0.020958,0.0
-0.056942,0.005264,0.0
0.002529,0.010666,0.0
0.011037,0.049215,0.0
0.035024,0.013535,0.0
0.007395,0.021686,0.0
0.024525,0.026572,0.0
-0.048683,0.001063,0.0
0.016469,0.012962,0.0
0.007589,0.018155,0.0
-0.030273,0.010779,0.0
0.040319,0.026669,0.0
0.049598,0.001442,0.0
-0.00928,0.010018,0.0
0.005778,0.038229,0.0
0.009452,0.012589,0.0
0.022294,0.020749,0.0
0.029704,0.006531,0.0
0.056048,0.009599,0.0
-0.019848,0.024487,0.0
-0.008756,0.044921,0.0
0.031975,0.024187,0.0
-0.037017,0.01159,0.0
0.032983,0.038185,0.0
0.01125,0.040522,0.0
0.039009,0.003129,0.0
-0.034612,0.022048,0.0
-0.026408,0.01494,0.0
-0.046814,0.001929,0.0
-0.000368,0.035322,0.0
-0.023179,0.002961,0.0
0.049649,0.018408,0.0
0.06726,0.006073,0.0
0.06227,0.002978,0.0
-0.039986,0.019381,0.0
-0.019405,0.009644,0.0
0.016868,0.022226,0.0
0.014055,0.016154,0.0
0.007371,0.014685,0.0
0.006369,0.004055,0.0
0.024562,0.039419,0.0
0.019373,0.025684,0.0
0.033656,0.008212,0.0
-0.007779,7.5e-05,0.0
-0.004693,0.03194,0.0
0.047351,0.010775,0.0
0.040678,0.020629,0.0
0.046752,0.004357,0.0
-0.017437,0.025005,0.0
0.022151,0.044078,0.0
-0.04315,0.003144,0.0
0.030879,0.029681,0.0
-0.008345,0.030962,0.0
-0.012533,0.024206,0.0
0.030647,0.027205,0.0
0.041877,0.016026,0.0
0.015628,0.005715,0.0
0.013339,0.032042,0.0
-0.010103,0.027807,0.0
-0.042398,0.00076,0.0
0.004223,0.008746,0.0
0.030106,0.03986,0.0
0.06156,0.011975,0.0
-0.030368,0.016935,0.0
0.031658,0.025507,0.0
0.064982,0.006521,0.0
-0.01135,0.033779,0.0
-0.023985,0.028579,0.0
0.03874,0.014019,0.0
-0.000742,0.00115,0.0
0.01005,0.006621,0.0
-0.005767,0.003126,0.0
-0.000349,0.046542,0.0
-0.053594,0.006899,0.0
0.014404,0.028436,0.0
-0.007528,0.014271,0.0
-0.032844,0.006746,0.0
0.051757,0.015222,0.0
0.016159,0.009878,0.0
0.018665,0.000278,0.0
-0.014287,0.03099,0.0
0.011744,0.008588,0.0
-0.042415,0.014664,0.0
0.033959,0.007413,0.0
0.068126,0.006112,0.0
0.050097,0.016314,0.0
0.011205,0.022753,0.0
0.007043,0.025949,0.0
0.03751,0.002584,0.0
-0.047815,0.01135,0.0
-0.00051,0.037517,0.0
-0.023186,0.014772,0.0
-0.013945,0.034248,0.0
-0.020247,0.034764,0.0
0.039942,0.005543,0.0
-0.004534,0.001876,0.0
0.004368,0.050843,0.0
0.026708,0.043643,0.0
0.028755,0.006879,0.0
0.014623,0.030113,0.0
0.020655,0.012122,0.0
-0.027408,0.019231,0.0
-0.011616,0.042849,0.0
0.038424,0.033799,0.0
0.016985,0.010333,0.0
0.012491,0.003801,0.0
0.006072,0.031095,0.0
0.00935,0.022547,0.0
-0.042104,0.004164,0.0
0.062731,0.003246,0.0
-0.005874,0.040929,0.0
-0.026772,0.01227,0.0
0.043969,0.012373,0.0
0.01414,0.030624,0.0
0.043017,0.000359,0.0
0.036703,0.024565,0.0
0.042741,0.005161,0.0
0.033938,0.036589,0.0
0.013707,0.027628,0.0
0.038842,0.023501,0.0
-0.007528,0.021712,0.0
0.030747,0.039039,0.0
-0.017553,0.032467,0.0
0.029726,0.008928,0.0
-0.02993,0.014297,0.0
0.029887,0.014954,0.0
0.008685,0.030022,0.0
-0.044551,0.017726,0.0
0.052603,0.01521,0.0
0.015263,0.015966,0.0
-0.010688,0.007681,0.0
-0.004059,0.041037,0.0
-0.003523,0.005866,0.0
-0.040236,0.002759,0.0
-0.031671,0.012468,0.0
0.037016,0.006614,0.0
-0.031249,0.019501,0.0
0.013097,0.030573,0.0
-0.01138,0.036001,0.0
0.00117,0.001298,0.0
-0.006511,0.041948,0.0
-0.045129,0.019086,0.0
0.019867,0.041211,0.0
0.02342,0.014589,0.0
0.03185,0.019236,0.0
-0.041435,0.011256,0.0
-0.0239,0.013632,0.0
-0.021611,0.030577,0.0
0.007934,0.040793,0.0
0.001779,0.051468,0.0
-0.018703,0.038018,0.0
-0.007204,0.029698,0.0
0.032316,0.015788,0.0
0.002491,0.020047,0.0
-0.00803,0.018472,0.0
-0.011372,0.011628,0.0
0.000143,0.019256,0.0
0.020088,0.003668,0.0
0.026096,0.004571,0.0
0.020948,0.004791,0.0
0.043694,0.020092,0.0
0.005391,1.5e-05,0.0
0.022328,0.031437,0.0
0.056325,0.000789,0.0
0.028246,0.014001,0.0
0.010415,0.007109,0.0
0.043449,0.018608,0.0
0.01213,0.020145,0.0
0.053816,0.004995,0.0
-0.017406,0.038302,0.0
0.029176,0.016227,0.0
0.045281,0.006042,0.0
0.003002,0.04321,0.0
0.04784,0.022282,0.0
-0.001721,0.034848,0.0
0.006521,0.045366,0.0
0.024546,0.034835,0.0
-0.025106,0.009706,0.0
0.052003,0.018057,0.0
-0.012788,0.027719,0.0
0.028495,0.004379,0.0
0.013553,0.002969,0.0
-0.000941,0.00349,0.0
0.032125,0.011598,0.0
0.016664,0.047883,0.0
0.036246,0.014271,0.0
0.038195,0.017861,0.0
0.005018,0.042997,0.0
0.015055,0.012413,0.0
0.029842,0.037999,0.0
0.002327,0.037703,0.0
0.034075,0.028963,0.0
0.050423,0.008841,0.0
0.047254,0.005496,0.0
0.015777,0.048904,0.0
-0.04109,0.007926,0.0
0.044193,0.015207,0.0
0.005378,5.9e-05,0.0
0.045415,0.011366,0.0
0.054782,0.002426,0.0
0.023492,0.040522,0.0
0.004423,0.043871,0.0
0.005142,0.000833,0.0
0.015238,0.003957,0.0
-0.036478,0.021151,0.0
-0.052881,0.00176,0.0
0.008172,0.017034,0.0
0.057602,0.00493,0.0
0.061747,0.000639,0.0
0.022756,0.014526,0.0
-0.004258,0.00066,0.0
0.029368,0.033533,0.0
0.003616,0.040648,0.0
-0.028746,0.003512,0.0
0.028935,0.037771,0.0
-0.00492,0.037603,0.0
-0.007866,0.031679,0.0
-0.019676,0.013034,0.0
-0.004511,0.0014,0.0
0.046998,0.005195,0.0
0.000616,0.033718,0.0
0.001588,0.031756,0.0
0.034195,0.020029,0.0
0.029257,0.004168,0.0
0.057103,0.000599,0.0
-0.01556,0.005375,0.0
0.046927,0.022513,0.0
0.037256,0.021717,0.0
0.028548,0.010005,0.0
0.006124,0.015503,0.0
-0.045693,0.01576,0.0
0.018331,0.043655,0.0
0.000741,0.035475,0.0
-0.051725,0.007637,0.0
-0.031983,0.018222,0.0
0.025604,0.01456,0.0
0.020963,0.025158,0.0
-0.00829,0.010688,0.0
-0.022844,0.019629,0.0
-0.003605,0.046367,0.0
0.021455,0.037452,0.0
0.008911,0.046948,0.0
-0.003526,0.039565,0.0
-0.006894,0.002317,0.0
-0.054413,0.001295,0.0
-0.027769,0.025286,0.0
0.002397,0.003632,0.0
0.046719,0.022759,0.0
-0.005841,0.003529,0.0
0.012477,0.007699,0.0
0.03351,0.02988,0.0
0.024153,0.010362,0.0
0.022693,0.044651,0.0
0.00399,0.039843,0.0
-0.026382,0.021892,0.0
-0.048205,0.008249,0.0
0.035344,0.026362,0.0
0.010287,0.006848,0.0
-0.025934,0.002208,0.0
-0.000123,0.013524,0.0
0.054398,0.00206,0.0
-0.017724,0.014093,0.0
0.013912,0.024876,0.0
