0.012692828394925259 0.04606465278648878 0.051904666684084805 -1.3176833055489061 0.10908661470562708 -1.5425866108886335
-0.017499809432350324 0.0390180895774561 0.05189539029983321 -1.4009682542389978 -0.023588423577681317 -1.5749103800688986
-0.025663932100467017 0.04040203398465938 0.05188535814108671 -1.3899337071894213 0.1593537511705243 -1.456747346127592
-0.047710599243279216 0.023813097146786484 0.05190864232162403 -1.4089021313016303 0.09558978140462515 -1.4930796185072674
0.01987641034709652 0.01524661834287861 0.05191620706638316 -1.5357225958971865 0.23440948876638013 -1.5750786997179365
0.0678209971100645 0.0019108830847814858 0.051951504116852586 -1.6544576650928808 0.3347028783242698 -1.5306578509890414
0.09844804461182508 -0.0348241695415281 0.05188611417669756 -1.3120985864656283 0.16508313314006684 -1.3518834802088084
0.08075811452424653 -0.016768222680822235 0.05190651499220624 -1.4883304078338555 0.22751282828833586 -1.3944927321707548
-0.026982721377380916 0.04265728821826751 0.051898112892569875 -1.4975038080585603 0.18327657310045486 -1.3941737945974069
-0.027089842360879614 0.021163143318895357 0.05190990466141735 -1.3882140779164613 -0.06747849944162443 -1.5057747078937753
-0.0024663185200300398 0.029197970132573428 0.05190701414515526 -1.5065352654535082 0.27264822454648097 -1.708288506601676
-0.0016067646220695282 0.04659902343329757 0.05190286209714915 -1.4785281316766732 0.22301789914913073 -1.467734661155913
-0.011447272854345674 0.046297066649459394 0.051900468701230225 -1.4624591742036663 0.12259887426604998 -1.4462663436342396
0.10847633446449323 -0.056967046063860265 0.05187612280047266 -1.549274076304571 0.16111463570370166 -1.6348547026227804
0.04666180255208541 0.00822080277551343 0.05189881524116742 -1.406904834268726 0.17030727143282776 -1.5134642110977004
-0.026342171605074727 0.041367652786488775 0.0519046666840848 -1.3309155170931921 0.1901721907912819 -1.500688865394773
-0.051586601397314906 0.011187535898602077 0.051874378795673005 -1.3464194511458463 -0.010265628363110402 -1.5745761764280606
0.08166814353400538 -0.005609595656878849 0.05193860408798895 -1.6053646345018868 0.2088850939779281 -1.3984425114843135
0.050904154446554814 0.013995685650259453 0.05187479880439897 -1.3946414557277234 0.04275968108175787 -1.664378731476964
-0.004118171605074735 0.04497365278648876 0.0519046666840848 -1.3889738734661066 0.11675482830660688 -1.3686219704469174
-0.009094560050819121 0.04541259269469238 0.05190168208546886 -1.4255823860879484 0.21134257030341286 -1.4538745294308288
0.027434828394925274 0.025424652786488727 0.05190466668408479 -1.6576885797775174 -7.702831898037665e-05 -1.5207383387197067
0.047555657162678434 0.019156066560072786 0.05192237674609847 -1.524209559272546 0.09524493853256621 -1.5332948910537292
-0.020589171605074737 0.04488665278648873 0.0519046666840848 -1.4246428948752747 0.1416766510600449 -1.5264443230319553
-0.024897821565473564 0.024829145084111 0.05187428996011193 -1.3050546703834636 0.03924710177254309 -1.4148710679342908
-0.005727555952250039 0.03660195901799741 0.05187356110850218 -1.3398989672283272 0.062408051480054016 -1.2928028999354264
-0.01016349621127794 0.046171898928836046 0.05190108537734895 -1.5128138956842663 0.24340307259011906 -1.4764988192599349
0.07032798423981791 -0.024290699294847517 0.0518544181859233 -1.7884955955217614 0.1961415048212214 -1.4034882396647799
0.0046414881544413105 0.0449519475769418 0.051870534456823124 -1.2913636643932538 0.07384440091958 -1.3578835081288978
0.09028599659759513 -0.014220833756649415 0.05190830904438722 -1.336093176400076 0.1766976732804566 -1.491482002442721
-0.011423600229810248 0.045466888144354026 0.051903622257908705 -1.432907387463624 0.1652868571920585 -1.4354437786490981
0.05014221653153986 0.024208024986365262 0.05190577286097163 -1.4983083432607567 0.06229664017041303 -1.5295973397288467
-0.029794600307059556 0.01687594798225705 0.05190939485970706 -1.3561476379134074 -0.034038463157099796 -1.4427186931796718
0.04075594271476674 -0.026074339552477063 0.05190717312942679 -1.2676588630720709 0.22775444217908847 -1.4564368583605227
-0.015094364638418333 0.04500041391050205 0.051907362021987154 -1.3821478669864626 0.10308303107942396 -1.6038080183150079
-0.02849225671597644 0.04104695435332941 0.05190330217305774 -1.3731317590327896 0.19004725746251938 -1.4790208668273284
-0.03505161463187023 0.014916971741639872 0.05189844269840137 -1.306166056814393 -0.030132999160378926 -1.5153299876088617
-0.0007960098360716014 0.047439053414201154 0.05190041058409554 -1.4429466920403595 0.17414538924710365 -1.4284414437201123
0.054599544860439574 0.006410288029312846 0.05190065652193222 -1.3917634932473628 0.14058357798443066 -1.5426521728299962
-0.02197945928834551 0.039971618832180096 0.05187119764810139 -1.3056133588254817 0.15123410118235414 -1.4605776527613124
0.08037696256099637 -0.010006548703019218 0.051900003996704296 -1.5115028423929118 0.24457701088446893 -1.403442218961806
0.016764341306053948 0.03038152637474678 0.05190456196591422 -1.4040841512206839 0.15803709374941421 -1.6308712343232041
0.17149035303611895 -0.09756436622196248 0.051908147569572835 -1.533350191764185 0.19203002181026418 -1.7307841810619393
-0.0013901716050747314 0.04733265278648878 0.0519046666840848 -1.419631013709121 0.1323713632312793 -1.5591220764470919
-0.012548170170090927 0.041840502121290084 0.05191382438699153 -1.35532257737812 0.009540132944864776 -1.6047943644396332
-0.03087309943709594 0.026863726419576503 0.051881067926909816 -1.3094029591228797 0.0030037358902732514 -1.6103060268569795
-0.010918708952649361 0.04590881288865887 0.05190166569814727 -1.447684380373494 0.08307373049821143 -1.46581562747158
-0.021213769605879236 0.042165467166929455 0.05190119593476431 -1.4021939067772626 0.10691615330184212 -1.4858172491213646
0.07745608748533342 0.0016718461709783461 0.051905469587214294 -1.5370083728800779 0.258860894201727 -1.4729880661020203
-0.01253150417984091 0.04389741919603531 0.05184913526861229 -1.419798295649116 0.05980744318912179 -1.4556776998118712
-0.01899410953483181 0.039372102198942216 0.05189192863089179 -1.3036109503256124 0.06386917832806471 -1.556273208754106
0.012650467471925182 0.03017659058068978 0.05199573814688331 -1.4974680245162648 0.20965195540307247 -1.5658029111113558
0.0928937758391029 -0.027839711943446137 0.051905509038063964 -1.389789770797959 0.18592308294116267 -1.2715578316121066
-0.03046760975753168 0.02651169466961304 0.051900872223372266 -1.4132745813342193 -0.011146230098279197 -1.515221530269406
0.08247630450711856 -0.029613264069117337 0.05190881546602112 -1.6962579188340332 0.1797148460697675 -1.460354551577222
0.043571664701305426 -0.003896034138126839 0.05189998032461193 -1.4634225041889433 0.18150872921368766 -1.6640006727523953
-0.009012762632595215 0.0459477591149531 0.05189946256638161 -1.476315935165537 0.1017937824403139 -1.3660669428622014
0.07642914627199458 -0.04132624897310968 0.051844686520582633 -1.3251443721051168 0.17787296968481048 -1.2787745254568355
0.08768455763387277 -0.002840256872182183 0.05185311852055401 -1.377333812722218 0.20757204183089906 -1.5197581392688466
0.039429828394925225 0.030640652786488715 0.05190466668408481 -1.4795664347076147 -4.155490805213269e-05 -1.5394436064734651
0.07842182839492527 0.0011936527864887317 0.0519046666840848 -1.4667659930618966 0.26990706687941746 -1.5098446379897867
-0.01146465250678678 0.040630770039163655 0.05190148740288886 -1.4172992302005207 0.12298975134567436 -1.2950916013121816
0.08765283141910386 -0.017786843833111264 0.05190443231136151 -1.3897741865750295 0.17249898362205518 -1.3080025427358584
-0.007383114421180983 0.04572105816768782 0.05190149175342794 -1.3926519356541915 0.123737977935229 -1.4488699924708368
-0.008088708844343599 0.04506286142308932 0.05190429927098052 -1.394462310983062 0.19336034822929782 -1.4656630026633994
-0.014697249402277061 0.04435268733089199 0.0518987899854423 -1.4360364763497053 0.06219929102025934 -1.4761829000491271
-0.011129173920156167 0.047489443188148746 0.051895786337728574 -1.5079254031899005 0.17438678907586058 -1.509017868933214
-0.0007507898142298746 0.04737603909625026 0.05190368875944485 -1.4292508758050706 0.09663155436741788 -1.4315331251660561
-0.018351214749249077 0.04241657366557915 0.051907390196790394 -1.4465318875673034 0.024434090050994506 -1.540002615606097
-0.017813529702809718 0.02937639999380972 0.051895580468760145 -1.3515780688716867 0.007411891802660886 -1.4130712346352257
0.04429501819944812 0.024680237636565593 0.05190825848900463 -1.3503028901629215 0.023259640615969523 -1.6388794104732942
-0.011545105519056758 0.04423896103793528 0.05190850942501787 -1.4326335881541432 0.2493810353168091 -1.366821132480977
-0.009520630326852075 0.0466396701868151 0.05190149642736207 -1.4636295340072185 0.16483931476786373 -1.4424156101847596
0.034847417544491416 0.03728327214318363 0.051908932214400884 -1.3768297952050885 0.05338577150071422 -1.5365804826684275
-4.098952577790129e-05 0.03400038457236011 0.05188810259610526 -1.2201315636805568 -0.037475003597779555 -1.3649491658950101
-0.023214840158728003 0.04134684721162424 0.051870946229351525 -1.347841780062663 0.1254606512960228 -1.5211612808854185
-0.017109667667850312 0.044161652518209873 0.05190565477912533 -1.4202207824185298 0.19217601216094793 -1.4229451932417236
-0.04779924530493746 0.005119272793072668 0.0518830686959267 -1.3011431982515185 -0.05055193721371598 -1.5478750517381736
-0.03503148873529443 0.02524145806458082 0.05190361178066172 -1.369421602796162 0.044322238981446604 -1.4861909596846112
0.03262963472938274 0.02510226207881573 0.05191782335132332 -1.6224192021161659 0.06210789385230098 -1.6541815545159688
0.07877937615013056 -0.01785177392544316 0.05190981919142965 -1.413777685603254 0.17966353962412884 -1.3061705101040249
0.024186499479216195 0.04174177245203276 0.05189722891722311 -1.4847388755507518 0.09743273889987192 -1.4928242717484859
-0.03628342174720144 0.014463587892335653 0.05188364395222586 -1.3455941485019935 -0.07756072403031555 -1.5963078789383918
-0.020276772943921186 0.04413895764289365 0.05189722342605648 -1.4349172257336913 0.20221307995590276 -1.444095281430696
-0.014878873885404122 0.04469688816488552 0.05190067132572032 -1.3897235345956058 0.1626114724108465 -1.5336178038639061
-0.00811741356110152 0.04572621088239202 0.05193012470632766 -1.6248471176354744 0.17706539075970107 -1.6164852375687244
0.08287568014466126 -0.014339666511114305 0.05189864173807869 -1.6099957521007904 0.12662557610087521 -1.609933877100037
0.017831672866434282 0.033992563101963934 0.051894605009748504 -1.4207927718976268 0.168040015659779 -1.5342157420593765
-0.007432423333459924 0.03922246382547136 0.051873921346173454 -1.3433974535914996 0.05178920448720903 -1.3600930493777317
0.07939561022474664 -0.018991149827608664 0.051958649308418 -1.501603029986553 0.19117452050634864 -1.3436239237432366
-0.02385664372971011 0.024338461391010494 0.05187186537542279 -1.3154252677158635 0.020454732468114578 -1.4127490168991297
-0.01490317822501653 0.03920084344422 0.05191954246787764 -1.4043001871707887 0.09763971883881561 -1.3683832266701867
0.005153757487750234 0.042095605238296196 0.051905650990004604 -1.4047174850236215 0.009569357672585932 -1.2246860333060408
-0.00722682136658544 0.04731611361618462 0.051908068365877025 -1.4904581024432155 0.17873156442924087 -1.4347738794586902
0.06003408645305612 -0.025728966611338586 0.05190098343401016 -1.5678571524779858 0.20401031300136108 -1.713838463171638
-0.01792890611074955 0.044169736977461696 0.051905940164337756 -1.4112990257720055 0.16989761961520444 -1.4771663458895672
-0.021370959176285908 0.03606645677368987 0.05190629243798467 -1.3090229575738666 0.09127567735816355 -1.4705734252489118
-0.009840987349599643 0.044921224610894 0.051899969246465026 -1.4393735594108712 0.025266486331467775 -1.4771158701101645
-0.02479764561586056 0.03760303816344268 0.05190578938344569 -1.4102973941554873 0.13776686057015497 -1.4008252868878754
-0.0498230347128204 0.0003617731229688755 0.05187678949376741 -1.312612007923105 -0.0693832126448275 -1.5055764214583527
-0.018528604813496715 0.04291612942925769 0.05190096584914519 -1.4422734988871264 0.06404917461387383 -1.4922743102859546
0.015355097819379274 0.029847985555397572 0.05189380246222104 -1.5442553155672558 0.20367236089643348 -1.5360681678041723
-0.01203304367391041 0.04060248017436301 0.051883484682390506 -1.2779113000669449 0.11118062969694353 -1.4595760007432272
0.023921222124171502 0.03339102998467054 0.05198910440358013 -1.3273282613707873 0.07434757752531307 -1.6488687113605616
0.009803068426931126 0.038786797148430335 0.051883978504217734 -1.2717579997714072 0.10329978574747445 -1.6669731965765766
0.07558020155888565 -0.014155388531485145 0.05193812359539198 -1.4449630042015602 0.17959450996118376 -1.2680681667087894
-0.06688474324846051 -0.0239392349446529 0.051906443731705595 -1.5115405485634263 -0.10988354243602116 -1.4691932214045478
-0.007010309166896658 0.04810411366600868 0.051897483124777634 -1.4865734868002813 0.10905101609583112 -1.5141047242305525
-0.02236363911141891 -0.012384745831742703 0.0518974577806942 -1.4643428253217188 -0.09051380978964518 -1.4537750492165165
-0.008303171605074725 0.04587965278648875 0.0519046666840848 -1.435968418600277 0.1830442933676366 -1.4597251033978467
0.01564695518588442 0.04809347329842407 0.05189465963472306 -1.4542910145206474 0.0828990005803818 -1.5736958276377904
0.027858634008882905 0.03853804290610495 0.051871464753125054 -1.4422154546062116 0.01856160713623911 -1.6801621565454188
-0.018105344107539233 0.042487548830192456 0.05187329278478468 -1.3472223211003194 0.15747214795708486 -1.462162572428001
0.04283617191119537 -0.03675046714917585 0.05190845352949684 -1.5501183115608532 0.2616358179015774 -1.6163631035589987
0.0495567621304226 0.007502187736186806 0.05191655678119031 -1.6312747439231794 0.11704017718021609 -1.510822204062132
0.037080873507864216 -0.01256189002831708 0.05187630965996671 -1.4003720546437888 -0.07526648621701915 -1.2585791846416803
-0.02306151760180427 0.043413954398508266 0.051904970180692546 -1.3917324384384948 0.14750978806261505 -1.5028014465163595
-0.014032168109733472 0.03432834959902329 0.05188574306926425 -1.2485371192835537 0.07530961004604397 -1.4130468282888442
-0.028273520802528658 0.026505282886355595 0.051909242026662986 -1.3885920040725135 0.03242611748805557 -1.4446947090186504
-0.014698229305452806 0.043001826657126964 0.05190620819311445 -1.4540350706475076 0.05530487305622689 -1.4496226570797204
-0.013363265718049806 0.03795429333335883 0.05190546086298975 -1.39642860992378 0.08553531998275377 -1.343699312776867
-0.017222118345805643 0.04442133811492586 0.05190578530908303 -1.4127213441038107 0.17378374969079857 -1.4730308114027288
-0.01860895752268741 0.04291910180681229 0.051871822585379174 -1.3676555360698672 0.10352862943413643 -1.4920748805303734
-0.03207826144367224 0.03818882619294129 0.051943259948779456 -1.4423947400184995 0.12140794628863394 -1.4995431929084768
0.062201074484663554 -0.00944611852898857 0.0519052659807809 -1.4535871967015523 0.12763460692015371 -1.6855903278080673
-0.023810575032818804 0.02947933227122634 0.051871433512369045 -1.2878659016380556 0.08518982390320362 -1.4120948012101113
0.08884216839788069 -0.01666613598094933 0.05190482680157621 -1.3778111339027934 0.18777761073075583 -1.3563976278750107
-0.04276417542823651 0.021651538340641655 0.051905673824910806 -1.414542394405741 0.02654381971303188 -1.5201242976033755
0.06967484262380352 0.003548312788261382 0.05190313058546879 -1.476747658980176 0.09032451558213839 -1.5562948342120788
-0.04303799954506197 0.02150304705988587 0.051826780141010706 -1.3451116894878559 0.07643711003768217 -1.4793490520602544
-0.04560133180092869 0.016353196981169302 0.051883483621237333 -1.2869090629170008 0.031448879216192216 -1.5434558987210478
-0.008888422045456066 0.03737256595175062 0.05190617316362445 -1.3844892614031523 0.046719027782682776 -1.3330856211794828
-0.038315171605074756 0.03216265278648878 0.051904666684084805 -1.3274419657711256 0.10856337833800445 -1.5593777257380343
-0.01969280951490077 0.04437407647644735 0.05190992646741331 -1.4047520664843771 0.17887895694727862 -1.4986778158930882
0.05471556344203984 -0.013509967783063747 0.05190703362874665 -1.5517059458064923 0.23777626289562903 -1.3597732051117406
0.01556035872168152 0.006317916827707259 0.0519006865814969 -1.453657690399274 0.3034508449678175 -1.5531649658690612
0.013644044431054712 0.04376776255925961 0.05189726649317056 -1.459248428662105 0.12727815909706752 -1.5642341031483813
-0.016947617549064507 0.04257189785613657 0.05190552792286008 -1.3853631362647398 0.27300504152153726 -1.3728113360812755
0.08361506881800773 -0.0035593030598392804 0.05190445173690989 -1.5754908833414412 0.21355344655236608 -1.4355331042016863
-0.025000431640730698 0.03503488474961824 0.051905273650637504 -1.389007871036167 0.05400338014637107 -1.4915379216797948
0.0026206973151534107 0.04906619206042138 0.05189860526977591 -1.479357880718993 0.04947829596514186 -1.3956283047867484
0.032458318826962214 0.028739356052860647 0.05190845423590287 -1.4777914752734918 0.10111363249491112 -1.5802906280863798
-0.023228958547887466 0.042488753180093417 0.05190331281648445 -1.4018653721642136 0.16948920787711041 -1.4396833342409345
-0.021122964738481114 0.03620170546302306 0.05190325401948662 -1.4093250356562337 0.10323754814302588 -1.3835928183540307
-0.023498243944782154 0.04235669854344016 0.0519015165367464 -1.4529945987364743 0.1223289081238168 -1.459873877774836
-0.024670851074466486 0.040457452583982104 0.051908202661182526 -1.4887556981689563 0.09409998072606762 -1.4556700505574616
-0.007099281195890641 0.04522945989281832 0.05190685421328926 -1.388576213212986 0.2048662856516974 -1.5401921659115998
-0.022130591148960495 0.046633300490389516 0.051921938805921525 -1.6019965423932547 0.27962322299079423 -1.460344341570405
-0.018456104708953383 0.0387502230951875 0.05187220628444233 -1.3337235333559398 0.20392879457320134 -1.326598710007334
-0.009318641207715436 0.04461408904137818 0.051902714733717555 -1.4304657030664236 0.06627448389102697 -1.4089473773875674
-0.011299905213856366 0.044539263684510125 0.051871725335395955 -1.4337357117352694 0.06835506471070918 -1.4153504260776317
-0.01864725455450465 0.04230875161779147 0.05189734705665711 -1.4016963948757406 0.1579887615713127 -1.3921886762961053
0.038357322928180004 0.024394037505627852 0.051898825209957915 -1.4205701348943278 0.08576406777187495 -1.6037732861039222
0.07578328265978668 0.0034224272819516105 0.05190981823181653 -1.50065774088119 0.24724045773557846 -1.412863620758674
-0.009222583582676584 0.04571896267032327 0.051895964810298664 -1.4419134345808817 0.06683301012047194 -1.4462486043219567
-0.016167448995816156 0.03257181032699795 0.051874335276155446 -1.3219666393662184 0.07759486865686416 -1.3587579944550108
-0.01409918592569874 0.044524893502042126 0.05190382813220376 -1.4131646372063862 0.2488532156345198 -1.5220433593376272
0.08279456532316913 -0.000290566027099541 0.05190554916368148 -1.4401964817065966 0.27380189204034777 -1.3133559801447547
0.06241601433295358 0.004425723375171922 0.05190846980916224 -1.4937482894618186 0.1358936008184608 -1.4896213742142173
-0.022539543249403955 0.04304417416519624 0.05190862601285293 -1.4134385814031676 0.1813797836249167 -1.437545536117909
-0.08592526648645166 -0.01703339716943743 0.0519095021102649 -1.3555921736836551 -0.1659214661570334 -1.5187211692528453
-0.009358629013802574 0.04615449898549123 0.05190979837316995 -1.497625645313989 0.054001584426932814 -1.3999839191668897
-0.019095655753785246 0.04016048337194458 0.05188615311859857 -1.2720062166219555 0.10779441095555842 -1.524888708850526
0.014125562728321692 0.026069976147647188 0.05190237814998683 -1.5094220878001132 0.21323573420158093 -1.5946488286073073
-0.017378705393598502 0.04560499860222614 0.051886261095604465 -1.438904574764976 0.17891587764556172 -1.5470877451004588
0.002252362407486472 0.049597912068962115 0.05189382677510667 -1.5152513778798467 0.13736314828422147 -1.3852252682865758
0.023907849715748178 0.042326907500846146 0.05189403046121692 -1.4299393404489988 0.08568979657193654 -1.5289276773357778
0.08541584487303153 -0.014016634466353298 0.05190850763440691 -1.4264095939183372 0.19525490084450148 -1.4525330832968608
-0.03157251458807441 0.02846373659176321 0.051905091736511456 -1.3593526466429402 0.0697989644377508 -1.4666350002512734
0.05500430882164641 0.003375126768768699 0.051897871110551046 -1.4195729040035654 0.062978385122757 -1.7093026434304992
0.08034592501226828 -0.030091274997253652 0.051897474510675154 -1.3074099240400694 0.22018658750114328 -1.4235213854682975
-0.017176812522318376 0.02421929585784316 0.051874778791076735 -1.2325301591329652 0.0353289624160662 -1.3647128619999962
-0.008770200724308305 -0.03730135263008866 0.051888371031662266 -1.4869369419537033 -0.040631017465360575 -1.4092004131692992
-0.022848551277114198 0.02518382910530465 0.05186976156098062 -1.3461118878341858 0.005971686954756805 -1.4254920966084539
-0.012269154308606537 0.02792429508524805 0.05188597985484217 -1.2454650018745135 -0.05099692465714423 -1.49187794629749
-0.02129933751223295 0.0425988762878299 0.05186076856447119 -1.4804278147185104 0.14916681646077712 -1.373097425784363
-0.06295913634453745 0.01267674617844144 0.05190043966022908 -1.445968155172197 0.019020452711786984 -1.588905993234032
0.03058166124074655 0.012995554327349482 0.05189658224218356 -1.3280077069871614 0.17131924465053405 -1.6219207788110581
0.0017498283949252589 0.04780065278648878 0.0519046666840848 -1.4154006227643772 0.10847868359602297 -1.477532891460853
-0.000847104103501924 0.04733249173935046 0.05189961171948418 -1.4436049136119007 0.16528520781352296 -1.5391418044764256
-0.045449697549596525 0.02603003700394278 0.051883945113514365 -1.3340120615859141 0.12664127829735827 -1.4954496008955978
-0.008621379015350454 0.035516849741963036 0.05190806886446133 -1.3290842604129192 -0.07620008845104587 -1.6223308277567123
-0.026792946021068718 0.035576148958158534 0.051898831968707974 -1.4398561308446025 0.04936044570288023 -1.503612564358333
-0.006810111121269187 0.04732366459259633 0.05187480427379624 -1.5789239333036078 0.2340889531240513 -1.496521552366861
-0.041174088552863884 0.016953999409708796 0.05190603675071794 -1.3871832123473689 -0.0179248583964422 -1.5148307335008064
-0.015144595095798383 0.04597145540629943 0.05197067363676838 -1.430745834564465 0.03979855312147973 -1.637509003356299
0.08129988951870128 -0.02735465864332385 0.05190831661293326 -1.593721465503779 0.23133445527500163 -1.7069952741933472
-0.017522189516380474 0.04451401112754634 0.051903069436018266 -1.4287319437774444 0.1122195026616657 -1.4996952689041176
-0.0346694181735232 0.03585005226106549 0.051903552613286594 -1.3745189763389836 0.16451756167940523 -1.4755696059515464
0.1295247911410262 -0.053729361170139295 0.05186363965226565 -1.3323478894949705 0.20405459928638625 -1.520508438898607
-0.00788221570598648 0.044749382253195524 0.051891834265488254 -1.408987440179084 0.18102845652189092 -1.3583642930124724
-0.052357171605074734 0.004034652786488774 0.051904666684084805 -1.8033215121211088 0.08434200345715781 -1.616924635651941
0.07429082839492528 0.003256652786488737 0.0519046666840848 -1.5368351590448683 0.26281950048755487 -1.4447254437686876
-0.015707216179796445 0.04373266120549828 0.05190453457113069 -1.4248255446928184 0.06636802330489999 -1.473299400968802
0.07760524537495915 -0.027731804695909867 0.05188590643230966 -1.3350610859198708 0.14301206333205285 -1.5747951007609522
0.00991815585748406 0.04650787682134279 0.051905648314722004 -1.495722764875944 0.13763625378210187 -1.5568095771160761
-0.013218602174263228 0.03708391824042362 0.05188739870377441 -1.3866861809702506 0.04617814479773874 -1.3961262944705024
-0.02153584833269854 0.04052493941576692 0.05187679491507851 -1.371803671998236 0.13885248178062337 -1.4348841129090313
-0.013570542779473758 -0.023798688165598766 0.05190050762697001 -1.4556979545575472 -0.09787939997739459 -1.4207061625592516
0.03640102572084355 0.024747264943678713 0.051901138132701544 -1.4582697037920465 0.0687773327745238 -1.6658115086783905
0.013672854135259604 0.035803307873544 0.05189675903213128 -1.4808184121314674 0.16339623524887115 -1.6075864665449464
-0.011218099804134721 0.04018052465068705 0.051898747397590775 -1.377253793782778 0.09814881774213413 -1.3429519087014345
-0.004718706977882486 0.04638178057481993 0.05190703345514927 -1.4975590092812492 0.2326001574473251 -1.4322422626756455
-0.03910217160507474 0.020865652786488737 0.0519046666840848 -1.24700428259262 0.08865458520668379 -1.4779714057786548
-0.030163588821566854 0.029074145373085246 0.05187343969060353 -1.3469228794074173 0.041383958615134775 -1.5078800866589614
0.07921411949006549 -0.0010652593070332838 0.051904718000676864 -1.2920609897686937 0.30314839922943637 -1.6230103327206054
-0.020006886461338684 0.04009913530497235 0.05198806909643918 -1.3794126165553218 0.03905137245384149 -1.547196623469342
0.015069906405264783 0.032086965337994544 0.05190422625072814 -1.5527301505775266 0.10874062687722175 -1.7390598144128662
0.0187847572588012 0.007760074015145425 0.05187036520615997 -1.4294377009122585 0.2713432535131144 -1.5871622145985276
0.04862607016952717 0.0049974808909056265 0.051902225307014486 -1.5077143469743908 0.16627143606410955 -1.539992636048516
0.043152658763480296 0.020360492209843067 0.051903386425893254 -1.4293298596068524 0.08922498902872089 -1.5910746255932797
-0.01604221272328409 0.04451655006064638 0.051905705536929456 -1.4235159562557977 0.1341480477165049 -1.4452521235621891
-0.015493160326751439 0.04564276377583404 0.051907034726570406 -1.4859003029484017 0.12649609336935042 -1.4150988140868919
-0.005443798967757027 0.045011463506521285 0.05190588009015979 -1.388072761713624 0.06695143877760334 -1.4309848002301657
-0.01869362122903117 0.04544641405161729 0.05189882643928697 -1.4756305197920656 0.112981138765051 -1.4732855920522308
0.07044087142524484 -0.043919816582063356 0.051899619614100015 -1.3044077520959336 0.23366012582783502 -1.4281307524494231
0.015367126282910402 0.045652556285334905 0.05189884479668402 -1.3493221705119487 -0.13131268229366944 -1.5613268506769158
-0.011143189689339184 0.04164824294198609 0.05189531940411173 -1.4813752098872852 0.04928364788038753 -1.3595229317238795
-0.013554456340138086 0.044309497910060634 0.05190920904565676 -1.4267504888316238 0.1183190320673797 -1.4230307607495079
-0.009655763998312625 0.04666646497449164 0.05189712712976554 -1.5028990283910835 0.1648619302951022 -1.3607973803320417
-0.013511215986084036 0.033781808123807315 0.05190717737339387 -1.4677597588378068 -0.03811733070958101 -1.41946744587706
0.016656226758225798 0.0376735446976866 0.051900479547957075 -1.3841549020783657 0.10236482841428796 -1.6402233034083744
-0.0390393354410402 0.02549699988622883 0.05181078994494777 -1.471273606663734 0.03581107534707817 -1.4918276664509345
0.017242355534101386 0.04640773462002504 0.05192602895732708 -1.6786976195916055 0.03188882901746681 -1.5239392544459762
-0.04949732802083224 0.014660303438856529 0.051886067719586614 -1.3337223297480663 0.04238691466722044 -1.501856978174363
0.03619890043571813 0.010804639748767931 0.05190136736003281 -1.4446477781842697 0.15936833697057473 -1.6299700992765949
-0.015452647785522666 0.04737756206809465 0.05199068176060838 -1.5183943489462057 0.18623630931760515 -1.513726166443158
-0.012562309286472185 0.04229592820006273 0.051870143100639976 -1.359656294620273 0.11331162482131063 -1.412876925589663
-0.011487986322349032 0.031087223918082836 0.051871781945727266 -1.3487175583526916 -0.0802733154004478 -1.5151110591055958
0.03669279006375261 0.013313782783435464 0.05190462217870893 -1.49378659471593 0.1601833797474903 -1.5749026550361367
