-0.011052,0.018551,0.0654,-1.391509276236211,0.038073562543230244,-1.456725471511498
-0.054082,0.001819,0.0654,-1.5888897846911543,0.17555984578104855,-1.595284665575885
0.071297,0.001993,0.0654,-1.570434114999614,0.0058234009436617384,-1.415591982610018
-0.040229,0.015227,0.0654,-1.5081873582100402,0.10376659168917124,-1.4735204179164052
-0.015009,0.023981,0.0654,-1.592043094218123,0.110747896359072,-1.4861692445937371
-0.005552,0.000649,0.0654,-1.428173352212149,0.19446342204675293,-1.5258550016685306
-0.025444,0.020039,0.0654,-1.4021376450785246,0.24907061431074218,-1.5059145035032673
-0.034901,0.034623,0.0654,-1.355197893402087,0.03533145833086637,-1.5785763241011623
-0.020577,0.018499,0.0654,-1.3077677677112611,0.14303716284505952,-1.2578982767154383
-0.040313,0.016762,0.0654,-1.4996439112276472,-0.0003710975695223606,-1.6238742597042009
0.060706,0.007559,0.0654,-1.4905427983360502,-0.06835112619128081,-1.4587917192572648
-0.006676,0.038158,0.0654,-1.6182903103527464,0.27804140482371986,-1.6451153231619595
0.024502,0.01008,0.0654,-1.4781825570292544,0.09584899191873375,-1.4595316828527412
-0.064489,0.001259,0.0654,-1.507146161887003,0.14463207755349017,-1.457433166609608
0.041827,0.000691,0.0654,-1.3680979198199543,0.1625299369950075,-1.4935026694831435
0.052997,0.004804,0.0654,-1.3299525627656426,0.16244767017536876,-1.421707921527255
0.06519,0.001362,0.0654,-1.443033912769701,0.0752262433378883,-1.3870209769550226
0.004085,0.011091,0.0654,-1.3141889761405046,0.18569417189461257,-1.4278700243464755
0.00378,0.052468,0.0654,-1.2875787067455853,-0.013516175008188913,-1.4075097069408318
0.012812,0.046695,0.0654,-1.3857789530007514,0.06724555225325446,-1.438933698598497
-0.008106,0.004157,0.0654,-1.4035378961050147,0.10795574562291699,-1.498039115811692
-0.012985,0.032949,0.0654,-1.504009168773256,0.09696150994080743,-1.2519235153726305
0.056348,0.007186,0.0654,-1.2492808813830467,0.1663084385638176,-1.3682557631964711
0.034403,0.029703,0.0654,-1.4667640364958094,0.020836871026698178,-1.3967102738611932
0.007043,0.035966,0.0654,-1.4079891645110536,0.06436594310742305,-1.4364743214489792
-0.012783,0.049158,0.0654,-1.6007975605794071,-0.03177851672919463,-1.503919291815882
0.008403,0.03179,0.0654,-1.5525384785957819,-0.015845192351496395,-1.5234320199793818
-0.060208,0.007772,0.0654,-1.39442407217452,0.0033157449359797475,-1.442054193473464
0.017306,0.007475,0.0654,-1.5819772717694782,-0.024177541287421223,-1.4838261645104325
0.004566,0.032253,0.0654,-1.373032030440509,-0.030344114529798905,-1.5920618194913294
0.014897,0.006973,0.0654,-1.5055410549860562,0.07903487288420208,-1.403113672391918
0.030693,0.028139,0.0654,-1.539177794143867,0.01374222607122233,-1.4137942478720815
0.001508,0.022829,0.0654,-1.3665948007507325,0.16126741814428347,-1.2823869615241845
0.014454,0.007823,0.0654,-1.3976640839115226,0.050839170936957556,-1.4567033461402121
0.009452,0.038588,0.0654,-1.510027612700295,0.08776809280139419,-1.5290312415182477
-0.048316,0.025874,0.0654,-1.565991473364666,0.11592426532923117,-1.4139106633638736
0.001663,0.023683,0.0654,-1.3453818994245808,0.07200137193885614,-1.4422987261626443
-0.038046,0.026396,0.0654,-1.3205532038406622,0.24557105799611412,-1.3791265926472274
0.068558,0.001676,0.0654,-1.5390835877270252,0.0023199798574509156,-1.6821440587064962
-0.055213,0.012543,0.0654,-1.3944128910508709,0.17511788338280665,-1.5270982715440689
-0.038972,0.02775,0.0654,-1.599128410279007,0.14036645225323174,-1.5081527019705907
-0.015441,0.009222,0.0654,-1.4988294155900863,0.025538355674766366,-1.507487814402875
0.01694,0.019942,0.0654,-1.544686694593715,0.2035439801598291,-1.4508608567925165
0.010552,0.035614,0.0654,-1.4262252377183073,0.1071180917417931,-1.4636285608784994
0.049003,0.015663,0.0654,-1.4832783794148294,0.09770613003359974,-1.5108638231966043
-0.051322,0.024052,0.0654,-1.4515109812667188,0.1294760750748345,-1.6542208388158597
0.055215,0.015734,0.0654,-1.549235270962099,0.03102501223180587,-1.640464780990507
-0.024895,0.017545,0.0654,-1.3922430000383288,0.09682339314610022,-1.4723699407605368
-0.042505,0.004811,0.0654,-1.4928201625997084,0.008149869581295377,-1.4087908497437507
0.030282,0.008959,0.0654,-1.5100146105666064,0.1540522764504062,-1.3964245749946937
0.019158,0.005478,0.0654,-1.3907158305814231,0.048088373509625804,-1.4194768337241652
-0.028599,0.008231,0.0654,-1.4965074804594807,0.07838920000102023,-1.2757668068363954
-0.007275,0.049918,0.0654,-1.5441348014867018,0.024831100701923958,-1.5043801146620581
0.016912,0.023519,0.0654,-1.5630448825961725,0.1407011000938101,-1.6612825464284482
-0.021797,0.050159,0.0654,-1.479831970971933,0.14385810253256115,-1.4542024245259366
-0.041887,0.003085,0.0654,-1.5130008795042678,0.14999904527158314,-1.29033892446663
0.002975,0.026936,0.0654,-1.4245871002655381,0.06454455699981021,-1.633887503616818
0.008509,0.008767,0.0654,-1.2833876261627166,0.0970262096527581,-1.5939292824766185
-0.029951,0.00026,0.0654,-1.426038697044606,-0.0642124160814721,-1.5389767471334996
-0.019521,0.001198,0.0654,-1.4424211647108438,0.16759022372698595,-1.4027528502713147
0.024753,0.006043,0.0654,-1.5374473811073228,0.09390358677858468,-1.4265706238095437
-0.009192,0.055876,0.0654,-1.5557804601637817,0.10403024326386556,-1.4473149254458177
-0.009699,0.025692,0.0654,-1.4359139619801882,0.05066304153970003,-1.447839686128678
-0.029864,0.031762,0.0654,-1.3333576507535028,0.12869269267964611,-1.4939507010828463
0.005283,0.032501,0.0654,-1.4523517250116418,0.08673497748982428,-1.4065589122092532
-0.000983,0.061029,0.0654,-1.4642730831433306,0.05652301162451989,-1.5303946452939192
-0.006857,0.045528,0.0654,-1.4108231083218357,0.16648718994270917,-1.4151189300802665
-0.053264,0.022224,0.0654,-1.4190329827755706,0.11782089681774766,-1.517287225005317
0.000923,0.047534,0.0654,-1.3981384058474207,0.10787414994475308,-1.4331532730241585
0.016728,0.054321,0.0654,-1.478200358078108,0.042448275915190736,-1.500982713716956
-0.050255,0.009179,0.0654,-1.483946301750473,0.09531006344696213,-1.487936871263376
-0.007022,0.043077,0.0654,-1.5197321045890853,0.15650283668627663,-1.4196754676146732
-0.040045,0.03436,0.0654,-1.4516778121056866,0.13795390209070924,-1.4764503749531435
0.012678,0.036923,0.0654,-1.627513812058351,0.055383186990389355,-1.4409702621055125
-0.029543,0.011213,0.0654,-1.558787840222352,0.15174477938954078,-1.4222733737546538
0.030666,0.022435,0.0654,-1.5887244898851343,0.10929388581376642,-1.5563538369902632
-0.003654,0.048221,0.0654,-1.4928000463487217,0.13512329846843119,-1.6596219377084762
0.023887,0.023374,0.0654,-1.344882491177358,0.19419682982522435,-1.5734471795357405
-0.020464,0.049522,0.0654,-1.5439588618096722,0.06951313118072999,-1.5380322806015667
0.050653,0.00939,0.0654,-1.4233111838605386,0.15863099830026361,-1.585295206731146
0.028237,0.004852,0.0654,-1.4122159674178423,-0.0115324797210552,-1.425273139436504
-0.06788,0.005639,0.0654,-1.4689314985164268,0.0481871249078647,-1.4328363155168835
-0.016848,0.043992,0.0654,-1.471826899493998,0.07616467745407918,-1.5024060339274437
0.022808,0.011298,0.0654,-1.3970767404394602,0.09252109034666511,-1.3373873165044305
0.011363,0.025974,0.0654,-1.510932926039184,0.16811752285387715,-1.4743371076508816
0.024312,0.035806,0.0654,-1.3506923781079057,0.04985262127952117,-1.4169802133709886
-0.020369,0.047716,0.0654,-1.398322594488234,0.1634300055741651,-1.5030200756227952
-0.018703,0.038597,0.0654,-1.506847762751531,0.06485765141014754,-1.5439386556670238
-0.0455,0.01867,0.0654,-1.5595415385422244,0.0421783041406103,-1.564688092028367
0.013444,0.000398,0.0654,-1.4730352468430534,0.10956440910516752,-1.481041631321133
-0.034273,0.016977,0.0654,-1.4941453634870077,0.12761486498603625,-1.4938407506374742
-0.015588,0.044951,0.0654,-1.4547787543464963,0.04237302676720667,-1.5569341041695708
0.008821,0.004703,0.0654,-1.2570400402247213,-0.12594523144980796,-1.5765341449401176
-0.012231,0.058843,0.0654,-1.4335861700036543,0.08260352647835378,-1.4579266796878063
0.021438,0.015213,0.0654,-1.532556648277495,0.006658142018562296,-1.2870616941399802
-0.059176,0.010225,0.0654,-1.4335995782561775,0.08959450335937658,-1.4890600658316175
-0.06811,0.000307,0.0654,-1.515149274018596,0.1023606152471892,-1.4565789408900234
-0.045605,0.01936,0.0654,-1.4321693638664208,0.19926547350995127,-1.3862940053625177
-0.049468,0.016413,0.0654,-1.4939452696025648,0.006168353868657661,-1.2833095946438506
0.074311,0.00484,0.0654,-1.5578067883271949,0.055373766843133554,-1.4536410359340184
0.008485,0.012129,0.0654,-1.5433883352479856,0.07389685480291819,-1.4412002692581598
-0.036047,0.018034,0.0654,-1.5725789315510608,0.06106429421971771,-1.6429215370370411
-0.00381,0.052383,0.0654,-1.3548265993462416,0.03256925496065377,-1.6277316028581303
-0.030064,0.009475,0.0654,-1.5275410827030975,0.1112813873058427,-1.2654703837337415
0.059295,0.003235,0.0654,-1.435181250678757,0.15020200465999256,-1.4798716781953534
0.024082,0.044214,0.0654,-1.3252435968173473,0.10661918553152172,-1.5546335327582057
0.008182,0.001577,0.0654,-1.6059434263316736,0.05358147668654922,-1.5637321907196409
0.008785,0.03113,0.0654,-1.463985826640776,0.29726853904248074,-1.5288665255228593
-0.041586,0.018513,0.0654,-1.5584027860365268,0.24190273063633771,-1.6767862421537396
-0.040983,0.019061,0.0654,-1.4543717728036814,0.1941758475493578,-1.5452768334834237
-0.059151,0.015054,0.0654,-1.488846099501093,-0.04553184703401514,-1.3980753187874069
0.026023,0.005822,0.0654,-1.5678388142274473,0.07501702094031382,-1.5436178109215495
0.025451,0.028813,0.0654,-1.4464712828322042,0.1721862224471098,-1.5470682719755984
0.067053,0.001003,0.0654,-1.492108767726178,0.14427826467994498,-1.5048424029986114
0.002574,0.017763,0.0654,-1.3793891098711855,0.14172510306713093,-1.2728805521199589
-0.006816,0.041916,0.0654,-1.6113136224202456,0.17760677885749732,-1.6066805469241832
-0.037157,0.030897,0.0654,-1.3595657459716786,0.2144431273883438,-1.2107148850373646
-0.034716,0.035623,0.0654,-1.6479339456165238,0.07769026535775647,-1.455497866493481
0.026979,0.003189,0.0654,-1.5237724460787019,0.16423937855670068,-1.4004114344924659
0.016845,0.035349,0.0654,-1.38838222675143,-0.008814013633339668,-1.5878121484709762
-0.025485,0.03295,0.0654,-1.3651958687546135,0.10047085572394665,-1.405403407393969
0.03429,0.020735,0.0654,-1.360235324888701,-0.006073009325382905,-1.4942831611018135
-0.066281,0.005523,0.0654,-1.496050567810598,0.18631925705525454,-1.637173587698291
0.002989,0.029172,0.0654,-1.4494824210915243,0.09757092776895115,-1.4258425476451684
0.067715,0.002909,0.0654,-1.570734979093079,0.021300318940865814,-1.5696202347711112
0.008785,0.059185,0.0654,-1.5562996176151342,0.08241114193870969,-1.5464989706188184
0.004005,0.021482,0.0654,-1.5368717846318452,0.21420483004106683,-1.4957024506467465
0.02625,0.018966,0.0654,-1.5159662401786926,0.023757791281999507,-1.5707981319315492
-0.002142,0.034816,0.0654,-1.4169894746613039,0.07683174366916212,-1.6178643234841628
-0.003321,0.033414,0.0654,-1.5071103385126108,0.18612946671199504,-1.5319096021349565
-0.060807,0.015663,0.0654,-1.3248084499470838,0.1302922438623122,-1.4649488426149095
-0.027946,0.012059,0.0654,-1.369462193165217,0.04569858921671388,-1.608322415415167
0.032398,0.004937,0.0654,-1.493131639855843,0.15768776657853945,-1.5676582357412092
-0.036741,0.030805,0.0654,-1.3094454197286785,0.1324892282231367,-1.5725258055334175
-0.036544,0.009373,0.0654,-1.4989699415562967,0.24198756258349774,-1.5021530878300828
-0.02168,0.013591,0.0654,-1.3337405202349786,0.08590745952592616,-1.5526431292395724
-0.012979,0.043481,0.0654,-1.4556198602822044,0.0758853948990883,-1.4333771566031563
-0.049295,0.000792,0.0654,-1.5620573839737855,0.26840612904756567,-1.424640604166612
-0.000792,0.021275,0.0654,-1.4761369610823483,0.16270351038507158,-1.4895468685558921
-0.052723,0.0141,0.0654,-1.4641310861800527,0.18904202942922987,-1.4957995215931836
0.022399,0.003945,0.0654,-1.506065269490349,0.07157821354474048,-1.5520938903380477
-0.005908,0.019986,0.0654,-1.5382083290424566,0.24368251124758133,-1.4144675345746711
0.026847,0.008306,0.0654,-1.5431434297668485,0.09684837268866198,-1.3267197613629385
0.012882,0.036262,0.0654,-1.313353810511727,-0.01028724173079909,-1.4935872997503157
-0.067904,0.001258,0.0654,-1.417869203973204,0.11685803918914517,-1.5433960679266967
-0.050827,0.015578,0.0654,-1.4323289951488438,0.12949982263332394,-1.5512089258475703
-0.015685,0.034233,0.0654,-1.5457006542053104,0.048180146240758503,-1.4353845560828968
-0.020309,0.035086,0.0654,-1.483291874772622,0.15183592576487737,-1.498573052811035
-0.004356,0.040484,0.0654,-1.513384764361724,0.05645440797631718,-1.3805250753961285
-0.008704,0.027087,0.0654,-1.3985526092128882,0.061323480486333404,-1.244414147631938
-0.023306,0.016766,0.0654,-1.4887089766819674,-0.018199963614765613,-1.402175672679235
-0.036794,0.037612,0.0654,-1.5402154716429992,0.2104904579920539,-1.4841954988057933
-0.017239,0.001369,0.0654,-1.4030067114419862,0.10852301695125788,-1.571317303412234
-0.037281,0.020696,0.0654,-1.5825132487051916,0.1024886659451576,-1.3279381009150941
-0.008266,0.009682,0.0654,-1.426334853510963,0.1730490677445573,-1.2201031833583516
0.00571,0.041837,0.0654,-1.4983234024609928,-0.0050739161461714755,-1.4826771442544777
-0.034002,0.001078,0.0654,-1.5528811551632484,0.13443125358100172,-1.3394891150750996
0.001399,0.045553,0.0654,-1.5100471543414233,0.02225169984770181,-1.4371786842452166
-0.03093,0.020516,0.0654,-1.3950330110275895,0.13957771085443382,-1.4902599622816088
0.034526,0.024431,0.0654,-1.499222215045051,0.030432792012548893,-1.4694966141772163
-0.023455,0.033506,0.0654,-1.4563626247481154,0.0309921673839757,-1.414776842483101
0.034087,0.033696,0.0654,-1.3805899035348164,-0.07107205962929775,-1.4238675687228957
-0.056384,0.004511,0.0654,-1.3976358122691934,-0.08229041548954696,-1.6669082041656493
0.053263,0.011598,0.0654,-1.4571884656716891,0.10438794754969494,-1.4927931113011654
-0.021657,0.030031,0.0654,-1.5133119865008344,0.24252136210880737,-1.5010039266157922
-0.025652,0.010503,0.0654,-1.5689562924369742,0.1351260407441841,-1.5283051979880184
-0.015567,0.005571,0.0654,-1.4159916943745416,0.08070805397475267,-1.4325771417686097
-0.005509,0.031097,0.0654,-1.4350254799613216,0.1484232063527018,-1.398412374318075
0.007204,0.061308,0.0654,-1.5666735616209406,-0.0011609305154434146,-1.471878373544302
-0.021286,0.003432,0.0654,-1.3883254634711144,-0.005473142520765917,-1.3880243968728463
-0.020499,0.001234,0.0654,-1.6696647226484511,0.015807686853910985,-1.567953680142796
-0.004381,0.02444,0.0654,-1.2774790512992285,0.26970622204246775,-1.4249739629418596
0.016103,0.020006,0.0654,-1.4212260321635244,-0.01574851511179709,-1.581705171929621
-0.01731,0.023463,0.0654,-1.597222640185814,0.15797430941777457,-1.5508939883370938
-0.033443,0.025312,0.0654,-1.3871719207443634,0.11771160151868076,-1.362258224125812
-0.020244,0.013922,0.0654,-1.5280230761444706,0.1925999140474135,-1.4885513314088212
-0.029068,0.015194,0.0654,-1.4589502912527337,0.18589754734097985,-1.370573115323328
-0.022886,0.038214,0.0654,-1.316965909307922,0.07831752615410914,-1.3823742743928413
0.010244,0.031005,0.0654,-1.537410765261389,0.16673020059493293,-1.5245686724026113
-0.007005,0.017507,0.0654,-1.466241067986077,0.12430869920001664,-1.4355472622198076
-0.015757,0.027733,0.0654,-1.755416803819742,0.07917684870853048,-1.608808843459609
-0.011788,0.050816,0.0654,-1.4538035427182499,0.06246812019291981,-1.475324107943315
-0.016217,0.008095,0.0654,-1.410033017088848,0.2579224178383406,-1.5327693367855728
-0.004489,0.050185,0.0654,-1.3870251559291717,0.18556822267714135,-1.4746346302150624
-0.031915,0.032833,0.0654,-1.5417217209379495,0.2263828812002684,-1.5378016526629328
0.045133,0.008082,0.0654,-1.5196079978949404,-0.01863119016026271,-1.5360956140421027
-0.006989,0.007365,0.0654,-1.3802061171079412,0.15846368909424058,-1.4599199847330204
-0.012727,0.051896,0.0654,-1.5096824913569953,0.1845471586272578,-1.45745122787831
-0.012591,0.008826,0.0654,-1.4828331869735523,0.05208631140241127,-1.523073828481377
0.015824,0.010215,0.0654,-1.4692290142566629,0.1847583959466641,-1.5098446795132248
-0.013904,0.026589,0.0654,-1.498733701368279,0.0828032138018786,-1.3757103740438466
-0.009363,0.029733,0.0654,-1.395551125587138,-0.008536710973774397,-1.4918233850860707
0.007685,0.057945,0.0654,-1.4083598641305244,0.03151086998351671,-1.4383472677171547
-0.018917,0.008349,0.0654,-1.5237016075223657,0.11142936155413508,-1.4106949591983207
-0.005189,0.033609,0.0654,-1.404546182057758,0.01123392621138497,-1.4614430096307491
-0.048419,0.010492,0.0654,-1.52475132076559,0.0742523511960902,-1.432158658101508
0.036145,0.008646,0.0654,-1.4151292614590945,-0.012059124808754706,-1.6646446931022747
-0.00103,0.038024,0.0654,-1.3783383696434572,0.04274142854811869,-1.5299390519344174
-0.027023,0.023195,0.0654,-1.626084278905191,0.08099657694333073,-1.5592084527575563
0.022377,0.019284,0.0654,-1.5044967210961793,0.09873477447741785,-1.4087962057607017
0.009577,0.039917,0.0654,-1.447309705147733,0.14996130838947064,-1.551970473786235
0.016958,0.043584,0.0654,-1.4389968236884005,0.03781960632513637,-1.543274337825561
-0.003718,0.021935,0.0654,-1.365123601904516,0.13245751343189394,-1.5008546976586363
0.011283,0.008473,0.0654,-1.6239937448667292,-0.007392173038965666,-1.5492885950206765
-0.029126,0.037743,0.0654,-1.5431529406523345,0.15384638529303163,-1.435570111244195
-0.003863,0.018269,0.0654,-1.5489686692586402,0.022881856981914472,-1.5018031780870937
-0.057462,0.01759,0.0654,-1.5452452942851251,0.22397290527612368,-1.4778054126595357
0.014829,0.040031,0.0654,-1.476698261172059,0.11881707381408502,-1.4400444733900821
0.047882,0.003322,0.0654,-1.3949639679094283,0.322511143702672,-1.4014854907284227
-0.01835,0.04421,0.0654,-1.40585415659169,0.06437258013012204,-1.3845443802444541
0.066929,0.003233,0.0654,-1.3959231859200025,0.22928770227820183,-1.3458169500535182
0.003802,0.010088,0.0654,-1.649568675201254,0.14016452475841268,-1.4652718760405508
0.027552,0.01945,0.0654,-1.5751981046969186,0.13809370120719233,-1.520630617113943
0.064773,5e-05,0.0654,-1.471696801136405,0.21176109753029748,-1.3871739555090488
0.003351,0.003633,0.0654,-1.5109328543992704,0.27323676537715547,-1.557404689791312
-0.026328,0.002472,0.0654,-1.3482697765503202,0.0262186838347771,-1.54480470241649
-0.040291,0.016526,0.0654,-1.4940926126707292,0.04025317988626176,-1.5576262858357808
-0.03787,0.025968,0.0654,-1.649633412272372,0.23086937835901478,-1.4772030769432596
-0.027592,0.030151,0.0654,-1.5012965793735864,0.054595776309090516,-1.5872029096009619
0.030408,0.001728,0.0654,-1.4050775614515143,0.05185168731395762,-1.4500172212917075
-0.015764,0.036838,0.0654,-1.4722060381336106,0.15565356405062158,-1.5422114850889974
-0.006582,0.0626,0.0654,-1.3654084598014298,0.061342175092335305,-1.42040992581848
-0.033533,0.035704,0.0654,-1.4487416126767219,0.14178870652784692,-1.4153652779285353
0.005745,0.030767,0.0654,-1.4130845479195115,0.05068444360099633,-1.6322364676484051
0.005758,0.006411,0.0654,-1.5635625104455002,0.05202518439122494,-1.438401712895788
-0.018146,0.022456,0.0654,-1.3582316324442392,0.04753714921969454,-1.4225263987875698
-0.018351,0.002021,0.0654,-1.3680175259523832,0.20328338149148317,-1.2638268820920966
-0.012189,0.034932,0.0654,-1.635887701215313,-0.08905442027108568,-1.4343258478692407
0.01005,0.003906,0.0654,-1.6178458913796638,0.05147874027244104,-1.4857544369219968
-0.041918,0.007509,0.0654,-1.653874885116413,0.08243481412731923,-1.4383940292808597
0.009382,0.002549,0.0654,-1.35447712197685,0.08713157109542236,-1.3253919682722748
0.073647,0.000732,0.0654,-1.4848599132476321,0.14424681216021895,-1.5320520525797305
-0.034695,0.008382,0.0654,-1.542829823885249,-0.0027598078673882753,-1.562209682683466
-0.015755,0.054482,0.0654,-1.340709541940984,-0.01733467130443711,-1.565787543173785
-0.069474,0.001771,0.0654,-1.3813044687250953,0.07928683744998488,-1.6262680612434492
0.008997,0.03635,0.0654,-1.5596384524711502,-0.020178122591253622,-1.49969762862118
0.004006,0.01098,0.0654,-1.4980222792353999,0.03711275455845331,-1.495778391668181
0.051396,0.010062,0.0654,-1.509671015432858,0.07782637684843552,-1.5719118271292092
0.032667,0.005993,0.0654,-1.5509960112594499,0.17073557082911672,-1.5605436319514723
0.021123,0.044709,0.0654,-1.4929643863146667,0.03268737185557535,-1.4712985394539746
-0.026121,0.026078,0.0654,-1.5221873873906444,0.106564781805085,-1.432128672996515
-0.025858,0.002627,0.0654,-1.4872196890563676,0.21611275035769673,-1.6744235540784973
0.04212,0.000806,0.0654,-1.7505459349123553,-0.0005922973178265067,-1.3717993051009583
0.001501,0.002337,0.0654,-1.3613709806659977,-0.052261162797996974,-1.3910354153609945
-0.007405,0.005868,0.0654,-1.3746196262620307,0.17072791125531905,-1.4286838032666689
-0.002326,0.013594,0.0654,-1.399093729083322,0.1958487341073336,-1.2975607776393974
0.020713,0.036006,0.0654,-1.2926667986701101,0.005402970728458856,-1.539215055806705
0.00994,0.034359,0.0654,-1.4599632333208479,-0.03273678353035825,-1.381806998343856
-0.054085,0.006151,0.0654,-1.340765200559565,-0.06012804200510691,-1.5694437223027882
-0.019164,0.038535,0.0654,-1.6246742119616733,0.3150571372220856,-1.4672250714994255
0.052456,0.003667,0.0654,-1.4710228099037883,0.0684850707465754,-1.385301840699449
-0.016686,0.015947,0.0654,-1.4764336300933907,0.039554481265529295,-1.201940527139742
0.011632,0.010742,0.0654,-1.6147096480244272,0.016704134813837923,-1.456818504751791
0.031411,0.013253,0.0654,-1.5221565669587218,0.16638885561322647,-1.4348732044577608
0.01924,0.019906,0.0654,-1.359356447087815,0.0325290474207538,-1.3937448034560282
-0.025291,0.045423,0.0654,-1.5653714277052,0.0859657000671683,-1.502159493735456
0.0287,0.03276,0.0654,-1.2986898750037539,0.14875535551852748,-1.63374507052657
0.031451,0.018686,0.0654,-1.3364875972929184,0.1588802192334522,-1.514720275796728
-0.009666,0.055777,0.0654,-1.6258273199210842,0.007801588104677348,-1.4517378029536516
0.031647,0.000757,0.0654,-1.3834732675481367,-0.0951378105698415,-1.5912870239386954
-0.03212,0.024794,0.0654,-1.4327307061407701,0.19993557612215085,-1.3941084751273376
-0.013453,0.041981,0.0654,-1.5196541152589353,0.16627799364017393,-1.620609724123274
-0.04251,0.030084,0.0654,-1.267036643603423,0.2466804797183213,-1.4193533335738042
0.010491,0.001169,0.0654,-1.4388571452310153,0.04884821094258007,-1.4815907358896299
-0.03765,0.0073,0.0654,-1.4903997936525224,0.04172010183528507,-1.4011785511975101
0.021816,0.027265,0.0654,-1.5221456882110154,0.08957133752191426,-1.4414914090390745
-0.000283,0.050794,0.0654,-1.4621445467740237,0.10708784504274083,-1.5175692519184307
-0.021822,0.00093,0.0654,-1.3463485632932375,-0.044152361959594044,-1.5785786633138248
-0.02458,0.031731,0.0654,-1.4623941455484744,0.1378837194308038,-1.392488522893754
-0.016227,0.044199,0.0654,-1.5059517049050049,0.14878839131580435,-1.619154299028433
0.047385,0.006619,0.0654,-1.4972263837264286,0.17045435434520662,-1.5436440731137293
-0.035912,0.021856,0.0654,-1.4383934010503525,0.09768429061786277,-1.445892953745417
-0.02596,0.030256,0.0654,-1.4123000276342867,0.24716103947316248,-1.4203550596049586
-0.01995,0.01759,0.0654,-1.522472148433183,0.01681896751305545,-1.450475658964325
-0.039727,0.00944,0.0654,-1.6001807990562962,-0.03408725674069646,-1.546084722538973
-0.009103,0.00439,0.0654,-1.3264743317203085,0.12787681827990438,-1.5679639485049612
-0.03704,0.009051,0.0654,-1.5281014917852307,0.13958174073010676,-1.5094247957908435
-0.04537,0.000934,0.0654,-1.3771560702100805,0.05384478278243643,-1.5147919006350625
-0.007382,0.019713,0.0654,-1.2708765680814476,0.2022084357745857,-1.5322635297524443
0.026448,0.002462,0.0654,-1.4513980445785142,0.1792794457429192,-1.3926754521389295
0.025093,0.02025,0.0654,-1.483904295666107,0.17573434892913875,-1.5308828830529193
0.061413,0.003146,0.0654,-1.3882985407070576,0.027224980300269763,-1.5531605054690378
0.03643,0.015291,0.0654,-1.3919741140979376,0.13368342624829888,-1.5046128000725416
0.05744,0.016279,0.0654,-1.4270364262936228,0.10458696947951851,-1.5632122106827613
-0.028079,0.042756,0.0654,-1.4996026595524339,0.16387574617224843,-1.4344039233542702
0.029282,0.009215,0.0654,-1.3199635215098617,0.1248165962959642,-1.4182835135201244
0.013436,0.050518,0.0654,-1.3240495401756551,0.02785929965404721,-1.6095474426519403
0.021817,0.001123,0.0654,-1.2732810024199157,0.19226987521191052,-1.4761652997318484
-0.014248,0.022238,0.0654,-1.5287057109932123,0.26697092131790034,-1.532885597464852
0.002158,0.001365,0.0654,-1.497644878025516,-0.0014062698363557224,-1.5250122837839581
-0.07829,0.000525,0.0654,-1.4340821969147237,0.10667867897462413,-1.5835574215176274
-0.037913,0.024219,0.0654,-1.6746989029331831,0.21355505945551445,-1.5186059268061258
-0.001706,0.044128,0.0654,-1.5894074445164734,0.1307699686622854,-1.4607925045877437
-0.012159,5.8e-05,0.0654,-1.513449379836414,0.18914625283848818,-1.4009811599114939
-0.021478,0.011284,0.0654,-1.5928284849925336,0.014499858405252919,-1.5077350716073923
-0.003872,0.022053,0.0654,-1.5603678672277812,0.05388715138037603,-1.4864276988233949
0.050858,0.009474,0.0654,-1.4572996430453382,0.005555536762765989,-1.517204825639294
-0.033334,0.025117,0.0654,-1.442234170672524,0.08480800247687381,-1.3888478454065403
0.001128,0.062605,0.0654,-1.4590090210795725,-0.0366819242844183,-1.4399414732255966
-0.039349,0.031463,0.0654,-1.6027915928339591,-0.016167951856281837,-1.5103772219572664
-0.023926,0.031844,0.0654,-1.4943188515493728,0.1554514663227149,-1.4766754137118048
0.024137,0.015372,0.0654,-1.5103906226012558,0.020487719697250828,-1.5114447729549108
0.002536,0.048477,0.0654,-1.522701779205954,0.06822890096546819,-1.427913306666703
0.005583,0.040487,0.0654,-1.5773594340038122,0.17179617754773724,-1.4899073348613487
-0.051545,0.002434,0.0654,-1.6456789454399308,0.1778206998529348,-1.5413834083045468
0.018504,0.013815,0.0654,-1.4184713455078461,0.1192283845139952,-1.5613601495634895
-0.00357,0.054072,0.0654,-1.5366484806676042,0.10168411775616804,-1.4270240340489726
-0.012908,0.012507,0.0654,-1.415911666984798,-0.046296805912364736,-1.407882486060497
-0.064256,0.005881,0.0654,-1.4810476084025,0.14174401844840068,-1.377068952508524
-0.021272,0.050027,0.0654,-1.5007167405653978,0.061481777235693036,-1.5415730270540777
-0.04874,0.016102,0.0654,-1.3175237963023432,0.2688226564917888,-1.2110723077940924
0.009994,0.006948,0.0654,-1.3764051729412314,-0.07908368203677041,-1.342383948414625
-0.029742,0.026303,0.0654,-1.3700758742533163,0.005286612384918454,-1.4569154598136262
-0.022559,0.027644,0.0654,-1.5223773125706925,0.10830674178842714,-1.3825353215813312
-0.026996,0.013302,0.0654,-1.6111151373580037,0.1555819694520355,-1.6341439860548996
-0.038491,0.007932,0.0654,-1.5406544499737946,0.17168520083865668,-1.5150643673391229
-0.034231,0.029934,0.0654,-1.4570508680457828,0.03630517690258395,-1.424014054928159
-0.035499,0.019147,0.0654,-1.623810230501213,0.039549140422774576,-1.5171013412870535
-0.001837,0.037811,0.0654,-1.5210953867651178,0.16037836435018105,-1.4336483627675978
0.017046,0.019882,0.0654,-1.584570705181403,0.08421745604708253,-1.5571695349223147
0.068264,0.004806,0.0654,-1.4105041005689865,0.05734663629249237,-1.573832955316198
0.038564,0.01395,0.0654,-1.5253627242914574,0.12982983612190058,-1.4444447476287636
-0.027638,0.025479,0.0654,-1.3103053474377075,0.10756885483621526,-1.514280510380303
0.012348,0.014179,0.0654,-1.4961979605311702,0.036146549575353015,-1.4085988952454938
-0.041879,0.018027,0.0654,-1.3916090873463491,0.2665228671635549,-1.4609421380688172
-0.002616,0.047577,0.0654,-1.3493858469029756,0.09402234137242327,-1.622096398371286
0.018944,0.0027,0.0654,-1.5359165178298158,0.1516593409299214,-1.5299460791621307
0.024039,0.003759,0.0654,-1.4901061341027868,0.05937108045585937,-1.5173591361129304
-0.022005,0.033017,0.0654,-1.4709479981065507,-0.005547841268758624,-1.6405690970764917
-0.018265,0.046083,0.0654,-1.4603101499191524,0.09486733598236285,-1.5591157058536294
-0.038433,0.0098,0.0654,-1.3026126868001315,0.01480275027837985,-1.4769689052547355
-0.034277,0.012135,0.0654,-1.389972212021355,0.1630056712946253,-1.5607768815268632
0.010105,0.015236,0.0654,-1.4631175217557943,0.10628404202614927,-1.4330903968597377
0.018886,0.007192,0.0654,-1.4249634855487394,0.25656107194396816,-1.4921242453950634
0.005235,0.002209,0.0654,-1.4882082528943037,0.19971377753998287,-1.468990096085832
0.005075,0.026599,0.0654,-1.3605232081295409,0.21726524750386833,-1.4679059674186508
-0.049977,0.004716,0.0654,-1.4200498789670661,0.11880705233424638,-1.383398218384756
-0.013796,0.049734,0.0654,-1.4638888453356502,0.14763029260759897,-1.5270661756692183
-0.006648,0.008113,0.0654,-1.4829116509149727,0.1800485685453781,-1.5301264212711563
-0.043049,0.003778,0.0654,-1.5101790353084805,-0.008802676664495968,-1.6419188221758023
-0.023375,0.024688,0.0654,-1.4777293814416232,0.13984125576971684,-1.3570648790196147
-0.00638,0.050439,0.0654,-1.4793140107599096,0.17687610727545078,-1.4735453062789556
-0.00333,0.013026,0.0654,-1.5332475670275127,0.0398866072057964,-1.587920557979849
0.023344,0.035973,0.0654,-1.5156371480873607,0.1512251250436456,-1.5632203273694343
-0.029132,0.005191,0.0654,-1.5302322469189478,0.10142752025585255,-1.5374396931266692
-0.051376,0.005872,0.0654,-1.3559186992370316,0.0936690506970026,-1.4736342914382794
0.038598,0.000648,0.0654,-1.5043336933283913,0.07389911411938077,-1.4628785750804778
-0.007346,0.053806,0.0654,-1.3655504202339648,-0.027594577081168747,-1.4274241802181389
-0.011115,0.042569,0.0654,-1.5242218872792395,0.12533732201345882,-1.5187108003427325
-0.00344,0.035832,0.0654,-1.4918661833670945,0.024240000431470676,-1.5669337321531358
-0.032164,0.040703,0.0654,-1.4494692201075159,0.07169908158210547,-1.312903894336337
0.003196,0.05603,0.0654,-1.4713811022357588,0.16016629793922643,-1.5137154930937997
-0.017973,0.048052,0.0654,-1.273749579345008,-0.016625037384250252,-1.554293857631947
-0.047049,0.023462,0.0654,-1.4424881629984738,-0.08187680759159788,-1.5547401535904068
0.00026,0.04346,0.0654,-1.4177908404847437,0.15789272015366707,-1.4410359284091854
0.010002,0.012274,0.0654,-1.5429944258929018,0.07874849552882535,-1.5550461317962836
-0.008814,0.013758,0.0654,-1.3780678055169209,0.20748318781893027,-1.4293521182264117
-0.044736,0.008207,0.0654,-1.3319155365505468,0.049648523158893454,-1.4197568003639325
-0.012922,0.00182,0.0654,-1.3714581389992881,0.2089217967797441,-1.30747385534063
-0.031444,0.030542,0.0654,-1.5559019052245826,0.23397650459941777,-1.5011042769092167
0.01699,0.000233,0.0654,-1.5606200872966445,0.05637675303723544,-1.438385080024995
-0.020199,0.022453,0.0654,-1.37418466451408,0.11939630430115411,-1.5976089759984866
-0.036019,0.020134,0.0654,-1.5064427306457036,0.20894120916045344,-1.3785197689760404
-0.004762,0.048061,0.0654,-1.372127398355679,-0.02401415724679512,-1.4697604792769203
0.000457,0.017538,0.0654,-1.501413459785132,-0.015881400329756934,-1.5996468224617775
-0.018118,0.024417,0.0654,-1.5084929173141988,0.13072845941437672,-1.5346155859969617
-0.038712,0.000215,0.0654,-1.467531523433145,0.21728393719080974,-1.5769230593859518
0.011645,0.025249,0.0654,-1.5876519222690901,0.06356710737416127,-1.4073655922217603
0.038377,0.017703,0.0654,-1.5697848092055469,0.10464043742009776,-1.479708815116908
-0.024789,0.015128,0.0654,-1.5333138020531187,-0.045651989504462476,-1.5080291539614363
0.000944,0.052378,0.0654,-1.5721730458034229,-0.14279759409124737,-1.2928832361639009
-0.021024,0.011213,0.0654,-1.3349113764711074,0.2863791766522703,-1.5268926590831577
0.006386,0.001597,0.0654,-1.5248878337020166,-0.023877686831250466,-1.4890187629653977
-0.053251,0.021927,0.0654,-1.5520709416915925,0.06864145391846099,-1.4328032513148024
0.035004,0.019322,0.0654,-1.4787642855635206,0.16274472386696193,-1.5487064838754796
-0.044055,0.012679,0.0654,-1.4411862780842615,0.02508034031866413,-1.4455437208170998
0.013311,0.019394,0.0654,-1.5596504657800552,0.18010895265286098,-1.4629721208219277
-0.038375,0.008248,0.0654,-1.4776010679956795,-0.0054735205611680104,-1.5745853180762897
0.002645,0.024407,0.0654,-1.5549957265907903,-0.05942008778143815,-1.459315268734401
-0.053063,0.007108,0.0654,-1.3216323308874993,0.18615438128390593,-1.4049483945046815
-0.007825,0.008367,0.0654,-1.4687201373130594,0.013333650094047966,-1.5426655102445588
0.004167,0.021744,0.0654,-1.5153343507379244,0.13882002884076372,-1.5816546397260505
0.072597,0.001713,0.0654,-1.2911798410758213,0.15128158143802573,-1.495828044609811
0.003921,0.004598,0.0654,-1.4583508394205027,0.01709188134512507,-1.5727531233908139
0.008428,0.005096,0.0654,-1.5697172333950236,0.18312914881102937,-1.5611698567232324
-0.01089,0.036875,0.0654,-1.4443510119698615,0.15815829791222957,-1.3671581183345578
0.002427,0.008428,0.0654,-1.5423639618776586,0.029178038911185977,-1.5111129053978463
-0.036655,0.006055,0.0654,-1.3890236338331088,0.22711359390833463,-1.60380041738073
-0.032658,0.009383,0.0654,-1.399567963874827,0.1855959311653419,-1.4351010417619334
-0.053827,0.005119,0.0654,-1.3816591614326974,0.13338314228519677,-1.4544566741204523
-0.018028,0.031161,0.0654,-1.4396463862432494,0.07620259263425933,-1.3759259718921961
0.000699,0.036009,0.0654,-1.4521793493798385,0.023780591476304958,-1.34961578679563
-0.00243,0.042003,0.0654,-1.6600660846902888,0.08274868556068204,-1.4914333092616006
-0.03358,0.000546,0.0654,-1.5944421936640905,0.1432156316865194,-1.3625066044340197
-0.032467,0.00138,0.0654,-1.4392213041969655,0.044720858300896005,-1.44528766169693
-0.00079,0.050759,0.0654,-1.445277456960412,0.19641365710188818,-1.4023053064882842
0.05707,0.004486,0.0654,-1.4606537988638408,0.000702336271966697,-1.5106964588920353
0.004572,0.002084,0.0654,-1.3285836055305968,-0.14800019780726825,-1.5241465688799425
0.050955,0.02311,0.0654,-1.4571363997312474,-0.09881629892716193,-1.3533144063565474
-0.062032,0.012765,0.0654,-1.5015239200406183,0.005769517838481786,-1.4691145807572588
-0.028103,0.023364,0.0654,-1.4161590165205282,0.20155178453455735,-1.3659395476101894
0.019177,0.028821,0.0654,-1.4627577965599992,0.18570282627042922,-1.5487317473898403
-0.00379,0.060489,0.0654,-1.5439330227012475,0.16523517789441677,-1.53103361992921
5e-06,0.016574,0.0654,-1.3850596037813954,0.2839463230288355,-1.6796530347058127
0.002771,0.006439,0.0654,-1.6382522343514627,0.06491409093177247,-1.5625240815235582
-0.010161,0.012781,0.0654,-1.476341491331475,0.07428780225425169,-1.5357995698577411
-0.018879,0.040055,0.0654,-1.6838426135023743,0.041319776472193315,-1.5813948472697774
0.030977,0.01906,0.0654,-1.6095675159929752,-0.054432305264267455,-1.3843769483390587
0.012126,0.005153,0.0654,-1.5453258764891058,0.012792389670007509,-1.5258869294832398
0.003991,0.009035,0.0654,-1.4312404524574016,0.14010338822953372,-1.613953005308693
-0.021632,0.044869,0.0654,-1.6140702359716188,0.051536747189870225,-1.4649954552026245
0.014687,0.034669,0.0654,-1.6026406421768047,0.061895936206716407,-1.5508134217868463
0.001626,0.041569,0.0654,-1.6281320900734209,0.10401389210897105,-1.4288500570539067
0.000443,0.02608,0.0654,-1.4278117597477482,0.06788999752795721,-1.5601144124316144
0.055451,0.001513,0.0654,-1.403064810827896,-0.003714735672745162,-1.234714710415536
-0.014597,0.004402,0.0654,-1.495111934155251,-0.02293187453618506,-1.67381563235961
0.025636,0.038121,0.0654,-1.4354166933755572,0.08420026224063681,-1.4898774444982381
-0.059986,0.009997,0.0654,-1.5252371322172762,0.17064009407205916,-1.5135048665980297
-0.056471,0.00067,0.0654,-1.3570745490970464,0.17722856999771985,-1.431560237519369
-0.051302,0.006739,0.0654,-1.6283704323750612,0.049690234445487036,-1.428701048593141
0.046798,0.008958,0.0654,-1.6750747922472744,0.1522485408737828,-1.5790903718238005
-0.03125,0.012175,0.0654,-1.5229118420220757,-0.008711398917999658,-1.4903134969072933
-0.037051,0.019536,0.0654,-1.4611303077518936,0.027860712806603738,-1.6550456114645746
-0.013807,0.02095,0.0654,-1.3801779585387197,0.18985668903368302,-1.3598460978873015
0.038005,0.013261,0.0654,-1.4868386114523668,0.11338482579275344,-1.4737566226789973
-0.055837,0.008659,0.0654,-1.39849915361529,0.021275798275597113,-1.3874429077174033
-0.035995,0.001101,0.0654,-1.3794611483361277,-0.0017896324871240488,-1.396359941224593
-0.012761,0.004202,0.0654,-1.4745819109897562,0.04040734380570021,-1.5967562772207922
-0.009667,0.017992,0.0654,-1.5724083443650203,0.05280191970989989,-1.3434579557024298
0.020342,0.043617,0.0654,-1.3195192946890517,-0.0029140937955824953,-1.4531170173873336
-0.002484,0.037175,0.0654,-1.4923046535791662,-0.03407159711927443,-1.5713272363373565
0.019475,0.013495,0.0654,-1.4580166441057236,0.06896382689011094,-1.4773712734575508
0.038635,0.007926,0.0654,-1.409518320584265,0.0027335796418428426,-1.5341197432810227
0.039009,0.009124,0.0654,-1.4426340582822037,0.11954284607023391,-1.374401696629908
-0.010689,0.016356,0.0654,-1.4872899086918938,0.12596069841148294,-1.6388082143082707
-0.010226,0.024602,0.0654,-1.3314856410674225,0.11442088106349124,-1.4668013709518513
0.014248,0.024942,0.0654,-1.5047212514720953,0.08735625864735197,-1.4418024232352715
0.020808,0.028718,0.0654,-1.5802425927899477,0.15866425911528714,-1.5327331729294946
-0.027117,0.015038,0.0654,-1.6200463364698743,0.236500662292372,-1.6046573623406595
-0.022802,0.036536,0.0654,-1.6121573359085204,0.04172081938359917,-1.430017504150124
-0.048323,0.005507,0.0654,-1.384577283988838,0.16107552734111996,-1.5900869012691843
-0.026551,0.03644,0.0654,-1.4420237422538587,-0.042955532892988035,-1.559325472006525
-0.016882,0.018701,0.0654,-1.5451227133143288,0.0027772390187617013,-1.4325914465649507
0.019443,0.000942,0.0654,-1.5804781604684888,0.07686028535960099,-1.45420386941653
0.003051,0.006247,0.0654,-1.5300966017522324,0.10401518103477314,-1.5012254904098983
0.045899,0.028455,0.0654,-1.4434965235275323,-0.05388316492184719,-1.4462457913758873
0.044077,0.017337,0.0654,-1.528347560240921,-0.049753877934391344,-1.5590540898379806
-0.017187,0.010652,0.0654,-1.5948627269860722,-0.09919715039884824,-1.4298304793932783
0.006258,0.055953,0.0654,-1.4233907015785394,0.033507229699154095,-1.5226247299999722
0.024673,0.001541,0.0654,-1.485480921102447,0.0007995486064364954,-1.5226605049446211
-0.013217,0.025823,0.0654,-1.465705607306784,-0.0676512814820045,-1.5055741264179803
-0.012492,0.029017,0.0654,-1.4501879609754458,0.09908197850173739,-1.457312569730507
-0.035255,0.00651,0.0654,-1.3984557876537986,0.15357990702454294,-1.4102960519432863
-0.033649,0.020485,0.0654,-1.520664904424801,0.22206578940642596,-1.4195550238092463
-0.053155,0.01433,0.0654,-1.5008787530200474,-0.07495094372938826,-1.600043533637939
-0.02127,0.009959,0.0654,-1.5566561100252188,-0.03326702774794987,-1.4537110004710145
0.006762,0.038382,0.0654,-1.5550856043380765,0.04810877727825935,-1.5951781985092655
0.003111,0.048192,0.0654,-1.5910612548375904,0.16874153423353366,-1.6262519991751074
-0.040864,0.017238,0.0654,-1.6768922686627012,0.13267676245857274,-1.592892386344068
0.012549,0.047242,0.0654,-1.3689679509177521,0.07760155815201042,-1.4729547667352585
0.045797,0.023285,0.0654,-1.5687711289186828,0.01363274645592405,-1.5159208846804282
0.041305,0.000388,0.0654,-1.5949436281644442,-0.012791311962832008,-1.383821797156913
0.062538,0.008073,0.0654,-1.3619307770763078,-0.06530426862295702,-1.4917543082601206
-0.012693,0.041066,0.0654,-1.6511198881825384,-0.03232522577445085,-1.4261101861439496
-0.017228,0.021318,0.0654,-1.4946937904217454,0.044132273108624887,-1.4132372205524555
0.065978,0.001775,0.0654,-1.4610266982435973,0.1675665661313519,-1.5676928850566303
0.028076,0.000388,0.0654,-1.3549503042151991,0.05693594055136031,-1.5161072499138195
0.008742,0.046322,0.0654,-1.3900075586426262,0.10476985110622716,-1.4072536190367275
0.070258,0.00249,0.0654,-1.4165591616549964,0.12334353121976083,-1.3840475911732573
0.052073,0.004672,0.0654,-1.4046771620333205,-0.2503655675722909,-1.4962238890418265
-0.037556,0.030803,0.0654,-1.533368867383809,0.14855148699937115,-1.4893828074824926
-0.045576,0.006957,0.0654,-1.4050219216031534,0.00809710396797425,-1.4493549611054832
-0.01289,0.025568,0.0654,-1.6220715824562675,0.21236254361740414,-1.6377365038994482
0.003298,0.032049,0.0654,-1.4995992643374807,0.19420224223157811,-1.568660953452776
0.010359,0.030993,0.0654,-1.3292753180150068,-0.006146528908297588,-1.5201864364535844
-0.043529,0.00866,0.0654,-1.4411901962060079,0.18080508417758523,-1.366005663200907
-0.012564,0.057908,0.0654,-1.5191405937607911,0.09564931931437126,-1.4563787737588885
0.044798,0.00856,0.0654,-1.6391464213301423,0.09604300340856864,-1.470906639263001
-0.007536,0.056106,0.0654,-1.4140675921751715,0.17485320570792728,-1.5868303717428123
-0.004053,0.008107,0.0654,-1.6420137603611982,0.18002500692390155,-1.4434068511887561
0.012762,0.049982,0.0654,-1.523046750664883,0.08650105785520967,-1.4431446025994903
0.04347,0.015072,0.0654,-1.628971640522736,-0.10537236966569763,-1.573527903929037
-0.011055,0.041819,0.0654,-1.4375080811530216,0.022819986627978794,-1.4994568985255063
0.023987,0.007978,0.0654,-1.4125609237381518,0.06746385724831794,-1.3324779539885359
-0.069908,0.004429,0.0654,-1.4472679611958756,0.08963663918516618,-1.5967698741355787
0.022949,0.0047,0.0654,-1.4880266693417534,0.06957300760121554,-1.3883598880169192
-0.002895,0.004909,0.0654,-1.6135473189119531,0.06076881801751943,-1.5387820498911313
-0.067501,0.00321,0.0654,-1.4810834514544415,0.16036637868273607,-1.5907202275907453
0.033615,0.013575,0.0654,-1.4055125424689596,0.1519926605354771,-1.5864649347473858
-0.00419,0.035082,0.0654,-1.4649909399202659,0.20313933644062376,-1.5260562810620573
-0.044626,0.003252,0.0654,-1.6891363087120588,0.2316126074511895,-1.5626583448075448
0.01816,0.032093,0.0654,-1.5073343468409466,-0.017254543678106193,-1.5896125137576107
-0.041083,0.018559,0.0654,-1.6155161044164663,0.2469514780614379,-1.4528821886977739
-0.015833,0.019877,0.0654,-1.3855985186132227,0.10385098669335657,-1.4329704865869124
-0.011093,0.054113,0.0654,-1.507484383887334,0.04648986958392243,-1.3765750333010984
-0.023687,0.020771,0.0654,-1.396165427986506,0.146155064057794,-1.5630952854931344
-5.1e-05,0.049081,0.0654,-1.4509111418648533,0.01971949318996291,-1.4818680080704838
-0.013574,0.032798,0.0654,-1.5341487607143849,0.08269238900415177,-1.5166020269209486
-0.030911,0.015665,0.0654,-1.4194848547818317,0.14509457144792437,-1.5302133785329313
-0.015797,0.044641,0.0654,-1.2596692662715927,0.1451343613265863,-1.4152997711746358
