0.000944,0.019403,0.0654,-1.427255800264554,-0.09350564475191225,-1.541161452261382
0.012375,0.021885,0.0654,-1.4227837299468329,0.11349329877456649,-1.5389238648089547
-0.024626,0.011453,0.0654,-1.4521494790922984,0.053043161506868275,-1.5433266023550594
0.001548,0.028426,0.0654,-1.5453364130126632,0.14944889821716312,-1.4830315212095522
-0.001248,0.01019,0.0654,-1.5299031008681319,0.2758177550862031,-1.5585630266180344
-0.003157,0.012396,0.0654,-1.5612863244571837,0.182564547954291,-1.6130791676883365
0.02456,0.007323,0.0654,-1.567559014493591,0.04646156252037037,-1.5526876621052808
-0.02685,0.024377,0.0654,-1.3236030377164503,-0.059469417578038364,-1.5171923226628374
-0.013232,0.022303,0.0654,-1.4605231545568034,0.022241997264977442,-1.39268899013322
0.027508,0.003084,0.0654,-1.3859210911150202,0.1750707741226165,-1.40132295384514
-0.03729,0.015667,0.0654,-1.5288390497456124,0.21901281741594314,-1.482261556616579
-0.053574,0.009295,0.0654,-1.5621555874792925,0.049727751039017276,-1.388510912490894
0.027441,0.017649,0.0654,-1.432538563364619,0.08475676868086635,-1.602822399282698
-0.064769,0.001966,0.0654,-1.497551264352584,0.09389307094862209,-1.5427755781071824
-0.029118,0.030069,0.0654,-1.4347475814642854,0.17512075374339564,-1.4772221823003868
-0.009476,0.043976,0.0654,-1.4086428304245406,0.04543066106885285,-1.3853608416585868
-0.030119,0.019773,0.0654,-1.4512654423418887,0.04113510885765259,-1.3721003220933385
0.016331,0.031847,0.0654,-1.385443345221501,0.06604193916679657,-1.4692643608037768
-0.006114,0.024348,0.0654,-1.3990185166727636,0.10908884912010364,-1.2963325229988303
-0.04311,0.008573,0.0654,-1.4329530157847103,0.18888936981899462,-1.4671851447064104
-0.005833,0.01082,0.0654,-1.4371079415610397,-0.021669340652875624,-1.5489628316275874
-0.067881,0.001037,0.0654,-1.4889465321633044,0.23904893151525863,-1.3382772869245683
0.013511,0.007116,0.0654,-1.5604329469912852,0.08405323736612735,-1.4811390817021404
0.037134,0.002509,0.0654,-1.3482107814060746,0.12373654739928197,-1.5969490327758276
-0.009708,0.037679,0.0654,-1.3046966511012663,0.10271865526342161,-1.452454452946714
0.015936,0.014034,0.0654,-1.5374686836121334,-0.0009906224030260535,-1.5000258665674282
0.056289,0.003321,0.0654,-1.44734617940125,0.07125667637620525,-1.411148801215278
-0.020298,0.025698,0.0654,-1.2899904575169772,0.16878219771473857,-1.5542443375978836
-0.062758,0.003432,0.0654,-1.437691257716987,0.22784907378318286,-1.5398715189986185
-0.009594,0.032286,0.0654,-1.529778345865451,0.04255757954574291,-1.3073687253835757
-0.006056,0.027781,0.0654,-1.6785227872784876,0.013640592607127688,-1.422111990452254
-0.016624,0.009914,0.0654,-1.4050238174582304,0.049895643132321865,-1.4754421910340312
-0.021841,0.006011,0.0654,-1.5836029610624998,-0.021149805103173325,-1.5544898361342
-0.028004,0.040504,0.0654,-1.44743946858662,0.06309961365932049,-1.4367103209130687
0.009569,0.014168,0.0654,-1.5820323486201717,0.0013436007738751865,-1.401592121625518
-0.007453,0.001304,0.0654,-1.4326850651424714,-0.0018999380500324126,-1.479702977434578
-0.030869,0.002934,0.0654,-1.5898133923518942,0.007833991303396681,-1.3991128303014875
-0.040867,0.017254,0.0654,-1.4222615972081443,0.17015816312918552,-1.4364970728092232
-0.04032,0.024609,0.0654,-1.570321780416093,0.09191165851545424,-1.422141332684494
0.023357,0.014584,0.0654,-1.3157773893745983,0.04170046173803654,-1.5975433480589152
0.04025,0.011655,0.0654,-1.4668694316233364,0.06695897405746987,-1.4628324880331072
-0.006064,0.037156,0.0654,-1.4766023299998212,-0.011986340533568507,-1.5171945437165715
0.013275,0.039699,0.0654,-1.4749282195213287,0.1338780319645485,-1.6035208865410937
-0.039929,0.000598,0.0654,-1.4468695516131131,0.07449321372799056,-1.4658106491631626
0.008456,0.007418,0.0654,-1.5209865101869715,0.16964778308542705,-1.6609820826760986
0.001101,0.001041,0.0654,-1.471934160120468,-0.06595613028975422,-1.5478700151926832
-0.004896,0.002478,0.0654,-1.4776355529487182,0.011178026040201239,-1.3603451348580542
-0.029018,0.026026,0.0654,-1.3713941690473723,0.22866804295773213,-1.5813937961027817
0.02489,0.025928,0.0654,-1.3191847745025547,0.10533317594388558,-1.4807206682771152
-0.054728,0.00911,0.0654,-1.382955354101371,0.09519988860843287,-1.4562234736449542
-0.029637,0.02624,0.0654,-1.4541524811526545,0.1536057116204934,-1.4224496025831324
-0.00738,0.018132,0.0654,-1.4808674085776168,0.17388330987760514,-1.4461850539970547
0.016348,0.001865,0.0654,-1.3927001482832082,0.2017084876476818,-1.505282809469931
-0.057372,0.01012,0.0654,-1.474490050441625,0.08002872767164981,-1.4027173336318026
-0.021085,0.008928,0.0654,-1.5122035184862654,0.08215202912002151,-1.425217941088905
0.004614,0.007577,0.0654,-1.3102348624493854,0.09764967202576225,-1.628530036852332
-0.008704,0.008988,0.0654,-1.4657081588092744,0.008243190256092436,-1.4290235297493463
-0.050656,0.003151,0.0654,-1.3540821794572564,0.07768260699285912,-1.4554685821928168
-0.034658,0.014199,0.0654,-1.4685103046436108,0.16555181124598306,-1.4303792653600544
-0.011415,0.044745,0.0654,-1.4107366708633098,0.1212181425690173,-1.6419341113053632
-0.017068,0.043068,0.0654,-1.5560285793412545,0.030291141565310653,-1.5915395688473521
-0.043861,0.020024,0.0654,-1.3940433371688135,0.049463492079292015,-1.4182852098543104
-0.006446,0.019838,0.0654,-1.4155051917045214,0.17781213276793317,-1.572272145713499
0.010652,0.004381,0.0654,-1.4047504475332413,0.24707844248210353,-1.5109187879647574
-0.029601,0.019585,0.0654,-1.4341501076549221,0.26774981277507504,-1.6803275505780402
-0.033494,0.001797,0.0654,-1.5246243291309804,0.01014318512322232,-1.3680436328208436
0.027,0.01313,0.0654,-1.4517048066937626,-0.011456769088439511,-1.4357689691289637
-0.006397,0.026012,0.0654,-1.4467323641926308,0.09902049487467801,-1.3999547082511858
-0.021533,0.017306,0.0654,-1.4744054728378715,0.03753233322955252,-1.497103659611792
-0.016654,0.014846,0.0654,-1.4913025616369655,0.10786444013540897,-1.5126341135766457
-0.0189,0.03788,0.0654,-1.3839573356867636,0.15668078131888197,-1.5539808350548663
0.001282,0.008838,0.0654,-1.4658967849281543,0.08436368594971166,-1.4345750889081743
-0.001226,0.042127,0.0654,-1.46820020580002,0.02790047337354018,-1.3778856072500922
-0.021638,0.004798,0.0654,-1.4869763115172365,0.1941896881238987,-1.6589474152761687
-0.044734,0.001402,0.0654,-1.5192166457773566,0.18353633685049608,-1.5305934765348883
0.035392,0.004435,0.0654,-1.525402085177117,-0.0478918004844322,-1.308932428213348
0.017537,0.02748,0.0654,-1.4413780571224226,0.11543870990405636,-1.5517571111157482
-0.018135,0.033813,0.0654,-1.464908712480886,0.20963330052967777,-1.5018985331721395
-0.030232,0.035453,0.0654,-1.4941106434797762,0.23360113493690227,-1.3678645951058954
0.011285,0.007212,0.0654,-1.4818970503365918,0.2043571139977538,-1.47762988999437
-0.035526,0.023177,0.0654,-1.5035949445800714,0.15900779991696457,-1.390233015302565
-0.008552,0.028407,0.0654,-1.3220516251627246,0.1884743832422191,-1.458713203536192
-0.00108,0.028142,0.0654,-1.5535203663100996,0.1227130437716264,-1.4656034423577304
-0.044336,0.011445,0.0654,-1.6048218870041808,0.11778428027516075,-1.5220207665104746
-0.019223,0.038253,0.0654,-1.5122993367368571,0.10093142590271276,-1.6491904032831581
0.004327,0.034419,0.0654,-1.5582551969785416,-0.07702512511706883,-1.5311445347088743
-0.002232,0.002825,0.0654,-1.3502643568815988,0.011196620551261027,-1.48409661714696
-0.033815,0.024891,0.0654,-1.5660766986089947,0.013252064556366294,-1.4919749662820172
0.036118,0.034389,0.0654,-1.4556126645486063,-0.05745629682805786,-1.5451480220036031
-0.014693,0.024765,0.0654,-1.4048681349785614,0.0023538262717754943,-1.5309162019747975
-0.034814,0.023036,0.0654,-1.4944472509610272,0.2747995722702752,-1.5656201278136883
-0.05536,0.010983,0.0654,-1.3414032847584618,0.1261330184025795,-1.4318819588857798
0.013288,0.008859,0.0654,-1.5822790648154061,0.048858746579447665,-1.6296593762416267
-0.033251,0.010569,0.0654,-1.400624226892267,0.20535134921804787,-1.502902082530116
0.049423,0.003898,0.0654,-1.4468813479017786,0.10724455677234457,-1.4838254157385535
-0.050217,0.00722,0.0654,-1.5171581863136314,0.10005123012090422,-1.4769616474298366
-0.028778,0.036689,0.0654,-1.556774075479494,0.06381188158232498,-1.4307577186523823
0.017924,0.013035,0.0654,-1.4979338394610506,-0.018936497141576858,-1.4169327028459968
0.043444,0.008601,0.0654,-1.4695591827495087,0.004713392071259204,-1.4117914803249834
-0.039263,0.004678,0.0654,-1.5535110982976215,0.1357148264484418,-1.6347069758051855
0.015377,0.00805,0.0654,-1.2725375388349138,0.11425097749492674,-1.4795480881112013
-0.006341,0.018936,0.0654,-1.3827855668020343,0.18127295380329933,-1.4449202356245752
-0.024272,0.01549,0.0654,-1.5204988432519482,0.015244887530207585,-1.557305778118662
-0.00856,0.011124,0.0654,-1.413643746552568,0.28051905733344085,-1.4170189366777914
0.019582,0.002538,0.0654,-1.5532492277292338,0.1616596505346517,-1.4459838941045207
-0.048543,0.025079,0.0654,-1.3063976668236026,0.08687538643845549,-1.505470711206736
-0.028897,0.007999,0.0654,-1.4156266659306918,0.02156335181654212,-1.3928443247610112
-0.013032,0.014839,0.0654,-1.5112430107167885,0.11083943245893413,-1.580837520803187
-0.012766,0.008499,0.0654,-1.4062492723118127,0.13119349434703742,-1.420807520534148
0.050124,0.01465,0.0654,-1.6548915959498989,-0.1568132293541833,-1.4377159192001154
-0.07883,0.000631,0.0654,-1.4784788194614544,0.07912967321950526,-1.565929382233767
0.015814,0.003149,0.0654,-1.568042431591946,-0.03424999098390469,-1.2284094233988703
-0.01577,0.016529,0.0654,-1.5352126246818525,0.05635145917668427,-1.4818065911327705
-0.074197,0.001697,0.0654,-1.5029897716408855,0.08574698828657401,-1.5589883644236138
-0.022719,0.021042,0.0654,-1.4225396681600069,0.2227972554532367,-1.4998400833852736
-0.057364,0.019149,0.0654,-1.4367815682236649,0.2042620131782351,-1.3877498486628281
-0.002201,0.024869,0.0654,-1.3878615441436728,-0.010303466859042487,-1.696632274711047
-0.007955,0.006818,0.0654,-1.3983053461418016,0.18782076790825353,-1.473164982379932
-0.018695,0.018425,0.0654,-1.4735546959910018,0.0009541820285974278,-1.5032716691259405
-0.041515,0.001636,0.0654,-1.477961293958094,0.1757008821848023,-1.424675522821919
0.04251,0.025587,0.0654,-1.4379731652229681,0.0460489297313329,-1.4751855402789
-0.055914,0.009239,0.0654,-1.5177456195330465,-0.02421562514669806,-1.486206433744169
-0.000852,0.012247,0.0654,-1.3992055815700069,0.20404572207734906,-1.535972798805215
0.007079,0.043588,0.0654,-1.4016371372632015,0.024952385880698147,-1.4286822328641404
-0.00202,0.006758,0.0654,-1.6219612220806363,0.037020917600269376,-1.5175245460265363
0.009757,0.025699,0.0654,-1.5390474612482,0.17399150480937475,-1.5624610937250483
-0.014681,0.01674,0.0654,-1.3347155417106156,0.24681983273474506,-1.4639885296048885
0.024494,0.004899,0.0654,-1.4905059595284358,0.11874030041814043,-1.496037415115433
-0.005836,0.01013,0.0654,-1.5171907316628312,0.2332103029090129,-1.441511174182113
-0.004794,0.020807,0.0654,-1.2314532173461574,0.15738520027701908,-1.510720765893298
0.027467,0.007056,0.0654,-1.3817626156115193,0.21846520989110685,-1.5191182040236526
-0.059413,0.002722,0.0654,-1.410914035013017,0.14121616171280338,-1.4854311201731256
-0.029037,0.01634,0.0654,-1.68257667655589,0.06981315044479564,-1.5417389570236741
0.040096,0.012189,0.0654,-1.4082959200686678,0.0816379469596289,-1.4056724415346324
-0.012803,0.023138,0.0654,-1.3832730771501927,0.07396859497917907,-1.5239914125389895
-0.001363,0.013063,0.0654,-1.359557694856955,0.20866742655339188,-1.3648312110255698
0.01924,0.021766,0.0654,-1.2996759081263065,0.031569634542355285,-1.4560286319492302
0.026297,0.010062,0.0654,-1.380626993370045,0.13270512903942633,-1.5146078008095731
-0.015345,0.004772,0.0654,-1.3636087024449879,0.08645195121605775,-1.680812287496487
0.036552,0.01289,0.0654,-1.3684048285673447,0.09006972376459754,-1.4481008284196608
0.043646,0.005405,0.0654,-1.4839176918682409,0.11643307413443105,-1.584125098423695
0.035267,0.026797,0.0654,-1.437346846596576,0.06247320366964226,-1.449990423598583
-0.028365,0.011539,0.0654,-1.437733199578498,0.12216222061868565,-1.4535659393808944
-0.039323,0.008268,0.0654,-1.4437814334065504,0.24016406181766548,-1.4507435106502478
-0.040692,0.009627,0.0654,-1.4296306121744382,0.06161264706641112,-1.4088491685283704
-0.068317,0.001469,0.0654,-1.3300581116763002,0.09064084986531351,-1.5267557152261728
-0.009004,0.006865,0.0654,-1.4660687011040652,0.21449577392835462,-1.4055467488561735
0.009332,0.035515,0.0654,-1.5001163445748864,0.0414282881038619,-1.5869639736178411
-0.017607,0.022975,0.0654,-1.478257291436234,0.14866229438393308,-1.4351675474353662
-0.001707,0.039564,0.0654,-1.4438380962030275,0.16410714525392134,-1.4704789796350324
0.008811,0.022562,0.0654,-1.5259329618371706,-0.0028295214288265313,-1.472874819966633
-0.077103,0.000424,0.0654,-1.4173879714699027,0.10156344355329616,-1.3386105064193792
0.014876,0.009253,0.0654,-1.6027775021267383,-0.06795150348531842,-1.573466669125323
0.058824,0.000747,0.0654,-1.5520883737873896,-0.0016964624788697868,-1.5252658145675906
-0.027114,0.004833,0.0654,-1.4657639539300689,0.06042071972896501,-1.3056685775889325
0.002156,0.022343,0.0654,-1.4279843928482712,-0.013186079979653043,-1.416453145446592
0.006747,0.0061,0.0654,-1.4445500699457436,-0.005154144634042623,-1.3839729193416275
-0.045215,0.021497,0.0654,-1.483203099815524,0.08317999070913018,-1.5478293293223702
0.042726,0.005902,0.0654,-1.3843904357196375,0.057941414301311056,-1.4686947051097552
0.001439,0.015184,0.0654,-1.5793245100832831,0.12822252397333345,-1.530313012769611
0.038168,0.005652,0.0654,-1.4969255112763566,0.09322790471688158,-1.4199686229116673
-0.038028,0.035577,0.0654,-1.5122304980334356,0.16555080149040435,-1.5184080795493997
-0.033544,0.013443,0.0654,-1.525184446189062,0.056460911236968725,-1.3286665824229413
-0.018016,0.002547,0.0654,-1.4343699440023845,0.1005070360120377,-1.5114703343322802
0.029017,0.043234,0.0654,-1.4304204590140588,-0.07624250387432574,-1.3643198685163698
0.026247,0.010981,0.0654,-1.447392292544002,0.054712131878629444,-1.3720027192867357
-0.00292,0.025163,0.0654,-1.5440282612571263,0.03938749668032315,-1.460903927773154
0.013532,0.009998,0.0654,-1.4646108470118222,0.018559401103053652,-1.498887759483765
0.035016,0.015454,0.0654,-1.557927979919926,0.023078384424506604,-1.4218957180275589
0.004825,0.012136,0.0654,-1.605260254634544,0.1498100880464761,-1.5500964925977307
0.048643,0.001351,0.0654,-1.4140838026334255,0.07167180286347996,-1.3492337576221707
0.002078,0.028003,0.0654,-1.4661034153115764,0.10657030911512111,-1.4334360424552632
-0.030196,0.026267,0.0654,-1.395559851598949,-0.02991914098595494,-1.5123955941784968
-0.032357,0.0303,0.0654,-1.5111929280686571,-0.006062408973581679,-1.526198617044448
-0.021007,0.009669,0.0654,-1.5374216087675248,0.022218265183350017,-1.4929417698736216
-0.063426,0.0075,0.0654,-1.262010031496653,-0.09492087188894716,-1.4283023101342265
-0.028896,0.006154,0.0654,-1.575956647870182,0.11368323738586628,-1.3402978492883078
0.043263,0.016233,0.0654,-1.4276679212378207,0.009578996251006666,-1.4923125416061138
-0.049459,0.018944,0.0654,-1.5111403444681601,0.11123783408467447,-1.4272183353913364
-0.044101,0.026503,0.0654,-1.437867573052888,0.0646978459682741,-1.6139229113847984
-0.034084,0.009923,0.0654,-1.4713761947947677,0.04029490360486743,-1.350793280281808
0.006056,0.011814,0.0654,-1.4079696182378014,0.01989390579146355,-1.61363251554617
-0.001498,0.032856,0.0654,-1.5508596946307578,0.09878160585201368,-1.4184825541676322
-0.010093,0.016297,0.0654,-1.587172615840103,0.1593013354798154,-1.439290064023372
-0.030104,0.001491,0.0654,-1.4569977528187572,0.07150391009770685,-1.42498550710151
-0.027944,0.036326,0.0654,-1.5535451649423222,0.10202960746989098,-1.4635385548144735
0.029185,0.017632,0.0654,-1.5965729323525462,0.01843916091386011,-1.6522176243279958
0.020809,0.013218,0.0654,-1.369716629003292,0.18217896099417086,-1.4237528938403297
0.013593,0.00034,0.0654,-1.5612344203887176,0.1077125850344931,-1.409503388430057
-0.013357,0.035246,0.0654,-1.4560862569425153,0.11195083672373785,-1.5968242217689597
-0.022704,0.023136,0.0654,-1.4341525407040925,0.11662905576784088,-1.3959227982681681
-0.060627,0.012166,0.0654,-1.541065045384766,0.0795438535788,-1.4326570200591013
-0.02485,0.03271,0.0654,-1.429909006856664,-0.06222887927230847,-1.40300990685902
-0.028544,0.020801,0.0654,-1.4967940684688548,0.02807984027418131,-1.3181885584576984
-0.033366,0.020904,0.0654,-1.608485134829167,0.046789067506520565,-1.3543208318491888
-0.013935,0.025528,0.0654,-1.4262990498750983,0.037870208153225615,-1.553469167268159
-0.022556,0.035923,0.0654,-1.2936061343523113,0.036326108749707764,-1.5354299744995539
0.049615,0.002613,0.0654,-1.5749243769579886,-0.002996433257906883,-1.4304374507106519
-0.036301,0.003622,0.0654,-1.5340349946953498,0.09063807729309792,-1.5888910634589208
-0.044836,0.025178,0.0654,-1.4406980934518059,0.31133652757755814,-1.4781662474916248
0.036917,0.013575,0.0654,-1.4454549622596118,0.04287297465591866,-1.5559580061165728
-0.050601,0.020461,0.0654,-1.4820912083908278,-0.026174057360656144,-1.389653090934363
0.020641,0.008499,0.0654,-1.4675801522470993,0.12615115148869793,-1.4345480333900231
-0.051353,0.018182,0.0654,-1.6167618730598097,0.10179080207112445,-1.379728537848548
-0.02906,0.036594,0.0654,-1.534923311982755,0.24820320867797707,-1.545412963954386
0.059669,0.004199,0.0654,-1.564096558187595,0.045381241408010586,-1.550896632769013
-0.00419,0.011705,0.0654,-1.4277237499364668,0.1648636889539128,-1.4711275766101377
-0.048479,0.02007,0.0654,-1.5062162885294788,0.13929227380873765,-1.417852852797828
0.023091,0.017076,0.0654,-1.4849693073710917,0.047101352932220175,-1.5133322197646084
-0.059699,0.000709,0.0654,-1.4312384945448364,0.1955480029689476,-1.517059352108763
0.025626,0.004072,0.0654,-1.4437506962394024,0.07078454699550041,-1.4266177945949599
-0.026609,0.020855,0.0654,-1.4077308933327721,0.16060713153260187,-1.5353413328582015
-0.039102,0.017923,0.0654,-1.4736561539545046,0.19439369676997242,-1.418321108855513
-0.010316,0.048126,0.0654,-1.4548842700426725,-0.010255152234307285,-1.5725133286060626
-0.068054,0.000936,0.0654,-1.3460947263585121,0.08718997867759581,-1.3533026852294077
-0.028672,0.04089,0.0654,-1.5132071689054998,0.243315145513036,-1.4017895343053945
0.020385,0.002693,0.0654,-1.4306997170788507,0.15658120568236522,-1.3751320456788823
-0.030495,0.042037,0.0654,-1.4951001392442,0.17186094931709928,-1.4398732124637588
-0.029642,0.00309,0.0654,-1.6037602707727783,0.08957264282740418,-1.5350253196015697
0.00087,0.006245,0.0654,-1.429470674085539,0.09697110245825558,-1.4260402994174908
0.000678,0.033048,0.0654,-1.5632964604295871,0.053185148592813425,-1.5867732977538935
-0.011804,0.006796,0.0654,-1.276203281554343,0.3310390990802208,-1.4104626042436652
0.014924,0.002152,0.0654,-1.383924967557528,0.09608538945387202,-1.462947513469836
-0.038299,0.031764,0.0654,-1.2976847599479193,0.10498741689182123,-1.4866687687438622
-0.02498,0.027749,0.0654,-1.6831748566854319,-0.055870134571101016,-1.3934549828674705
0.01568,0.001754,0.0654,-1.6436165933563933,0.1478290313481876,-1.5205815015621422
0.00212,0.003527,0.0654,-1.5625851867105875,0.11486981257347928,-1.4617693084958325
-0.018311,0.007596,0.0654,-1.5853335467234315,0.057803665597604414,-1.5302999816897438
-0.011017,0.018997,0.0654,-1.4571375508071653,0.09254541851564357,-1.4841390464316189
-0.04813,0.025769,0.0654,-1.4179805111025785,0.1575931692596908,-1.297563332311227
0.007058,0.051626,0.0654,-1.426039903004062,-0.04697757052871765,-1.5457714702404552
-0.040151,0.004675,0.0654,-1.5513616572657583,-0.10416985211176222,-1.4617752082267337
-0.023426,0.010655,0.0654,-1.6627153405701278,0.11171211380690371,-1.3236305286482835
-0.044431,0.019072,0.0654,-1.486573393183778,0.12189089328382763,-1.5204400837109344
-0.044251,0.013479,0.0654,-1.5098774488726978,0.230123922948956,-1.462051167307171
-0.001079,0.038128,0.0654,-1.2810013146293167,0.07553190436404456,-1.4506518472493626
-0.028712,0.03634,0.0654,-1.395450654617378,0.18252735324604452,-1.3763568777221606
-0.017771,0.035384,0.0654,-1.5923158272524394,0.15211764767984404,-1.558747067557213
-0.042744,0.029131,0.0654,-1.590531095262144,0.18192379826977056,-1.5718859508351921
-0.055031,0.000633,0.0654,-1.4552084340216995,0.18944591511998987,-1.5667027123780062
0.023553,0.002744,0.0654,-1.536697347857738,0.08695303726906167,-1.405433523954575
0.046979,0.003707,0.0654,-1.493006188512308,-0.04799425138778379,-1.4043366352107034
0.067629,0.009164,0.0654,-1.364609009416898,0.09850903237772757,-1.5566990911033896
-0.006333,0.037571,0.0654,-1.2977833851355831,0.07060242467046485,-1.5855844568926312
0.002639,0.048092,0.0654,-1.2748167653656712,0.0060445367151149565,-1.4866087395024963
0.006939,0.009824,0.0654,-1.4250322349417173,0.1402596167471024,-1.4958523554782763
0.025048,0.014549,0.0654,-1.3920839971907821,0.10793803463107521,-1.5498607979899452
-0.070242,0.006863,0.0654,-1.6624855007206896,0.14329311687418533,-1.537691803397726
0.011599,0.013159,0.0654,-1.5350230502411544,-0.05667105905962355,-1.3642211834827231
-0.008078,0.015732,0.0654,-1.5685365167473089,0.12361201480804129,-1.449347503072551
-0.028964,0.031934,0.0654,-1.5238350200150823,0.07605362106065239,-1.608699802704805
-0.018809,0.019016,0.0654,-1.4452255983677806,0.19895954888289125,-1.7201089251164747
-0.008428,0.04031,0.0654,-1.408616698915679,-0.047491994207104815,-1.5293919879335296
-0.030594,0.038262,0.0654,-1.455445361224253,0.16716884588369196,-1.3574675726712047
0.011622,0.043198,0.0654,-1.4167454427673636,0.08394492145018395,-1.4859905883052396
-0.002249,0.033515,0.0654,-1.4732006551720207,0.01406007107949292,-1.4370455329341867
-0.057686,0.007954,0.0654,-1.4049027326597057,0.08608670014028075,-1.3886317586943286
0.00227,0.029047,0.0654,-1.481888653332501,0.026998166868910545,-1.6095633476258564
-0.008918,0.040141,0.0654,-1.287980503205029,0.1640990030465881,-1.522161157029356
-0.028433,0.01824,0.0654,-1.3583101016685522,0.11904795792852085,-1.519513384554231
0.007259,0.041384,0.0654,-1.418641899018801,0.10045656602962239,-1.5003685973575973
-0.050286,0.014588,0.0654,-1.5285172449311504,0.11934105555775898,-1.3905737782430505
-0.011666,0.006345,0.0654,-1.478899727788534,0.06537438886065638,-1.4204654943477768
0.010761,0.026815,0.0654,-1.5749585831924826,-0.03810924821142425,-1.4776024832987997
0.034917,0.003075,0.0654,-1.544313182853026,0.14847925292354747,-1.582608647639323
-0.018075,0.008354,0.0654,-1.6313047675015684,0.13929943842012538,-1.6062587146340228
0.011659,0.001705,0.0654,-1.5651516687598341,0.0348188400620737,-1.4567105623971177
-0.007645,0.01073,0.0654,-1.4561427363839243,0.10422719934172964,-1.4275919767701235
0.036977,0.004686,0.0654,-1.4505436989503917,0.11144037833212361,-1.4210361421742754
-0.067578,0.007203,0.0654,-1.5105194749410773,0.11701486321848331,-1.5818852399716574
0.015991,0.01727,0.0654,-1.5367525241258875,0.004612669494428845,-1.5745495427888312
-0.037119,0.018611,0.0654,-1.589818470811976,0.05054586204112521,-1.4227426129876724
-0.04868,0.026028,0.0654,-1.4227557562715596,0.1376615639136367,-1.5359541919598843
-0.0133,0.018945,0.0654,-1.611911831587668,0.00856962684894591,-1.5875564698680824
-0.029867,0.00488,0.0654,-1.4638031316366806,0.1920625948671868,-1.6106921720297145
-0.033772,0.010496,0.0654,-1.5015315868073014,-0.030928749189433447,-1.5487196371904308
-0.043958,0.002748,0.0654,-1.4947560597939527,0.12142454520819079,-1.3885934266219302
-0.020007,0.026383,0.0654,-1.4971403406618102,0.1539286520714891,-1.4209065640118652
0.005727,0.046806,0.0654,-1.3592314401533867,0.12112810548138264,-1.541410154235965
-0.005396,0.027561,0.0654,-1.518235826469106,0.1959951668330162,-1.5119908316677422
-0.008534,0.00508,0.0654,-1.3940562635042941,0.13493287355779393,-1.2821618541936421
0.012734,0.024623,0.0654,-1.588087198578108,-0.12017119877042881,-1.586608444265827
-0.030054,0.01252,0.0654,-1.5624274339009578,0.06564360867347396,-1.4928707422256409
-0.009428,0.018832,0.0654,-1.5786438316266487,0.1535173857961487,-1.4310466155198582
-0.037632,0.026575,0.0654,-1.3432575750815008,0.07595791879652847,-1.4599953851362284
0.002574,0.049515,0.0654,-1.3420101935196742,0.18175932200513545,-1.5501413449020172
0.008565,0.023466,0.0654,-1.4753056639039819,0.11956177217373454,-1.4411699015583168
-0.000614,0.045075,0.0654,-1.2946671766121605,0.18770751522396112,-1.46714026401525
0.032178,0.000498,0.0654,-1.6052573752775947,0.08432132676411852,-1.4667201046629095
-0.022399,0.009697,0.0654,-1.4040317368039008,0.10078501378586968,-1.2528415479625379
-0.029294,0.02656,0.0654,-1.4370411431951144,0.2809491799497934,-1.349435976328782
-0.016504,0.005805,0.0654,-1.6131172872255817,0.09305055876846202,-1.4625030598281559
0.023985,0.004716,0.0654,-1.5285735056122145,0.08671977771925898,-1.4047404981520728
-0.025924,0.011023,0.0654,-1.5052564872354406,0.0018325372063332512,-1.4721317378469874
-0.048138,0.014717,0.0654,-1.4670704799522585,-0.004657928070849637,-1.3348373053076152
-0.04364,0.028245,0.0654,-1.4048279734562492,0.16726973553171054,-1.5447689213346492
0.011469,0.032323,0.0654,-1.4789813301653316,0.08825620256186362,-1.513699856657697
0.061416,0.014968,0.0654,-1.6675638183197625,-0.1799068519324616,-1.4877976485053939
-0.013611,0.039727,0.0654,-1.3884058550257798,0.09744472952692851,-1.4704713952437931
0.036716,0.01849,0.0654,-1.341314977158088,-0.0161555734554808,-1.5018858559380697
0.035954,0.026065,0.0654,-1.4269064154845426,-0.04160134165530871,-1.3551883422497562
-0.035626,0.037479,0.0654,-1.5393567887165784,0.1252929341561293,-1.524705387165367
-0.007044,0.039808,0.0654,-1.484973442108884,0.06822261955440201,-1.4382290976255072
-0.004647,0.010469,0.0654,-1.5110118420926444,0.07703572765585309,-1.586972954507064
-0.018864,0.016664,0.0654,-1.4327207485489635,-0.08425130412193127,-1.6869458346379962
-0.03956,0.002523,0.0654,-1.2430461810377167,0.14796311845409948,-1.463369525679815
-0.053497,0.018377,0.0654,-1.300864592746924,0.002666891439762731,-1.4834138891686839
-0.004211,0.009484,0.0654,-1.452125734375215,0.016272513308982717,-1.608840622448765
-0.007168,0.034595,0.0654,-1.468612036727138,0.15748713903100042,-1.5199177095205758
0.020436,0.046329,0.0654,-1.3883289312807772,-0.019324924285600398,-1.5606029369432195
-0.071117,0.006782,0.0654,-1.5107827359490869,0.1387058511122634,-1.4450946988203608
0.006235,0.013595,0.0654,-1.5390506936137196,0.06535428245924901,-1.3602916769464868
-0.044698,0.006641,0.0654,-1.483034143050651,0.17827240606280714,-1.4728510426968646
-0.041482,0.003016,0.0654,-1.493372496272773,0.171724889725146,-1.4216992210107433
-0.027829,0.022692,0.0654,-1.2890203736216277,-0.032306239925080193,-1.625195406158183
-0.026547,0.03566,0.0654,-1.536725900969684,0.23811187716411242,-1.6073394995506842
-0.048101,0.01189,0.0654,-1.3515684257428335,0.260128996213006,-1.4874762492038
-0.003411,0.000518,0.0654,-1.446427246865075,0.14412224443733912,-1.4429445499421885
-0.009298,0.022561,0.0654,-1.5429590901965964,0.054627810979757774,-1.5336453462420294
-0.001956,0.051022,0.0654,-1.4126554960587745,0.040767823250307034,-1.5061660377826847
0.003539,0.03826,0.0654,-1.5244293534180615,0.05403616204266126,-1.566382757437994
0.031024,0.024873,0.0654,-1.4566099466353666,-0.08375197112720723,-1.516339556827741
0.031806,0.002792,0.0654,-1.3808267813666515,0.23250256054183494,-1.534853157665389
-0.046985,0.012665,0.0654,-1.5827849720501415,0.12281649259770666,-1.6363119157032169
-0.011344,0.016835,0.0654,-1.552903146792656,-0.014958161829312422,-1.5058660361137628
0.046007,0.003034,0.0654,-1.2461941836055404,0.0757758226110572,-1.3851281601389143
-0.029132,0.018708,0.0654,-1.4774113649113656,0.12123656827294149,-1.3674820878052363
-0.018848,0.032195,0.0654,-1.5060865177440435,0.0731252567170233,-1.560732231865146
0.0618,0.010495,0.0654,-1.6785259844867344,-0.0955498865129012,-1.4539089044868898
-0.053855,0.0009,0.0654,-1.5298188551526195,0.13548660463946627,-1.5876429550086864
-0.015449,0.027737,0.0654,-1.3298440468691217,0.3168655364685664,-1.4908841387772929
0.003459,0.018589,0.0654,-1.6210793654730988,-0.06312090908268941,-1.4507824011695671
-0.032896,0.020516,0.0654,-1.3611682599908042,0.05210273790403619,-1.4475406311646812
0.052689,0.010849,0.0654,-1.3612564572174664,-0.028863785590166335,-1.495051174343707
-0.044936,0.010855,0.0654,-1.5023291108751766,-0.04197987112238111,-1.495003848528895
0.031472,0.012338,0.0654,-1.3977377213842366,0.08606155968816354,-1.4672680653659889
0.02463,0.006854,0.0654,-1.43736796693807,-0.05101318238488339,-1.4854972848026216
-0.011513,0.027617,0.0654,-1.3922693112797355,-0.023402521150063915,-1.4602637972285206
-0.028646,0.014588,0.0654,-1.4005971410753106,0.18436555318766157,-1.4156161651169525
0.036758,0.009444,0.0654,-1.4828653500409006,0.07670146633758557,-1.4346014096925663
-0.019786,0.014503,0.0654,-1.4781242942052506,0.026780312725243727,-1.553119796186014
-0.008516,0.032158,0.0654,-1.3837089067804933,0.10782777513146047,-1.433798210782676
-0.010657,0.018368,0.0654,-1.5373082418168977,0.0007503284706895652,-1.3938456089907363
0.022819,0.008346,0.0654,-1.5109092750414057,0.09276286455797211,-1.4692779912895837
-0.015239,0.00995,0.0654,-1.5868980697263446,0.09606640933814403,-1.500903151852859
-0.055795,0.020764,0.0654,-1.410642162330243,0.10007212330272508,-1.3595867549324745
-0.049034,0.025204,0.0654,-1.4007816363669425,0.03327698710499272,-1.3607527858041764
-0.021303,0.030046,0.0654,-1.4382190848399228,0.03471518470590418,-1.3404410219674034
0.045387,0.00469,0.0654,-1.55032966557936,-0.03766375165601632,-1.4699991237960919
0.013067,0.028391,0.0654,-1.3318232189080939,0.1489631910771203,-1.4731963636780716
-0.02099,0.039299,0.0654,-1.4936374574244697,0.17416485272029125,-1.5579296124314927
0.045461,0.004755,0.0654,-1.4780275302585906,0.06633036219101474,-1.5194272353549845
-0.034982,0.014672,0.0654,-1.5708286943550824,0.16944652930389936,-1.4078277821217364
-0.025178,0.028307,0.0654,-1.353356264407024,0.18610616654035317,-1.2700362621744712
-0.061188,0.010904,0.0654,-1.512157647893571,0.23321305506469114,-1.5033553547719438
-0.001814,0.004012,0.0654,-1.3728063617302164,0.05074739527633021,-1.6101447571322955
-0.027084,0.000924,0.0654,-1.495254525866123,0.09684390620795802,-1.512824920788092
-0.036964,0.006664,0.0654,-1.3682863040298456,0.144430279660259,-1.5084813349431123
0.04571,0.018018,0.0654,-1.3401563915292134,0.09356659688657154,-1.4834196886199067
-0.005437,0.020596,0.0654,-1.6099329570335819,0.10404847138163564,-1.501716632479224
-0.052431,0.005986,0.0654,-1.5326965211104637,-0.028553366398163194,-1.5415974387241844
0.012753,0.001797,0.0654,-1.3840841401000965,0.16855068147069985,-1.4106681931221157
-0.034973,0.008043,0.0654,-1.409923536938434,0.20626852586864008,-1.5294746470112177
-0.000916,0.01609,0.0654,-1.455994531295217,0.15826074529881584,-1.4598329918244581
-0.009362,0.032039,0.0654,-1.5539385595590163,0.09986081187642415,-1.5141909417053159
-0.027496,0.007885,0.0654,-1.6177876552116464,0.14586304276032092,-1.5471285192590294
-0.035365,0.002926,0.0654,-1.288719060458407,0.10433583170982974,-1.4626535240539527
-0.00454,0.019273,0.0654,-1.4770018458019187,0.18283179653237913,-1.5333866147569157
0.034802,0.03318,0.0654,-1.3758912087653958,0.031968807593740545,-1.5757088646243513
-0.023457,0.02163,0.0654,-1.3511471170991114,-0.009637662428305216,-1.3846151481311821
-0.00212,0.013486,0.0654,-1.5033856070932883,0.1612261149187193,-1.3022497261653636
0.016577,0.012856,0.0654,-1.4185515487047928,0.018657357996524127,-1.4360907779236687
-0.056274,0.013833,0.0654,-1.4309627734225416,0.07982965308496492,-1.5825987527146772
-0.016381,0.002513,0.0654,-1.5018849757100032,0.034120404030579365,-1.4764914740599815
0.003351,0.028028,0.0654,-1.487632612476889,0.18185027163482315,-1.5224264433792773
0.00253,0.019304,0.0654,-1.2838846432912343,-0.0027314736040988663,-1.6413852169882648
0.011161,0.03425,0.0654,-1.4895075703930079,0.16204336093566774,-1.6072412515972996
-0.01336,0.010181,0.0654,-1.477219340304558,0.04112341461586011,-1.4358160665109128
-0.010815,0.026352,0.0654,-1.5288373278954586,0.07462111695275642,-1.4968028697900646
-0.038606,0.025706,0.0654,-1.4725041106396524,0.19923331007047462,-1.4994636823083272
-0.019749,0.027194,0.0654,-1.4630549498280714,0.1411631811870755,-1.559859912672651
0.054949,0.016735,0.0654,-1.6637470434846244,-0.11820906992428659,-1.413465264367573
-0.04119,0.013881,0.0654,-1.4114528089819154,0.062192936893051165,-1.4484591765154162
-0.06201,0.011025,0.0654,-1.5623032719416674,0.22224970926688692,-1.4158140606601135
-0.043775,0.003228,0.0654,-1.461114596595238,-0.01862521101048875,-1.616308324346552
-0.050276,0.021916,0.0654,-1.4220731990666975,0.26419227538260603,-1.4772021830947686
-0.020665,0.011492,0.0654,-1.5433715571072648,0.129296146396777,-1.3444409673082087
-0.052451,0.014932,0.0654,-1.5091617385318408,0.11315092588447673,-1.514234950124064
0.022314,0.007905,0.0654,-1.5542546128537138,0.08215384926175306,-1.6097548836390398
-0.019518,0.008496,0.0654,-1.522746831397743,-0.015720153690885974,-1.448959888290696
-0.076557,0.000137,0.0654,-1.2956912142537953,0.14355019369172695,-1.5104342782153861
-0.023175,0.030459,0.0654,-1.4249024139506101,0.16438596989702603,-1.501866870316347
-0.03071,0.015802,0.0654,-1.3435264087582415,-0.04044271823139178,-1.529632684873145
-0.009881,0.025059,0.0654,-1.413574189899803,0.0358055377482529,-1.4354700975163275
-0.005395,0.009017,0.0654,-1.4072818226063726,0.11325995175457537,-1.3838787761938205
-0.006253,0.00405,0.0654,-1.5207939951037392,0.1080374265207591,-1.3132943533047399
-0.053523,0.019365,0.0654,-1.610666583717412,0.20495904707577184,-1.297695042411644
-0.040714,0.029892,0.0654,-1.5869543782294782,0.16676307829557468,-1.4983247691472543
-0.021164,0.025951,0.0654,-1.500124466951545,0.10144269659556904,-1.6362783772987537
-0.007602,0.016516,0.0654,-1.4834620035044088,0.1544807214853261,-1.5921646706445816
-0.00443,0.027472,0.0654,-1.4035911906625378,0.13686592678615517,-1.451373820690607
0.004209,0.00534,0.0654,-1.3728096988345202,0.1367559430817542,-1.300789776034775
-0.018094,0.046796,0.0654,-1.4764565062325932,0.15705690543418172,-1.5023595078489596
-0.0146,0.009158,0.0654,-1.4896442687615574,0.08254761635224694,-1.574508221873046
-0.022806,0.000533,0.0654,-1.5170736251588677,-0.011750207301966409,-1.5044832804585029
-0.027115,0.02058,0.0654,-1.446089598397413,0.16961438604538692,-1.4396545831619538
-0.042829,0.012571,0.0654,-1.463692554069629,0.12221304484022522,-1.4209077971875073
0.001449,0.014971,0.0654,-1.2835760522602422,0.25494044740223787,-1.5303350310684356
-0.038177,0.020244,0.0654,-1.5123295906419962,-0.03855588139927679,-1.5838710708616963
-0.05809,0.000839,0.0654,-1.5095926420834207,0.05486410553732313,-1.417013085748743
-0.011487,0.009334,0.0654,-1.4578207050997747,0.03965990888046478,-1.4110758212592578
-0.037864,0.023141,0.0654,-1.4301567948390836,0.14600879643861497,-1.446150971905009
-0.028549,0.027897,0.0654,-1.3579510524480995,0.11994649436517313,-1.5450478669603658
-0.069217,0.002718,0.0654,-1.4668289796423895,0.1765721347353182,-1.507206701096063
0.04041,0.002045,0.0654,-1.426337335421818,-0.04492927577490291,-1.4938502014451487
-0.024634,0.030305,0.0654,-1.4759898293519176,0.04130266843246844,-1.545846971858238
-0.00103,0.024193,0.0654,-1.518800263654534,0.11177180424312194,-1.434500146724764
0.000657,0.03418,0.0654,-1.512132362105251,0.022593484028508026,-1.5143155412491722
0.050081,0.011205,0.0654,-1.462205112767639,0.08135322154294422,-1.5516995301834204
0.029843,0.023203,0.0654,-1.4068442672510708,0.033279545804406174,-1.3464201892465797
-0.030749,0.034584,0.0654,-1.4107116893507219,0.05479591661604721,-1.4976349403625577
0.013282,0.021607,0.0654,-1.6710395863579983,0.0764562367559174,-1.4813097488558375
0.049898,0.0134,0.0654,-1.5208160026700743,-0.1806253361076504,-1.3013058474661023
-0.008702,0.015793,0.0654,-1.4520154630401536,0.10265063069585278,-1.4489165496522334
-0.039673,0.002708,0.0654,-1.5024395159999868,0.01140765087688611,-1.5111338751117709
-0.029482,0.043386,0.0654,-1.406152530271414,0.07713084105512347,-1.4726219611242268
0.00496,0.00087,0.0654,-1.47369360085621,-0.04790092265055579,-1.4906714312202698
-0.038945,0.027209,0.0654,-1.6090323594957032,0.1581449484653361,-1.6161388625478057
0.023626,0.042302,0.0654,-1.4127714064551782,-0.1004885218918119,-1.4641446705042835
-0.075446,0.001631,0.0654,-1.4824013280722603,0.08273781738215802,-1.6159239403566787
0.000467,0.031602,0.0654,-1.4692440990830493,0.144333765972106,-1.4254219252524405
-0.031716,0.005041,0.0654,-1.5476699119314214,0.16478545388832289,-1.6371830456682885
-0.011854,0.030633,0.0654,-1.5524096220232935,0.09336498405941973,-1.5479892045023191
-0.035637,0.021458,0.0654,-1.51962518534103,0.031825654202880305,-1.492298581005603
0.0292,0.017277,0.0654,-1.2879488016028722,0.09673954419337338,-1.5907223032839872
-0.006286,0.00146,0.0654,-1.3593140358597409,0.021147584944247733,-1.4884846337748132
-0.015784,0.043311,0.0654,-1.5045707154712955,0.034253187601177126,-1.4829685749542567
0.012006,0.038783,0.0654,-1.4555840941966611,0.09967062912800007,-1.6251283389211353
-0.001921,0.01743,0.0654,-1.429031465561868,-0.08290223933479246,-1.5408716144589625
-0.050388,0.009609,0.0654,-1.4209488327036461,0.044945788753103955,-1.4624277014834701
-0.06082,0.000151,0.0654,-1.5396603971198755,0.09369687927928405,-1.5136045074258815
-0.038117,0.028816,0.0654,-1.4044990995107907,-0.015196383952212678,-1.467878838574007
-0.031171,0.020065,0.0654,-1.5828274638554056,0.1298235234643086,-1.5511690813992463
-0.042885,0.005239,0.0654,-1.6644986631346432,0.09553855745419804,-1.4724458869022055
-0.009443,0.002101,0.0654,-1.4871015478291407,0.2141680966420043,-1.4981009257190638
0.007776,0.007924,0.0654,-1.5077334640527948,0.1352586379592946,-1.5485320957762538
0.008171,0.025646,0.0654,-1.6374061938266564,0.016005130371385956,-1.5089871849829095
-0.019122,0.035833,0.0654,-1.4740637385018183,0.16082553406030176,-1.4242755229286026
0.014935,0.002521,0.0654,-1.509014331973905,0.09837417646833835,-1.3683508537128415
-0.070588,0.003884,0.0654,-1.475822485600274,0.07358462106640018,-1.4250481722322519
-0.047793,0.02248,0.0654,-1.531028547202896,0.06755283009134505,-1.4013035762684072
0.011592,0.018944,0.0654,-1.4391897826564704,0.16547938039650623,-1.4510507091374116
-0.03162,0.021788,0.0654,-1.3643076598378256,0.03819048984577367,-1.5089254545400435
-0.010019,0.040535,0.0654,-1.527362856446755,-0.001271264699671315,-1.489178606442708
-0.043986,0.018674,0.0654,-1.3664970244875831,0.21030805401507413,-1.4518825223449021
0.02894,0.031398,0.0654,-1.5965514483899448,-0.04788960691242572,-1.460321536942759
0.01974,0.024421,0.0654,-1.425677021733416,0.07395872396388792,-1.535582970602091
-0.04823,0.000204,0.0654,-1.3720477205203996,0.05597648140311384,-1.4859717972892235
0.017992,0.02342,0.0654,-1.3685121537322427,-0.011766996163950827,-1.4239842157730904
0.061034,0.014318,0.0654,-1.4030124763652312,0.01741260795277144,-1.4986967277979748
0.059489,0.00854,0.0654,-1.3939586198869802,0.07191442591291675,-1.5696971454827178
-0.008032,0.008737,0.0654,-1.4606718903633324,0.2448168332171985,-1.333318811998743
-0.038491,0.027334,0.0654,-1.4681514292319875,0.18773949771868503,-1.4259498631167793
-0.038492,0.008754,0.0654,-1.4941881770203596,0.11822583093826489,-1.4774891771975007
-0.037426,0.000308,0.0654,-1.6408564479668621,0.3113049033415609,-1.5572236145873477
0.030863,0.01361,0.0654,-1.437280511083999,0.03470386292097194,-1.4175133289704476
0.01334,0.018425,0.0654,-1.5545576579971658,0.1248407460453329,-1.5411450724943048
-0.032355,0.015175,0.0654,-1.46823605251979,0.04817444494959422,-1.3264290991992465
-0.010783,0.016477,0.0654,-1.5571168583892663,0.11717627328424052,-1.5557498623506538
0.009894,0.007157,0.0654,-1.4961718158607509,0.11115428545659678,-1.4545589808633377
0.028387,0.013823,0.0654,-1.5067908639937608,0.09228841766200624,-1.5782616071180557
-0.05594,0.015669,0.0654,-1.508618806703287,0.07738723610934928,-1.4293966940743315
0.016001,0.0266,0.0654,-1.5105291907943177,0.1002959165111017,-1.5799028019227963
-0.01759,0.005616,0.0654,-1.4464433827572605,0.22158227549197473,-1.4935309397389316
-0.053856,0.004952,0.0654,-1.4685674847643033,0.173182258680582,-1.258599338495617
-0.043694,0.017272,0.0654,-1.422257712981382,0.13137323573044113,-1.448920747780705
0.022966,0.01478,0.0654,-1.4026121300872252,0.11591319871750794,-1.459388777100957
0.010358,0.021554,0.0654,-1.5810854482994607,-0.0022260446565038894,-1.6057870828845053
-0.053634,0.010477,0.0654,-1.469194553046827,0.0059192760803010724,-1.641801262595114
-0.020365,0.010759,0.0654,-1.360451249375054,0.11172553947196118,-1.6191910631373725
-0.009181,0.002154,0.0654,-1.6114405998484684,0.16048508120099392,-1.3780346779412587
-0.008463,0.009545,0.0654,-1.380085828465353,0.3217306095696191,-1.4631791311785933
-0.034799,0.024499,0.0654,-1.6360257340856152,0.06212131712797664,-1.4670865957604797
-0.04198,0.014157,0.0654,-1.4567594248836337,0.34318202379094687,-1.394003335257379
-0.000784,0.019601,0.0654,-1.5387923929386587,0.13151155478723875,-1.4578257828151016
0.035925,0.02962,0.0654,-1.3963401785772933,0.01355075283000673,-1.4813292406398038
-0.040385,0.006454,0.0654,-1.4528531574539432,0.25459612494755435,-1.2790166134799323
0.007962,0.028612,0.0654,-1.320480305813634,0.07396857563555148,-1.3528898696233735
-0.010331,0.019524,0.0654,-1.545975240222644,0.1397381063020251,-1.48357581513378
0.005784,0.004936,0.0654,-1.6080984407890309,0.013361462601419571,-1.518697456142496
0.021467,0.00594,0.0654,-1.5930918291680642,0.07696558792352937,-1.4591049589793044
-0.006093,0.016138,0.0654,-1.6431349434919844,0.19415439800707568,-1.46719011352568
-0.020157,0.001338,0.0654,-1.4941378165972237,-0.046658037669925934,-1.5892485732426966
-0.015639,0.026228,0.0654,-1.4740664104204984,0.2961747790841551,-1.5244887477614193
-0.055546,0.017363,0.0654,-1.276680400280055,0.09172436229061254,-1.5098800250888156
-0.016906,0.025056,0.0654,-1.6674394687018852,-0.08355296023432146,-1.4301293143947835
-0.030863,0.022894,0.0654,-1.50781861164587,-0.029639487937946463,-1.4652247575423265
0.008052,0.042711,0.0654,-1.4473161346291785,0.025913278679079887,-1.5368359134023104
-0.023782,0.024134,0.0654,-1.5581443535532913,0.15236449374542804,-1.5741086691570343
-0.046446,0.01815,0.0654,-1.5139711738311001,0.1592491324395835,-1.4340924318721786
