-0.0334301300129664 -0.08291940098701504 0.05266211197663243 0.015652929044878743 0.003793619315032526 -0.25947699994899054
0.01520239880834351 -0.04226003771948644 0.053008486604820465 0.03940535304272499 -0.0010487910108474274 -0.04271824111858988
-0.03345673234972185 -0.0927328737599911 0.052760110753903786 0.03558595253400434 -0.02777841878866716 -0.11274266753138681
0.018309994239750188 0.04280825993039316 0.05266238617317828 -0.23433366835898414 0.16396341953633575 -0.022362667835059063
-0.04046265302683234 -0.0982827267191418 0.05279199303214066 -0.018733231427881324 -0.044942202463145176 -0.10356478135070972
-0.027761213954609853 -0.10254095188975931 0.05275664018357495 -0.03491527630588458 -0.06001127005591789 -0.04523140375134999
0.03583143281845791 -0.07290851090825315 0.052837553650512466 -0.009220911175622248 0.09257068133684943 -0.005792736801714955
-0.0051250611216533334 0.03075791281704989 0.05261145401710842 -0.3159314351781101 0.09985813184932035 -0.21767698739112865
-0.0028160852098129893 -0.10207351740976504 0.05278032927892241 -0.0037744538050724715 -0.08341977990517058 0.049725878857301016
0.035404306396132186 -0.08679194818028352 0.05278495239184578 -0.0021673901439466224 -0.02207192006527392 -0.021187679297730605
-0.01965194253775908 -0.09842761171842963 0.05274179756845175 0.048882032371203185 0.08603923225188681 -0.18026924624537255
0.004651510446686986 -0.0783772598643771 0.05289174305179891 -0.0372941051265592 0.030987920305286076 0.004551853928070896
-0.0026258346411840027 -0.1076176305874069 0.05273207256451905 -0.08637698043859737 0.2911950240380925 0.11321740013162031
0.02145291305075759 0.07201955049993404 0.05278393315996704 -0.06089712835321174 0.05652370988523492 -0.11699398224240413
0.012156855808666649 -0.060242788236490305 0.052889189229083707 0.04004473229748061 0.0017389626777619682 -0.18579197282055537
-0.018296759949411694 -0.0967009771519399 0.05275838178817086 -0.06168966053003137 -0.10996853376844484 -0.023798116658235727
0.04173339570722153 -0.07792872356467975 0.0527685216656574 -0.03583854905205813 0.0014231072768049469 0.020172993338767403
0.02561798899646292 -0.0514051610241714 0.052757823928750086 0.009683234910626618 0.2210611939421805 -0.04227731400724949
0.025636609613154105 -0.06881994028589543 0.05274242315673486 -0.018064510307467134 0.07801121394092614 -0.22064507109310258
0.016598473145510724 -0.09679088139254825 0.052726665810834426 -0.034440232713044534 0.04407180303760794 -0.03988954815488721
0.029060939321923152 -0.0696282263391155 0.052998395565891414 0.055870056812216996 -0.0127402473235807 -0.10019130404083465
-0.036371857681658286 -0.08283633034387518 0.052784949363601785 0.02525929662679438 0.09256863551462247 0.038946256169253735
0.024808497535070147 -0.10331933876418822 0.0527648433564777 -0.008050482335920676 0.005887249977620135 -0.13910594461283413
0.01615938305403355 -0.08264864970257314 0.05284809847656113 -0.02139948612350866 0.012080224089130454 -0.018314353447254534
0.020827192831235703 -0.10208019869181649 0.05272560514835605 -0.005341336571202292 0.05634789954022179 -0.028167321025851812
0.009056839134378509 0.057069213881276566 0.05265984333196631 -0.165434590694421 0.06723227244787133 -0.01507517029888272
-0.011477640985954746 0.04099474849086642 0.05269087951542351 -0.18707655919975338 0.18404659928898282 -0.1438918841719093
-0.002329791541459083 -0.08546395370075095 0.05282587051197138 -0.05283828582888274 0.13484449446632718 -0.018127845878625596
-0.0069059999946734915 0.046946912501610025 0.05271632559431353 -0.20684961910800004 0.06848718181759672 -0.18362877511242434
-0.02057287676209527 -0.06882556168911717 0.05284716328258312 -0.012789789830599977 0.05704366262213978 0.03970574327744457
0.012103730869375483 -0.06223903732332795 0.052878693196060804 -0.02553284087122215 0.14455009299189214 -0.18838307155790787
-0.01179097206319279 -0.043980934050536394 0.05266504754513324 0.0640073576841788 0.011609404392447953 -0.058888312392096735
0.02284352840741654 -0.04905283324675517 0.05273047116285201 0.10009178680253121 0.2075094016794614 -0.01672694319727977
-0.03895495841266293 -0.06650498425667546 0.052762799527432305 -0.003472187473883865 0.2081819559012008 -0.06903296838605982
0.019526257364555974 -0.07528284288730454 0.05273124689002884 -0.029572423832745807 0.12868137926880063 0.10361003163270958
-0.026530920696176054 -0.08686114260277508 0.05273386037750312 -0.020338924136249402 0.008460634045047932 -0.06300005855931858
0.021469961777728957 -0.08201253697060999 0.05283813476853729 0.015451058350438642 0.10238021991677959 -0.0056700088786968495
0.0033020450237950458 0.06061503626257925 0.052691130795570335 -0.09689618904774867 0.22554169203254126 -0.10510166542266004
-0.03778965382033114 -0.0793966747785085 0.05266734307338159 0.10759831320835937 -0.0076041433442850526 -0.18078449673061972
0.012213493327430474 -0.05978293015095803 0.05277316225494328 0.14725106506712152 0.006191770283046072 -0.07757330014509667
-0.03525835501942543 -0.07987145634466375 0.05280249418263366 0.009369518627146434 0.04529136935199052 -0.0778542176703415
0.011014933751175949 -0.07746627590989238 0.05260887614982282 -0.007750578528293227 0.2708755617233478 -0.11126207805257701
-0.012751219866825675 -0.08975888635644355 0.05276658947633843 0.0004921103462374581 0.1479369610774759 -0.047377796534028044
0.024599818326305294 0.05734454520675597 0.052729043185192705 -0.14788466827884053 -0.046768877713374346 -0.18333466854125482
0.007475486068778848 -0.08251870274749841 0.05289421454998682 -0.0032173295507772737 0.0479062307748257 -0.14583503745899903
-0.03676533719282961 -0.06996092778077388 0.05287378757148083 -0.05955767020003863 -0.10311694927468529 -0.07176985468724627
-0.005457380330120677 -0.085238939199393 0.05285695181533852 -0.0164281398976529 0.09244082982498014 -0.10272908964966308
-0.002224465699149973 -0.0978862597797102 0.05281289366192805 -0.05908869797092504 0.13392461711133108 0.024684266266717266
-0.03403094584254725 -0.09218617355540892 0.052716630083120775 0.05842507503098752 0.10262905726889926 -0.04744597306864297
0.012855330294667226 0.0726292510620678 0.05269270779793489 -0.1413398265674594 0.035054212269347795 -0.08694220874705663
0.01876423677472794 -0.07295749341797075 0.05263297136980546 -0.09124382607412491 0.08518484182259778 0.11726042819858655
0.03296866826524203 -0.06440504449755768 0.05274328172064939 0.027316587014081548 0.09154326533369272 -0.11612139466468414
0.04309867422842276 -0.06583635784543661 0.052923261270263054 -0.029915050906122877 0.026976634749648065 0.03421951419876572
0.038289266388813324 -0.08638250291327648 0.05274534880925565 -0.01630269126056539 0.11139020967495883 -0.0775230906067474
-0.006685306009814133 -0.07874955710888944 0.05279378641617029 -0.036906087666541555 0.24351451854229111 0.0018102939026763134
-0.025701719395793913 -0.06159587206016709 0.05267113335469169 0.15152611135021493 0.1534695848513754 0.013081794746412006
0.016479318742098452 -0.08640376055399245 0.05281160672751863 -0.03070419349123687 0.13026623145103122 -0.043225721755714826
0.004069104394051096 -0.10399685709947916 0.05269999864398942 -0.015597544093935612 0.050578684534825946 -0.08165151061146138
0.012891875880920174 -0.08127781526200227 0.05282677586343927 0.00875712912301068 0.08284250517032254 -0.0997170017859771
-0.004111147865151511 -0.01708929088274967 0.053002324233377016 0.1721820775558275 0.09433096466200341 -0.19863342847318266
0.033387523883598724 -0.059491165010877305 0.052948938421803 0.015632992970487897 0.005266538889373784 -0.10062336739048407
0.008473550807778637 -0.10252925231541442 0.05273685448069119 0.013634123247504416 0.07107616399443373 -0.12848967766895936
-0.034714450031794235 -0.0657989994627932 0.052683588307619635 0.10300211639674672 -0.05332304263917864 -0.06584604105534017
-0.01379625419523672 -0.09896667310539818 0.052800896146624025 0.005806288849283654 0.06660155560072067 -0.26869857129040264
0.021294983584715297 -0.05410939800068004 0.05276222178090578 0.0038059184858913564 0.006177593837434658 -0.20141563167776533
-0.035459793157800616 -0.09207930431817259 0.05272592158120746 0.0651441654295834 0.10216820029969864 -0.026234236696864994
0.04045462689420601 -0.06919862038318755 0.05277199121264876 -0.026431115254104808 0.09804132357084128 -0.06887301523729253
0.039517770631724645 -0.08133146544389448 0.052704093535308826 0.07238503528500034 0.1374673837675502 -0.017355732183021843
-0.017825698345426445 0.025602218279500412 0.0525932045000033 -0.3229097596654434 0.19478633464652018 -0.17970095495272484
0.021549631009187907 -0.1011695143524309 0.05278736910198522 0.029365773386826832 0.08144740410134954 -0.19222269062077355
-0.0021266358224870537 -0.0753296045345542 0.05285795998875361 -0.02509033778815904 0.07573775495566881 -0.15753355881703518
0.0437545520867457 -0.08132887524087816 0.05285147239891743 0.026483402811334163 0.05018439648715001 -0.024034890593251125
0.013757673522821985 -0.07343160592959874 0.05290435497569871 -0.013399848121830859 -0.006351741474630357 -0.041458167558312345
-0.043887512873391966 -0.08452580397149845 0.05269335329686193 0.0926008940782006 -0.03446434399305165 -0.11125972925095515
0.014817640502610998 0.05620476714730448 0.05270597840058664 -0.141395781820002 0.1283317359903522 -0.07948850058694809
0.033184193575516024 -0.10438830460319302 0.052714780975029615 -0.028690320347513346 0.06741996597418898 -0.07373265022800178
-0.022716688803964085 -0.07544031191644497 0.052767453866229004 -0.08246497407041072 -0.12278578374025195 -0.19406337562004752
-0.02026896832068156 -0.06842706484283603 0.05273298549967634 -0.038779452552154384 -0.005339557046001753 -0.07842274004031599
0.024655415838629784 -0.07580454565909359 0.052733124261511444 -0.02576773416835172 0.1204937969809885 -0.1859862273483167
-0.021923470284625168 -0.048031196390653154 0.05281007902983955 0.04134071763514538 0.11958424648077304 -0.07827706528351415
0.0268423603035077 0.04815447349693847 0.052632733581723025 -0.20360482914928055 -0.01816866574661491 -0.15242164476767317
-0.021159126492286635 -0.06295596164695373 0.052988535709503445 0.025236834930792693 -0.05874354202089083 0.0012370695974428146
0.012022938379882999 0.03981949344829357 0.052677468228357775 -0.2873728474149504 0.082528596999071 -0.02913778187755802
0.04419072557854841 -0.09019108446852427 0.05273896746835768 -0.04641090354389349 0.06897604255513601 -0.052664853826856026
0.02504313898811026 -0.07714847377904185 0.052881556723270426 -0.026303295463993407 0.07920499956460847 -0.1489773104240719
0.0437371536595915 -0.07767580673878406 0.05270369348740729 -0.05119124495419007 0.03547915399523127 0.03141771721926644
0.03089606667553517 -0.07454245778011215 0.052746971846537725 0.0305575627892066 0.10079678146017379 0.03170968094677836
-0.005375273726095391 -0.08966755611212719 0.05269765823993081 0.008398659260535521 -0.04451106515208947 -0.04316619769994059
0.023929052493604826 0.05654593563868789 0.052702133391431906 -0.13201339926260777 0.011331581093894982 -0.1137919957374917
0.0008397105268871371 -0.08525877116847257 0.05274876614103351 -0.011093818150631544 0.18255152379930717 -0.11254818211553823
-0.020021506430995664 -0.0755935583760794 0.05271458433754655 0.003493091963560858 0.03692001742404405 -0.05752590580491805
-0.0032307490999863918 -0.09473434004570216 0.05277313326681137 -0.008568935769816544 0.10260680075371531 -0.10130061490977375
0.02402573818877442 -0.08217068546309642 0.0526791084343095 -0.07048639911057114 0.16774599814147373 -0.005347904535470956
-0.04532294493993861 -0.09510150688911573 0.05272627714193919 0.008897519047052672 -0.06940253316135414 -0.14654103749134478
0.01769460537131848 0.05602614878460117 0.052737982763363694 -0.1018450667460145 0.07738218810879172 -0.2607419984818001
0.021446640903876327 -0.0869161382269924 0.05282331603323668 -0.004839866689126425 0.018386547377356344 -0.1298151528708429
0.016918332567516473 -0.08396432208997046 0.052804028541491466 -0.02269522817508455 -0.03743982666753887 -0.023675816615138633
-0.0028558099473884936 0.05399136979701067 0.05241208816501672 -0.1337677762055921 0.1931727937025145 -4.671379151528185e-05
0.010594825691754642 0.06081131938485868 0.05267087939803001 -0.13977035177450473 0.04879452013561236 -0.01739092336387197
-0.02667236607045533 -0.09080170022689665 0.05266991840612165 0.08856197183197395 -0.0684059110620363 0.0791526623543572
0.00897013719848534 0.053950809281597005 0.052717934241537444 -0.1320225338610316 0.057504047429751015 -0.15073484729044415
-0.021541548770287786 -0.10350960469542073 0.052766219598413724 -0.03055062131271828 0.006586850034708824 -0.0021189018961311683
0.019837539207159534 0.08996836491603158 0.052649980929884335 -0.07310656415299074 0.013607559693622706 -0.048576554759652085
-0.003711278256434691 -0.07770974618671991 0.0528511983132296 -0.01564995651728567 0.13320823272717952 -0.02361981898350915
-0.0020422593058135414 -0.07013833057657146 0.052842569580421536 0.013150503521307963 0.11966251256231897 -0.0574687140531652
-0.02076788198750728 -0.1002916946616524 0.05264232604919597 0.02760453710480821 0.17493923548687218 -0.09882876741999364
0.04240372626412337 -0.061965786950375454 0.05276548685741649 0.07798120532949018 -0.005646894511434075 -0.11028473638125515
0.015321297844957149 -0.01720290972048943 0.052901650329263146 0.10813707225465852 0.06844175727678259 0.0341098593986107
0.01512841261528245 -0.03786186654283151 0.053023559277623006 0.12173623475512323 0.0976140377917889 0.023768155143636907
0.02687297908567433 -0.06250756882056675 0.05288642727264724 -0.036502932063485774 0.12863179932183577 0.029478899362142968
-0.011134231732380475 -0.04606889799779464 0.052602598207215155 0.04522447760534997 0.13504351427847405 -0.027824151768369894
0.008558091777070965 -0.05584139442480517 0.05266117198392595 0.05912097033494157 0.0776146461176368 0.05644653774431343
0.01585239737266314 -0.053986286316640944 0.05288338952488324 -0.016087705574556205 0.09499054007311014 0.0022561017146142935
-0.019027427181698874 -0.07341282148136048 0.05280479678474395 0.057053165620605445 -0.028196321844478067 -0.1327635468683317
-0.001211925246080819 -0.0678952735936048 0.05297970526574704 0.048856579953354656 0.10668701468017527 -0.08832691832846586
-0.014805107294752791 -0.08742150670249182 0.052666292024173916 0.0602536929335511 0.1983416917529932 -0.021101390152774086
0.02025894744520223 -0.06530647607190179 0.05284371491672376 0.10755170575043037 0.16679001891994005 0.038538874440188754
-0.004330853753402057 -0.08249457848368538 0.05283851897605749 -0.05155168088756521 -0.1670629951629179 -0.101123013800086
0.036124844298917456 -0.07148991082950074 0.052773548433426305 -0.03156595641896589 0.10630156749413833 -0.06502816660882012
0.019868118990703214 -0.10118171497901257 0.05274200569288702 0.013782165349085445 0.16909611557157445 -0.09110305131425542
0.02023100796663631 0.03306517952509714 0.05272079065498471 -0.2489257482698277 0.15773835927341273 -0.1378105065508343
-0.0030222112874043186 -0.09294662658389898 0.05284052545922355 -0.0352724461142685 0.07488272694040332 -0.12023499711425928
-0.033008385445178916 -0.08173166710419023 0.05275656252497447 0.04835760898907388 0.08831117738681682 -0.032364093212874936
0.001159786217809929 0.05641369261079704 0.05276489562014005 -0.13934783714988255 0.09363151489698618 -0.2234174354847442
-0.038013781175084985 -0.08957934192155123 0.052744367989287146 0.05961205664085077 0.061594888479904686 -0.11835401346343012
0.034890338754532554 -0.10091232289243345 0.05270964104071186 0.010112741142574537 -0.01190628854472342 -0.07670395272291436
0.036027935517305106 0.03480219841574428 0.05272904532861995 -0.2100255716725616 0.08251946188630899 -0.29304206770011054
0.019365745448111506 0.05619531214380038 0.05270884680917964 -0.1364522013221948 0.03835376960462833 -0.13716213522521958
-0.018756700527393363 -0.0878650966048636 0.05284543404891233 -0.014635614294182076 0.12668123884560156 -0.1262075963757519
-0.02255705898593332 -0.01816131124804835 0.05276359884856189 0.10659957582521239 0.2470612543331825 0.11969658579966709
0.022568786856300007 0.08218020512994334 0.05239348450100326 -0.22394804375605204 0.08141249378054671 -0.05164499981731929
0.029791378894283717 0.07998792932172728 0.052745229781232306 -0.13999973135201357 0.1537970990631985 -0.08990245020496576
-0.02905220336070759 -0.04026653481817724 0.05289372017937111 0.047358700631248876 -0.008255569053370104 -0.10574292956449739
0.0420238729628448 -0.05140192708041816 0.052785856173527726 0.07587428787949785 0.08736735568640674 -0.0824857358784967
-0.013363282234601639 -0.03452303719546275 0.05276955329426366 0.09049932189316304 0.07290912624002677 -0.13748058422200204
-0.029666229276310855 -0.0790374818344368 0.0528698251255992 -0.0029978271260781893 -0.01555271332135355 -0.1628221192915325
0.02667571539949215 -0.07998898523181913 0.05280743888705066 0.13430697886101078 -0.02116286108877974 -0.08604819951104947
0.02079157022663991 -0.0065337336545759645 0.05278474023493798 0.15913790045117873 0.02577689739379818 -0.021383090692661533
0.006314043718261896 -0.0899844502685043 0.052736696147871534 0.09327339480088556 0.23946663419574077 -0.10501650288154797
-0.01873984773166456 -0.1000678356121579 0.05273764014469915 -0.05715684632003692 0.20449831028752774 -0.004356290195195372
-0.013005200344113663 -0.0654792170655945 0.05294645720209888 0.0003436472258058874 0.013321179923489801 -0.18324325982445674
-0.0054763266787966475 -0.09518007690628913 0.05264051152245253 0.04470008744136846 0.21334581749378678 0.010066646466231776
-0.013186192374204141 -0.06044896178310238 0.052978403174494614 -0.0020760131395298775 0.0719520255232926 -0.19026773369288819
0.040369674647195826 -0.1049451439290177 0.052737043409028767 -0.047600383367840206 0.07604629584657974 -0.03670410839330362
0.0074576831221938155 -0.07884653366483448 0.05285622261663577 -0.0051913259593404015 -0.006842472917830911 -0.1342692867594088
-0.008567659271534057 -0.09456662212424924 0.052701535463999756 0.044527462982663434 0.016984971030449714 0.050575055025015664
0.019174655885984014 -0.050851407429747156 0.05299048479347491 0.11063748446733297 0.03843619630312478 -0.19045374297150375
0.001849208428242615 -0.08953408340587769 0.05262628976945178 0.11237748673088764 -0.02822634045356276 -0.21016005628761755
0.023931566120785702 0.06504065384140507 0.05245462952914967 -0.21204884659122494 0.09344175843392177 -0.07393240245011867
-0.02266316294837147 -0.07412056889084442 0.05279233736581404 -0.005794827693907919 0.01905375999806669 -0.10415860312157374
0.023654065291315127 0.07569199143394371 0.05268370012278064 -0.1045939629088475 0.0819156569787316 -0.05698144870078371
0.009049548466746075 -0.09616380900747298 0.05271272192067485 -0.06960386902617 0.16363095536587946 0.006420348603682645
-0.04147744273574635 -0.032762097401529244 0.05272279779076954 0.06405241252951255 0.22578182398111735 -0.07316876211408646
0.00754605011950673 -0.07550151380448142 0.05281112825708386 0.03141758964749388 0.09622644593642393 0.05040550178821474
0.030251418043051828 0.05480348534296405 0.05272408202637873 -0.14269401309792198 0.07324235842325422 -0.0841875365500482
0.02216465129469249 -0.08497594674521683 0.05264175565832081 0.09479920684919504 0.22781707517977212 0.030621840504314324
-0.03921772387716525 -0.05925049766036934 0.053172203032774285 0.05700621807504932 0.10936931251909288 0.10174548813764273
-0.038843230576992856 -0.043122568949421645 0.052973652362555454 0.02947036859867411 -0.03899127309882355 -0.055093155082379754
0.02395259071910967 -0.0744583397084632 0.05290707452050127 -0.019719993506211515 0.04877689732305335 -0.06579594954971438
0.0267559827911143 -0.05078496854085564 0.053032519681251014 0.04641376041720196 -0.09715361530878175 0.012090843309153634
0.010047796556255355 -0.04483647642624861 0.053168015827746815 0.01513206128402051 0.18960194310934986 0.016452295239896674
-0.013086952352690147 -0.0856119329807773 0.05275638992997486 0.026278412815091048 -0.08095290205011363 0.012336385746148999
0.01376700904346784 -0.08140061586486269 0.0528786214821477 0.011454158329639518 0.029442421304606503 -0.1082933130276883
-0.018052185498814936 -0.09045291737693346 0.05279319483021402 -0.02610517467001959 0.015275090002470737 0.025197160808844606
-0.00952633656885087 -0.10675048895176041 0.052715609551230794 -0.029363623912501077 0.06696824773255106 -0.21639206372899564
-0.01416305072854294 -0.05297149474755095 0.0530257426238148 0.050846543515876086 0.049738830762212194 -0.08267163840418865
-0.004799336780809313 -0.09264346490019004 0.052693756924745386 -0.052224762467787 0.06781593436243205 -0.06506706178308
-0.0011814697407769976 -0.08748228316584586 0.05276175261786422 -0.07199869583673243 0.2624440342763854 -0.011970894183360354
-0.011899082283261957 -0.1024842460388856 0.052829165762870924 -0.020411406806859492 0.0626834112332284 -0.1842407978372449
0.0323547814419807 -0.0368631681668908 0.05288251561506702 0.06262848579101679 0.024384933380356966 0.10461027444262708
-0.023447875444482014 -0.07951089680254081 0.052954543245038774 -0.01014139396174639 0.15164453051688875 -0.15037454236298642
-0.03903379242059358 -0.04658879750717352 0.052875567374310435 0.020860726417087465 -0.09015137101748061 0.00020945808666020737
0.04288715848828404 -0.0466472937730441 0.05304371568627568 0.030090825304283444 0.08855849230646018 -0.0402682142238646
0.027212405648326114 -0.0896757853250087 0.052764783501390015 0.002326017635233902 0.15723062991066605 -0.09888062722021738
0.01789079379639725 -0.09163992133286887 0.052665785341254975 0.08911741736897276 0.027265460728953084 -0.13211990618952435
0.029927982068441043 -0.08518801288646885 0.0527731731165945 -0.019758385073111912 0.034933808593480276 0.02158771050481327
-0.007958959741742965 -0.05566055423319288 0.05302220630782278 0.02459048119094556 -0.047682581165512605 -0.053176083500585045
0.003141374800263873 -0.10108948733406432 0.052670135203333045 0.005712471468967078 0.07030190644550727 -0.018682406688011164
0.018714950570127172 -0.08341197901400599 0.05272505897908512 -0.03904342311611833 0.2380626461043429 -0.07127692701377464
-0.025924557432999595 -0.08525139908363072 0.05270555555104036 0.03991245797323494 0.05652565151168498 -0.0972231022105195
0.01567136061105864 -0.06209908541817166 0.05271607150706028 -0.0401397067724365 0.2552434357093669 -0.07954566513179827
-0.040142479533589966 -0.08115343133942374 0.05275809985104481 0.12731135772766347 0.03788583757611508 -0.07291575153609568
0.018273704375019045 0.07014379640815849 0.05268347920441455 -0.15302379921026943 0.04441098470694915 -0.16428202189554536
0.024135650161482555 -0.09877194463777711 0.05275866456671208 -0.01753722543639352 0.06627577710170462 -0.01902374446539468
0.049278064054973196 -0.08465726484408236 0.05284540452754143 0.020847311557132195 0.01721365566642774 -0.046813127388382725
0.037298486017283666 -0.07388665391082395 0.052953205463871694 -0.028977222801479408 0.05989731902236528 -0.05679594595977781
0.027549394354602755 -0.06179782886954777 0.05275250647562012 0.022482540982286685 0.2112625427906294 -0.04559138015333706
0.01128303378462127 -0.08934533808768813 0.05277973988168787 0.030091661750867946 0.027409130379414837 -0.08108132306958837
0.041162197903572985 -0.05132171412068488 0.052731971363592006 0.017195102402881027 0.07806883722054736 0.04583016234353631
0.02257027404135836 -0.04840937693896077 0.05272820918403962 0.05504121441991277 0.18697709399625206 -0.13174295742623035
0.02277371956837341 -0.058429402694393735 0.05281502088037718 -0.04074490775630869 0.11391599908607275 -0.01875430837871341
0.007547467422357197 -0.07348883688580984 0.05296826172486926 0.011355789166267007 0.053464727434298975 -0.07061119731261617
-0.0021832466301424315 -0.07820118301660466 0.05288519900745649 -0.023245882678538093 0.0056637281321767485 -0.08817422366223973
0.029232798180430203 -0.07615683845906054 0.052737255572973575 -0.08370510248504351 0.1443573726935119 0.08380535516580083
0.0011826885095446564 -0.09956197395859111 0.05270903524805212 0.001846986953780495 0.2160704595245202 -0.2046490129341599
-0.03622667308206973 -0.09620453598836742 0.05261583542735084 0.0741796241567032 0.1723342262581733 -0.2581134162708024
0.015474010850577497 -0.09393559246369036 0.052714607869900426 0.012976192503419045 0.17908412941955443 -0.14043376092286036
0.011840409572997073 0.09716188960249987 0.05268342950913 -0.18478373059546174 -0.022344780972582967 -0.2691294548239041
-0.021357112427618303 -0.0761731966559467 0.052808814068703545 0.03629408436017788 0.004095628362915882 0.04811195386886363
-0.004158080425877587 -0.039485239727308795 0.05246191236335531 0.1399710279503644 0.06773043868877071 -0.07238733934627611
0.04925119986672171 -0.06978291725231929 0.05278891454780749 0.09106499560410089 0.007878475093547443 -0.11937459925985401
0.013662018024129951 -0.08136983269160648 0.05283034909048939 0.07902276852528894 0.10325986373134355 -0.018605617766608594
0.002698455992031455 -0.05930041718823689 0.05302882691785677 -0.013154080893040238 0.0780825236025895 -0.05555236446680778
0.02562053549307724 0.04374878343405856 0.05270074102833764 -0.18718218169648093 0.10393436144688528 -0.09746264417716977
-0.007346311645082214 0.038627696351617107 0.05260732316675393 -0.27297882533352275 0.08571992783936855 -0.07655119092851796
0.028136491971842287 -0.07979989384513442 0.05280708776264488 -0.022099845241103342 0.1027357959370998 -0.1767191384990097
-0.036917560450647535 -0.07890319310208273 0.05281914856671713 0.0354418939848806 0.037551040093162236 -0.13805409121995316
-0.03242581157145492 -0.06986754315981483 0.05278684622013915 -0.018638452204796402 0.08721307502407982 0.07151371423164589
0.006524825163080986 -0.09328826749124132 0.05262318410521794 0.08151038484262643 0.1339465082758453 -0.13953243061823792
-0.016000880220444002 -0.06702022231331692 0.0527441128184373 0.09472956373736 0.11588177549160927 0.070540570758943
0.023417563728313735 -0.043807047215775316 0.05284227340167178 0.008029136014307601 0.15860580067359464 0.04260282787915816
-0.004775480930556739 -0.09167843310131012 0.05282322403682312 0.08891935580734503 -0.008236057709490874 -0.16769313326642096
-0.04034763637593094 -0.07548777338833552 0.05282074799089847 -0.005652914355071916 0.06719554928377103 -0.05411267330973091
0.0415278574086179 -0.07350800461629634 0.052762433479053183 -0.04490919864875224 0.06003036301087006 -0.0807395167357062
-0.04344144964590749 -0.09574246073243901 0.05274671144596246 0.03865985757204834 0.05725699170478071 -0.02757343328033481
-0.03161604511431142 -0.08676841982811069 0.05270396363473335 0.02059403456357747 0.04174448887316018 -0.1678023998123247
-0.007718597825461391 -0.08255112861471099 0.05284561827270815 0.0028129753235934985 0.01185551776643412 -0.28644267412409746
-0.0003621168922113028 0.04826137999729504 0.052792147286197924 -0.19993856224263226 0.04499424294901089 -0.04891759382133879
0.017792500250619195 -0.054906407796995974 0.052888287595858334 0.004582821429830367 0.08591003881793902 0.013791194646855775
0.0396058297367353 -0.05893155833399805 0.052760872464494984 -0.00666433616417311 0.19974334759390255 0.07182932592625582
0.033074332681624866 -0.08253704142176012 0.052633077539537394 0.07515196464849132 0.06861859891472677 -0.15036813577736294
-0.02615480166532674 -0.07604879945013851 0.05283121024265179 -0.060865167461610845 -0.09620357526893542 -0.19017615244011973
-0.028894396819826945 -0.02958647512516204 0.052565918826788675 0.10595239182852217 -0.03993912869476279 0.06466493278390434
0.021501639126230866 -0.06548969374317783 0.05281434605988702 -0.07963177763898954 0.1853300343610016 0.027603803102773695
0.012946774667346396 -0.0824332113315414 0.05274493222065722 0.007174457661856815 0.15918129610942122 -0.03893129832151836
-0.045321025028431924 -0.10101965723535122 0.05270929859321052 -0.008397566080344202 -0.05172899831053557 0.007768540274506973
0.018299116808902147 -0.049980211171578935 0.05287127094120378 0.06045090117555601 0.017724929167699077 -0.2014372571893105
-0.01736261483868132 -0.06331602889786452 0.05282299785683729 0.055999097196418365 0.07350240186367829 -0.174352676136687
-0.0352800226892426 -0.07224633789807226 0.05288412937273024 0.05533934607511972 0.04676266129551232 -0.15744229588190217
-0.002117113068991167 -0.09776406299062895 0.05279397066666728 -0.017183863903320336 0.059143388054061496 -0.11728667578098005
0.0036656890127128167 -0.08543748111418763 0.05277729634411571 -0.03529025877643653 -0.009296363217192738 -0.025098217534424337
-0.004591288288938696 -0.05815172268590285 0.05278607295636437 0.006042849218650486 0.03316474981039441 0.08420080946595636
-0.006015266313308064 -0.09783124626596151 0.05271789717703935 0.03334134084942538 0.029296258332972558 0.10147945097542375
0.020486608326528398 -0.05801895877787368 0.0530133573048088 0.037516788734223934 -0.08299257386580727 -0.028433179669904024
-0.009095854572923447 -0.05113070189978497 0.052925708225179495 -0.005645780090185132 0.07329310084672391 -0.07368488594682088
-0.02287936059216432 -0.09667865124453462 0.05267165076750004 0.03372043418285589 0.03740890766911131 -0.01707894263579069
0.03661889582844658 -0.05792204851051772 0.05297879203954498 -0.00818535774078874 0.002474218529826322 -0.0216373238466387
0.024805550569380944 0.03661460315225759 0.05273002939062246 -0.26948377875033397 -0.03702618076928865 -0.05824148357351578
-0.029510544924837435 -0.02716468909344929 0.052987275746982594 0.10311596907065493 0.05347734179599328 -0.12229057134564834
0.01069785031420499 -0.08573744276312188 0.05276507740412479 -0.08721118139378088 0.16909013728275446 0.021634213795553227
0.016678046872696785 0.05542024556708826 0.052850261266989815 -0.13824912165789666 0.20144650118037677 -0.080048661031581
0.009328910783736077 0.07875696871525838 0.05270495694739361 -0.14796109269206523 -0.052605662086291805 -0.24461376433835802
0.000966652143414987 -0.10625575288620323 0.05275721168047156 -0.025622543331259854 0.26497541610579134 -0.1487376455656954
0.0037312179194457277 -0.08686280580753078 0.05265365901259193 0.025944686972446635 0.1773288250534475 -0.10306565608895213
0.0034022233843788727 0.06931642723402462 0.05259386096307606 -0.22721712459693538 0.16760667262330164 -0.11798510014189818
0.0037639778283618023 -0.03130981608812123 0.05276195882729468 0.08802428631406506 0.07870470321937995 -0.1253910521889769
-0.003080637148386002 -0.07566757638403514 0.052930795834771144 -0.004435437037169703 0.10093498347350538 -0.12931643568465406
0.012572308891413166 -0.08196813647489602 0.05287423489165028 0.019074470066856305 0.11193074372968881 -0.06470497737290197
0.00652968342004908 -0.03810984011441555 0.052783241275271925 0.0569812499087936 0.08687138856718901 -0.11768172540983173
0.028521205625676484 -0.09938381714131196 0.05270117364875189 -0.08495791245787013 0.1545346802340517 0.05063596371209919
0.007864304269009319 -0.10274559850582078 0.05267800705018084 0.0004346519492696742 0.12163107523109629 -0.044729213673002366
0.03292493784447911 0.05031497052280597 0.052726589468900194 -0.13336388517666703 0.09716146923700753 -0.22570799566123867
0.04228316133110972 -0.09227154470558621 0.052667215044928516 0.05422090729567667 0.059784721856364076 0.03541356697137441
0.024299719740289 -0.10202405582869424 0.05283129157336136 -0.001284061941738423 0.0371928988927368 -0.1413931142663085
-0.039858906842200725 -0.07616583773848068 0.052763965134453764 0.16711162166476332 -0.025557088308738596 -0.035383188618313154
0.006371038304593922 -0.10594120962788023 0.05272369809532687 -0.04896654903573264 0.1537257866856876 -0.007605662054511544
-0.0020841308518011812 -0.044520496803036796 0.05293421395660227 0.012710009683460923 0.045031990360721696 0.01172147659964216
0.00034183587327462516 -0.09222816333628987 0.05275300009900234 -0.00644793360677183 0.01860381099161712 -0.19553702901849876
-0.025595142864254402 -0.06312322266384492 0.05269119431127355 -0.0388653452740515 -0.008334878080753727 -0.10966547215146617
0.023250430659184206 0.043710646893596335 0.05267030877943375 -0.21138723828776898 0.09392079205062354 -0.1144138701291728
-0.023815520314232144 -0.0970700314344366 0.052817224985628734 0.00574892228416979 -0.22104254479482477 -0.06780559662074051
0.04513644769553797 -0.0803970586803372 0.05279328500232678 -0.00940299613455792 0.12366563380225282 0.0704580133781462
0.0147152152478785 -0.10520134338505348 0.052745901857778575 -0.04173897285585376 0.16316548227712913 0.054100261252486154
0.01503538068341838 0.09461584134484548 0.052423456065000616 -0.15089778841467258 0.022694365407708972 -0.1254915291706105
0.014397187256317721 -0.07606470110132095 0.05270057413671714 -0.002990621693895547 0.1796184360433195 -0.006627446437187987
-0.008576363254543666 -0.1058346398438436 0.05273602195915291 -0.03523133365645651 0.1061077139173836 -0.07013016990013772
0.01660836936480775 -0.06965607930475329 0.05292065111405044 0.04830788120991813 0.02014190362602064 -0.02365870029389599
0.0174906048699239 -0.10527860622416793 0.052644521927658526 -0.026477934634589105 0.16674537607529927 -0.07977017616353725
0.03420272340988114 -0.0797049519008493 0.0528352367283316 -0.05721799159874087 0.08851934242713289 -0.009386265238784108
0.010056545653998954 -0.0791474169605253 0.052834802752937095 0.0211114517295973 0.045558613839630446 -0.09775216442089485
-0.007584635311272081 0.05230407643514075 0.05274867603641337 -0.1913689649749288 -0.009890030543092898 -0.14924366715728404
0.027448425958833216 0.07684282995024036 0.05279011565309442 -0.05417611270729544 0.13388916341687018 -0.12317193009761417
0.02863549225641532 -0.06878889115345022 0.052945416248728644 -0.035774653118980926 0.05614403746154295 0.008744794739950712
0.003190001510741068 -0.10730753167763898 0.05272062523209579 -0.05881636033215043 0.1888847777039513 -0.10280894960681142
0.01018408009702411 0.06237994544715522 0.05267753877308189 -0.1285431327052167 0.04468287333984211 0.036809323712327986
-0.0036695904958540587 -0.10208868565219273 0.05275939374124175 0.03200001731953747 -0.018585680844274144 -0.26514465760281625
0.020885492976297673 -0.07448094049412723 0.05269112950606889 0.2232296372449854 -0.029700500096268012 -0.32575778936539423
0.048134097463330694 -0.05416624684234087 0.05281513855273105 -0.02602856828427019 0.12975961980409378 0.06649168356484082
0.018099847560832195 -0.06568232256141808 0.052626484573649324 -0.09507854479653043 0.21728150207926333 0.017163012604275496
0.005722369877368131 -0.09146150920458272 0.05276223395799302 -0.05344075445390532 0.23095325838086622 -0.050247691110928326
-0.0013151178841760373 -0.0945724761627495 0.052772338525430236 -0.02114148371169457 0.010672546199583133 -0.11582671899052067
1.581776525121796e-05 -0.034454220152199455 0.05286596113220115 0.03555961218312357 0.12764834307030526 -0.07382003852060394
0.03411236060973924 -0.09279205351886602 0.05277748393160951 -0.05262909206638135 0.06608693100829743 -0.03224643245155121
0.03985332260695465 -0.08863962732084861 0.05281038204913718 0.057593045211190214 0.1499672460032806 0.06881057195116831
0.030911668763890225 -0.06157966896018168 0.05294519373669652 -0.012501373297623597 0.05656192563458218 -0.056557420406826944
-0.002198395845577137 -0.06910797594087387 0.05294878777707719 -0.023427921212517532 0.11770959003864001 0.023726152637425564
0.033149713523392604 -0.04786386256585966 0.05249902848014858 0.1176321268724038 0.0322127500213234 -0.032791799617682096
0.042280481381565635 -0.10354549092930744 0.052757929805718105 -0.02949756543640229 0.029132259855794818 -0.0620022019546391
0.008295669912430572 -0.10358538347531622 0.0526271499674297 -0.014967272049828359 0.22076688415839119 -0.019481615508725274
0.036550960756644706 -0.06929900987240756 0.05281198268657617 0.030513152875408883 0.021504570284414326 -0.09269245998648205
0.013677687356483368 0.035143077490635354 0.0527147674071559 -0.2546192396675973 -0.019188093337117795 -0.1328576996026191
0.012585541517699394 0.043652057456774945 0.052738822464934824 -0.17379859740549505 0.0993942485497441 -0.1822033358616392
0.013772248130035884 0.09018844270495902 0.05273789995585813 -0.08662739051937329 -0.008965609370291006 -0.17792575044586656
-0.00124580510310227 -0.0925839796848373 0.05273640001393042 0.05677730386768477 0.08196269655697308 0.030696194323031174
-0.046080020846821605 -0.040777504183786284 0.05270742969049164 0.026903642336937053 -0.14092384982913853 -0.03284182828591637
0.013764985645041203 -0.10522276919305451 0.05274698119438537 -0.036961415647516094 0.1206684778684306 -0.015082214149439225
0.025831883315386557 -0.09860364003086057 0.05272797422933314 -0.011619998629804444 0.04221577177203928 -0.13175921725320663
0.003897350560682519 -0.07758428152918855 0.05260476049888209 0.0018855155562345664 0.2971879831282327 -0.14114406218273562
0.03291196726815473 -0.07584044595506348 0.05271102012936945 -0.025045391208337424 0.1490950011815999 -0.05461721977019004
-0.03645122937718563 -0.09776139397749313 0.05275805112556397 0.011522777576518055 0.022522851728668636 -0.05648699255711273
-0.0009069552480491418 -0.013257690565353189 0.052764123688840675 0.14211473869192848 0.121875219054419 0.037910408166061844
0.014752136416167301 -0.08039304853633926 0.052799343395120185 0.00911683587521813 0.16872405366562981 0.0032096552101486568
0.0032600409531007334 0.04632531869252192 0.052631691828617384 -0.2921952239176269 0.1231054078536673 -0.213592817975867
0.0297339035808148 -0.053259200303246004 0.05266324494876598 0.04350516146525217 0.12183530775072993 -0.15889703123550283
-0.002775035629453244 -0.09113290157468246 0.0528179813764735 0.014447307189147515 0.012275704779906693 -0.23028545885696883
0.008182876814631385 -0.10527380560654895 0.05279763650611379 -0.03864951527268103 0.13468947322363878 -0.029935371389800697
-0.023206415766987922 -0.03600836537029728 0.052898531453619856 0.08207189788552124 0.05069129070118272 -0.18615801740678667
0.007647865493833004 -0.068998154502932 0.0526983278219239 0.014466429262675337 0.23078226029994164 0.028246846894625047
0.011963281018711963 -0.08529278453770908 0.052776993502085055 -0.04545337818010917 0.05625608612841915 0.12570643401581216
0.023134648872980553 -0.0960460498230237 0.05262724736139937 -0.0648918752890926 0.23046023367300728 -0.039520457403214075
-0.007484284336925936 -0.09452300998958903 0.05272292308761433 0.0005278027563770509 -0.024049889743358976 -0.01006358282753425
0.025367019290400247 0.057746178741179134 0.052505768754669876 -0.24087628400343888 -0.03033246586558347 -0.1368960623312051
-0.04112907158329563 -0.10078146004789582 0.05269421490797674 -0.005347131537396459 -0.10613138067269534 -0.027546694762329432
-0.014607802917193038 -0.09848349760593604 0.0527022254194739 -0.022503532474119944 0.02615220166804999 -0.1880524499342808
-0.0010245748314853293 0.04859473882029426 0.052716344221465095 -0.15374574889469003 0.2685292125284986 -0.09024230120738665
-0.0024634329217680705 -0.09786376276592627 0.052729346897747637 0.03148303474425541 0.14948193749387273 -0.024706560341774257
-0.0019490267364359456 -0.07972756725848493 0.05289093083039221 0.026086511723718134 0.09010159059678013 -0.07228428483775332
0.010127304719847761 0.0643156197694864 0.052496356093079524 -0.3120748940097139 0.058501309132255486 -0.14151787460408355
0.014725166228444051 -0.054016782772871245 0.052718616592596496 -0.0049196130159670495 0.15519470249647105 -0.005481989860587691
0.02776713168828376 0.04524977316228456 0.05268331315350281 -0.19294886519285487 0.06801083191559165 -0.07871797856090196
0.010346664361107816 -0.1028872869476741 0.0527337122301766 0.012634014122252998 0.09320758068233559 -0.14545780373635894
0.045070836831533456 -0.07260501662612832 0.05288787259691756 -0.018334731403127073 0.029182262437913664 -0.0006542674958237348
-0.042020995240972976 -0.08517560078531262 0.0527528284624285 0.01181614721828445 -0.003206059356630764 -0.11098844923165739
0.009902237786508863 -0.09528279615255222 0.052717621492561886 0.06539833843326094 0.08769483466366923 -0.13198134968669142
0.029288650291948964 -0.07297341371537007 0.05275739531446006 -0.04518184105258991 0.09917087074233244 -0.1413988465085907
0.01077088397689329 -0.10194190813622929 0.05275929586777693 0.011228879692669943 -0.024512492067266134 -0.11705583172954115
0.02396781735115337 -0.09756924241461251 0.052687519113231135 0.017800363124181703 0.17304621951074606 0.047820355593469345
-0.03844141911405785 -0.10098253126944054 0.05275824094659864 -0.026330347179559024 -0.034783171527519086 -0.06953028673647628
-0.015994902722357388 -0.07705545745882153 0.05285084021506839 -0.015799938355744787 0.1660688612033614 -0.1980681885775297
0.021271214121033027 0.04022976693742504 0.0527235706955298 -0.20971089525266653 0.08199373677957178 -0.2213112758074203
0.016064729363992884 -0.07139408490790859 0.05279061303977639 -0.07703209005688155 0.18755815229993922 0.02598235212165375
0.010706152265522037 0.04722221480355112 0.0527429364827107 -0.18701473652735318 -0.016167638379976257 -0.22818646791751168
-0.021957108490546627 -0.09409881481951228 0.05273790773764157 0.005405529384583578 -0.09023049112165293 -0.1703036350373009
0.03401107183099903 -0.04223916288987159 0.05286354666600243 0.01941690100403848 0.12914830340643424 -0.020112142584125064
0.014191708199338758 -0.07650032641559665 0.05285875699639189 -0.0576955870835514 0.08593137361164471 -0.005596909936414162
0.02392743496657421 -0.09597326349132417 0.05269358095872937 0.034399655334106674 0.05664795739841222 0.018006338716233132
-0.031537417272254106 -0.02313326119019338 0.05299650418823218 0.10565277888624187 -0.004106448709375599 -0.18813636680750012
-0.01662603160271243 -0.06944866672222295 0.05309273496073928 -0.06071274999748231 0.23064245836934338 0.056151296005981836
0.04709527767006738 -0.0700940115055816 0.052664572478837726 -0.055816848671389016 0.18202591820098357 0.14298777559676587
-0.014871112892730139 -0.09543535115298499 0.052731824328300286 0.0600106653168668 0.17633984499729594 -0.0823012310354962
0.0024729669413635375 -0.07772275013221532 0.05272776908502054 -0.07021648854882862 0.29847909805475803 -0.059240647770161386
0.00013215381006632354 -0.06999107039928873 0.05282240782352207 0.0069678707443598265 0.224547665969421 -0.061004890210973585
-0.00016862141825030818 -0.10320525623356358 0.052752993407347605 -0.02629000165611522 0.09755286549435827 0.033226621162891434
0.01764687874619776 -0.09760072746463867 0.05275896728951006 -0.05353518686922422 0.09691043629932161 -0.01755211429518644
0.010189801466818459 -0.0944958090210763 0.052683948187317156 0.04958158187131236 0.19609650514305588 0.008504005510475452
0.008993526557611682 -0.10004219018121019 0.05267726491942305 -0.048970211099705806 0.1035673523470757 0.0003371176929837854
-0.007444735773993894 -0.10186886071070846 0.052711373119092346 0.02188812508785447 0.01844398748731435 -0.1643006188545915
0.02201046177570224 -0.0547439816121215 0.053138829857224804 0.010975847478036196 0.03402535055891964 -0.014485702495378743
0.022747679222406638 -0.09481237550913164 0.052695727423786164 -0.007926192202691449 -0.08138902504435253 0.009973814048811822
0.014304088675788163 -0.05870030613509368 0.05303403063116183 0.03566108912067558 0.1564150862745035 -0.07385654133252316
0.022078757106179285 -0.10495122526388405 0.05273138466264949 -0.011582062219892131 0.06755764016275623 -0.15709593040551292
-0.0004911796569517635 -0.10035745168397865 0.05273649213861912 0.02864064989932308 0.07941006244045923 -0.12216055435174655
0.0011455971483305036 -0.09443320646650982 0.05265266364488495 0.08110279573973023 0.055953336606887616 -0.24430660960744305
-0.042763553972400066 -0.05145252719630014 0.05269479504617513 0.014755074313713114 0.08440922382485794 0.013866613472101047
0.01790564219053136 -0.06835146181060782 0.05280204014309155 0.0030993460565904352 0.07665863280705354 -0.03409088943949688
0.011371689613271837 -0.09116510764267811 0.052687454603858735 -0.08396370333038788 0.2466024282247372 0.04493468194497201
0.029726928607058032 -0.04713132581514408 0.05280922421442299 0.03318333827828875 0.11988735070430856 -0.004584903514720745
0.0038483505730250362 -0.10382424854772977 0.05277180939281283 -0.019002627422180146 0.08512680489362268 -0.06393988158180682
-0.03638785491919096 -0.08149336906728215 0.05281189932262815 -0.016871233426225568 -0.027028961851905953 -0.16194776074923978
0.035123738184740086 -0.08125736907743754 0.05263877509995289 0.006497744327206147 0.12309941266939028 0.07981621132936534
0.03087616279566762 -0.06492156631970153 0.052919008330183044 -0.03755895526493741 0.0911570045351906 0.05706906274555402
0.007271144778504666 -0.09454222755450202 0.0527639060036663 -0.009630115645221395 0.06244327774713421 0.04346713239127526
-0.032533591865347995 -0.0720207779032278 0.05291606380269285 0.006461651618546731 0.027715135365649513 0.0446956109692198
0.0024036488729805394 0.05269795017697628 0.052627247361399364 -0.17731315421945745 0.28362223025645017 -0.039088089752123904
0.03161253798950486 0.03191947679690584 0.052677227807437915 -0.30634573480642086 0.03368761391724173 -0.15586527620556748
0.023343382945200546 -0.0755111203578424 0.052761322484472475 -0.08434914679232039 0.23577694954075512 -0.006527072437417642
-0.03950598758053323 -0.0443956027050774 0.052909232215553284 0.04203470654660152 0.007020457091385879 -0.10211972764922488
0.0075696586618819 -0.059642979009408785 0.05297491368622895 0.03077664925777468 -0.045555176739678016 -0.17945853461582378
-0.03242128863549077 -0.07485875488215289 0.0528520646989961 -0.026915993236168268 -0.022318614605837173 -0.0271936148522099
0.04020681712311275 -0.08739708754572217 0.05263718972641216 0.09701818108399406 0.045441707113446084 -0.007011314971976955
-0.0053568742259724605 -0.10463844999619339 0.05274864291667374 -0.029752566586487148 0.04628200830991447 -0.06259626132825137
-0.032621275924251285 -0.08971922082177998 0.05270509587895235 0.08720971098513979 0.09438647065358374 0.010760023889671955
0.015182990968753496 -0.02585073860228486 0.052831713125513435 0.08241397099728076 0.13921271604125818 0.0901388842808411
0.016208477900968618 -0.1042941317981721 0.0526731529687601 -0.07090130873464552 0.13937327405028288 0.07844253016061414
-0.008275274840037662 -0.0488033733799009 0.052873604381172744 0.027272518218576562 -0.07711003258463012 -0.03562024891081981
-0.015296601376143732 -0.08195513530435641 0.05279756758304263 -0.06865847325567027 -0.16520396532195059 -0.1605117891875736
-0.03602879719443522 -0.0814986576125219 0.05276420433740037 0.027275195698847635 0.09461265472637614 -0.016447833992668727
-0.021226007243406567 -0.0984735842987 0.052672281052252 -0.07850436160765374 0.2118378733967905 -0.03870372009995093
0.0026100517643508794 -0.08862205329473867 0.052636185032278945 0.08255337107869874 0.32378896323590967 0.020137415917264083
0.0015271352918370081 0.045574939618953085 0.05276236976698691 -0.17648441987776303 0.13320310673582947 -0.09227862261368422
-0.020590906603108815 -0.10445669489523778 0.052726530352512346 -0.0191298892535681 0.17417676534322424 -0.08386460475801909
0.013517156880290837 -0.05544850062138136 0.05313703124510648 0.005005355167252177 0.05679109972594554 -0.03294164188353177
0.01270291065451016 -0.08505087492567646 0.05264121123998824 0.14326952853128844 0.12761585168935352 -0.22602328016097525
0.015150715247328939 0.05782844263347803 0.052552664689114036 -0.1932346816584307 -0.004670526676078479 -0.004035116008275011
-0.0023209799807075294 -0.06944722295332624 0.052913767997583495 0.00519247506117638 0.029293615809794504 0.02275342074215845
-0.010746724921073623 -0.10145923491739928 0.05260757248262816 0.03220251323134909 0.11731130186663563 -0.21206751934209433
0.03122896675858899 -0.049116338488551986 0.05276125904364556 -0.007731005077078557 0.10739576328634826 0.03887731962287635
0.029541985246267798 0.0668711424260214 0.05275831686018025 -0.047739019504922084 0.18011236944000264 -0.24472231058000174
-0.013673887353690635 -0.09132017502315186 0.05275190348876539 -0.008060223253743939 -0.015220047490646982 0.061118959513688745
0.029493674454259315 -0.07075384080215566 0.05289055737427159 -0.029203143728306593 0.020624689338403 -0.12636512445496065
0.025690973192707307 0.07454202763034619 0.05269584911885397 -0.06014225246642882 0.08638772093410729 0.03119475514507683
0.012218879404660717 -0.08074994185489012 0.052748872407713726 -0.06607471475156378 0.160470812700791 0.0013302094863259784
0.024201094286239008 -0.054570194342528834 0.05277162448763046 -0.029885603259031494 0.11887785652726301 0.12420525842380654
0.013360236073741542 -0.09188279409181518 0.05266038023142501 0.05535073092054114 0.05447623876327512 0.05537735586639961
0.021415897005797144 -0.0835309340537548 0.05292310482995947 0.05425990560760493 0.024577415895600474 -0.13436298513801415
0.03149893526522658 -0.09552616087801115 0.052661545093031184 0.000826282116012069 0.0333533377942512 0.16158574532853923
0.03870604235820496 -0.07188158562652688 0.052720486465620726 0.09617877528899453 0.13691688385610878 -0.04474115593130134
-0.041294654265329946 -0.03553184345136586 0.05307379355875382 0.12530982382606784 0.17181028047133107 0.07765190987859993
0.012813742629405727 -0.04835545325216617 0.05308388956295506 0.08634398444149965 0.05752370006514895 -0.11331742785892474
0.008812310875057797 -0.07690503476634052 0.05283960642613806 -0.01875380437906594 0.09278562486818753 -0.016722676396299548
-0.004137376688242301 -0.06667064483258009 0.05285744189597968 -0.012447482907702902 0.26641685078700306 -0.009972046992392914
-0.009121681235349233 -0.08920793855490472 0.05280404656540889 -0.019244631842399305 0.11592906077913057 -0.2735756033378927
0.029533835151264735 0.05989981999380398 0.05274374439938013 -0.07739187635532924 0.1219168235268453 -0.2822193051753154
0.007607872324932483 -0.07483214201030562 0.05274882903559764 0.009004217971257538 0.19151028601434406 -0.03909705913617129
0.025143816076251678 -0.029560518101696468 0.052811427391772484 0.06447206836797209 0.11839334104032284 -0.028707925824441375
0.021457415306846653 0.08684178374518609 0.05270028388013982 -0.00692381937917859 0.10231621286617587 -0.08733012947371215
-0.0005157448851233694 -0.053480925410742355 0.0528524053555341 -0.0051277866191874475 0.17531919817549624 0.011751738517029243
0.019795743160758425 -0.10590647779019081 0.052624655671531684 -0.06199203704600105 0.2622962502560999 0.07559841356703459
0.03561722580106051 -0.06503441725853319 0.05295949671119657 -0.021137852439281866 0.027597058416688913 -0.07674640322271169
0.01503660912544606 -0.09947394037373898 0.052751866382826494 0.03786342309537079 0.05398119235023113 -0.15418996003511742
0.03732646811701236 -0.10027843276773027 0.0527226486913881 -0.041722977351663984 0.0779263237134864 -0.06020217956516625
0.00488291596105436 -0.09010628619598055 0.052747138943089994 -0.0744660762855833 0.18369073026241955 -0.03019659049247929
-0.02412869297721249 -0.0963827442143032 0.052751966119534095 0.04375372518405953 0.1817487142428622 -0.03046834172332784
0.03622646856750287 -0.09276502923198988 0.052667906379841846 0.06519389675280049 0.09099723347568633 -0.08503582223478919
0.03647654524750836 -0.0892603494669655 0.052692526276532516 -0.07108920135047385 0.16141815982208696 0.030573199221227875
-0.025623876783182332 -0.06221511390811876 0.052982687802330106 0.0520134747287295 0.05223947919867733 0.15536446525797404
0.014660657832581792 0.06102159005845526 0.05265078053685275 -0.16374061476446997 -0.08903283277069018 -0.09943958333724551
0.027432736230790653 -0.02902701175157829 0.0528446168738546 0.0831162876503157 -0.07282554165512067 -0.06076840186611427
-0.003437170930504323 -0.10072331492819853 0.05272634206170748 -0.041274451002550415 0.045261884206930336 -0.002634099603533975
-0.001187355871331736 -0.09903258219077067 0.05268488811520624 0.028987735039040556 0.10752951928874066 -0.042207183086578434
-0.030907133619624463 -0.059759831288941516 0.05282135525523084 -0.01195205566485174 0.1198875245820481 -0.1901403784668802
0.010848782289382203 -0.07297551792945225 0.05264508021966989 0.19599538409515305 -0.024638407507213023 -0.0022383717927871973
0.018729929017666076 0.07114626339217081 0.05269517683803676 -0.0884944569090527 -0.013833750958559765 -0.09893345893851127
-0.01626762290167844 -0.04640971451499287 0.05273850756627848 0.06279359201006904 0.11928460437277089 -0.06031966857834323
0.024134932630427177 0.05598785222314603 0.05246234645476626 -0.2651009525597338 0.020595729513874783 -0.1490761241943048
0.018935558806757947 -0.10066933177365167 0.052712736064661044 -0.023412074577887743 0.02255206735342985 -0.08095810365413834
-0.010583994252689728 0.034483328805967176 0.0526961126773967 -0.26597252774313435 0.020123266099845827 0.10210811054966801
-0.01712215130738157 -0.08616232789651883 0.05282691858262891 -0.0672805274831336 0.22776681043578506 0.013068884089212317
0.01749976612030719 -0.1036213039540066 0.052704487701825634 0.006119925003429486 0.09473945904611702 -0.18197077157253158
-0.028729088259960667 -0.09784462043871502 0.05269708698077566 0.04847443362808565 0.17495647778712398 -0.13391006696585947
0.019031437025119852 0.08852879863745712 0.052672954080157965 -0.08428657588847405 0.07115212969434603 -0.1455383502960198
0.012050743656517227 0.08376808696941701 0.052446443982101194 -0.17714026537479088 0.10108794153124157 -0.06901637066848272
-0.005845762503465703 -0.10653784118357516 0.052782673223805594 -0.02589140679360158 0.13932348436942887 -0.17051865718643092
0.039161142569709 -0.09541174580517112 0.05275970712832704 -0.013454100174774785 0.11224204372127988 -0.053501504900360874
0.005353824033729304 -0.08694292429278082 0.05270630588181098 -0.02687907894894455 0.14928781531200164 -0.11888824491949729
-0.006838451316056886 -0.07760890671762614 0.05286532115253378 -0.021525621963238383 0.019580095398035624 -0.17744960232523568
0.0030151331249578077 -0.06348598424179631 0.052881503739757085 0.016494840518347743 0.098513373883651 -0.0444691835592166
0.017463537275655912 0.049365459630449124 0.05274397431125129 -0.17675592788033212 0.07851845223233056 0.05549039990519045
0.011549925348542255 -0.0771543188876687 0.05272320743350515 -0.014580350395141616 0.14153036431378885 -0.007488268356385353
0.027305155866592077 -0.056980581800228344 0.05282277495352658 -0.02208005315432678 0.20070365953792457 -0.0220988695011049
0.027733466033304597 0.07057867249885885 0.05268853530204376 -0.09217767294304088 0.05999349994510794 0.030508555728543878
0.029483937131450796 -0.0629004385173685 0.052844040022620706 0.000524141459686297 0.07823147106262174 -0.02705565583247057
0.008541364752563237 -0.07576202160463853 0.052845034690354835 -0.003994993880806914 -0.055282571639565736 -0.09161321245907764
0.018765605901575968 -0.05207192955660871 0.05300179235049278 0.059879457994351314 0.09030000912682912 -0.014582841476786528
-0.03250954800009768 -0.10336322335524235 0.052669245987864315 -0.02923743207136215 -0.0626513148531802 -0.005859338581766943
0.02286191594619216 -0.058056877730308286 0.05286311004242706 -0.015410534508372311 0.08138869894813627 -0.053237583056058406
0.009821727063904453 -0.08747524532192212 0.05285371267253759 -0.025486741193965785 0.10395891518377098 -0.1928400998569042
0.027346871324359763 0.07300474961490735 0.05276399985327415 -0.15985702472072316 0.2192843977862966 -0.16709919763903305
0.02373321497424386 -0.07209796863996086 0.052690479475740175 -0.08209519070546188 0.12321669711080951 0.04421689675783937
-0.039788708484807735 -0.07031056062058753 0.05286993135840875 0.08798842538320704 0.05523157961195979 0.04543040237914244
-0.02560253837912304 -0.05851326732983367 0.05273858229721929 0.15950593753943104 0.1525066202751888 0.011213972725256533
0.03695675476584173 -0.07473338446884317 0.05292990157648872 -0.005746009135518996 -0.027614274787178372 0.04797843351940672
0.015857766717009992 0.06016931736202314 0.05262124868701059 -0.17416460190510555 0.09401343547451502 -0.039908998216773066
0.006153648996666971 -0.06755870158624024 0.052776790625752 0.00038314362313022793 0.22346221727586313 -0.21598369882628465
-0.027461542946085517 -0.08793189333032232 0.052714607900177804 -0.05706208482627029 -0.06657070706122536 -0.05176584681885471
0.018122557470672932 -0.06779505938918692 0.05294470185423707 -0.0028609587342135704 0.029611781919860247 -0.019676775347023077
0.013631016338486984 -0.07489676628664836 0.052918377484732146 0.0422271604053333 -0.0012286049347753902 -0.0903960847698248
-0.010740845011300307 -0.07392696604027864 0.0526936078996601 -0.028363888520350457 -0.03568238648784483 -0.06497724122084587
0.04497760706149388 -0.07359385002275379 0.05272762283020566 -0.032917887077180276 -0.013994748431016557 0.06972507220850445
0.013803524410745257 0.04264469624591148 0.05254299814709879 -0.24517546896917247 0.0364286643148557 -0.13840316029056518
-0.006855663103263805 -0.09182608504107544 0.05279034626667475 -0.04414064380522176 0.1373960850597764 -0.10676259071228418
-0.03810071279865276 -0.030205595686440833 0.052987345904045524 0.05688123354145838 -0.01730556666926253 -0.0902606344030164
-0.029610704729134147 -0.0663389290897419 0.05300785060007222 0.045600489181392215 0.12470653536048792 -0.12064037703287442
0.042241513816200116 -0.10083329232568042 0.05276449837227726 0.0024788012810849826 0.04153891246606989 -0.028191836256256823
0.05154742614577727 -0.08600366164493324 0.05274910666805917 -0.027290369920579927 0.10575062465291518 0.0977986916410335
-0.034550041166711405 -0.1030068012124118 0.052681355561787796 0.019998808828516776 0.11180725461659602 -0.270639096028174
-0.01903805740073193 -0.10048749474212254 0.05269067191204556 -0.09930273597783484 0.2589866164252843 0.0035008742899307116
0.021847743082510043 0.06090453503148755 0.05265279389297596 -0.13003055730669535 0.03228473466696946 -0.027029241221517522
-0.007307340998244864 -0.04275252598476186 0.052747450346925684 0.009534158116603112 0.09923568720062859 -0.09641332972592792
-0.011020762438138789 -0.08404255581101068 0.05279047467448456 -0.08513236126328534 0.2583319228042493 0.006389204566643896
-0.026454287660479907 -0.044262080084771595 0.05278227296977377 0.12946358387555765 0.031022012612187178 -0.2113475182320201
0.04988752881613467 -0.08170029053442146 0.05265695178584696 -0.07419554567601937 0.11458299837422437 0.08559846982305015
0.03403766043205493 -0.07961468732442979 0.052843361858951964 -0.02300346113413684 0.08174524557784046 -0.037447687120905605
0.014356591722461787 0.06750194275184007 0.05249063616976391 -0.19777772395560847 0.07298802365599011 0.051477675981284395
0.022380555642984308 -0.08117121854942662 0.0527736625324939 -0.049787669480718666 0.14356626718990428 -0.05049472351133946
0.018611033772493776 0.09225019853249711 0.052470375714106 -0.16047493203304283 0.09982119066544559 -0.13742825397449898
0.015794348867041414 -0.0662904651983331 0.052717410725234844 -0.04214312957731805 0.014514438006423713 -0.02647146923146886
0.027769336593778414 -0.08497324127816118 0.05279136589704589 -0.023429230764701672 0.032143583564644196 -0.159556368828816
0.0348149212717159 -0.07309307650420589 0.05275453946592422 -0.043688774837784196 0.09685608364318288 -0.10891951469990098
0.006192701348076991 -0.10383760504972896 0.052771169385507084 -0.017017847188823237 0.18362627137658216 -0.05170424673469854
-0.008311423266364849 -0.10512506489741617 0.05272643140600354 -0.016545237754182585 0.18171743062672485 -0.14403213838552742
0.02990543284151368 -0.06937517367182128 0.052928977868305714 -0.025301539790093877 0.015245745731003124 0.08119251205344959
0.03020127529643852 -0.062302272808540476 0.05273099799326122 -0.05964769517776454 0.24768904786885715 0.07138832072791088
0.01805430491534079 -0.0983922898267726 0.05275382417379654 -0.006013001939733913 -0.08710018240893613 -0.09163023052921992
0.037091104534645605 -0.057979747009331804 0.052928824096520534 -0.01976388035592308 0.04176244080702851 0.02929744058116705
0.045168817838402715 -0.06685418901885828 0.052805881390044 0.005058074914001672 0.08574846257690028 -0.046574964693258475
-0.030597596287469938 -0.0781541961184627 0.05283512784422396 0.0032058474747070995 -0.1267503555444951 0.13687140972924253
0.01320938532170489 -0.06024884546872773 0.0530019302417443 0.09253194753750874 0.13090125726733604 -0.18208268531718552
0.01833203394639897 -0.07304444681588053 0.05286099819779256 -0.058877322879890615 0.09928926635307289 -0.0008144633858603468
0.012445190366006217 -0.08835827920376794 0.05286440453123744 -0.021982946634795275 0.13564679049605166 -0.16784487664552042
0.026377264301134573 -0.0570421635622145 0.05275151727001428 -0.037435037914766836 0.2633728364840533 0.040308465585960025
0.014723203224481474 -0.07153058482059817 0.052922946079731394 0.004992661980255214 0.11891881224142264 -0.12164784365183753
0.04388522102843033 -0.09044382980623628 0.052641005395965654 0.06330701911310808 0.07742418496920034 -0.04685463272354352
-0.008986335320151317 -0.05204208957815882 0.05290485083148118 0.024550060197540195 0.05599409143107348 -0.10279603121211596
0.0018228565574472232 0.06388751481739895 0.052529371734136465 -0.22163207878875513 0.11651803221780721 -0.04787949131441858
-0.020302423049936395 -0.07218620963616179 0.05277999868223563 -0.03600495130438526 0.005815262446950964 -0.026247534652801503
-0.01325916457843389 -0.0863449294016313 0.05278363999342575 -0.005044599296873908 0.19221641929720956 -0.2549075697704998
-0.02079260199965461 -0.056510825088257124 0.052888738735475595 0.06678833348285207 0.1227052830466111 -0.024269720150237244
