-0.04292335653134131 0.0027977922864778904 0.056 -1.6591839579817054 0.020471387212209494 -1.6440584858094964
-0.04246255547131926 0.010208112618100005 0.056 -1.7179541231574373 -0.07408592032908562 -1.661388343455913
-0.05074753745312421 -0.0018864772534898273 0.056 -1.5627942631346192 -0.09234146213543563 -1.6800824347803334
-0.05191682745394793 -0.006734065448243029 0.056 -1.7368351572204508 -0.07594727944077592 -1.7679432133597388
-0.04193967447904942 0.006728332849150894 0.056 -1.8331380989168884 -0.03851062254161857 -1.5379839606951298
-0.0357076724023863 -0.007914603560518606 0.056 -1.6077567970590898 -0.09137070125272104 -1.5699453511846493
-0.044999392179360415 0.01165160624285884 0.056 -1.6205407704241117 -0.08774070072067869 -1.5664016286350515
-0.0464478443698629 -0.0024708772520310243 0.056 -1.7237068872934675 -0.07715101026547529 -1.6431949323496637
-0.04286526475092192 -0.009505585095709538 0.056 -1.4960770936376326 -0.11574630602981666 -1.6573010255174332
-0.04346351525941655 -0.006144912921285487 0.056 -1.670373033147863 -0.12081959673809589 -1.6249417968112139
-0.0405470831924945 0.0035563741049258746 0.056 -1.6627843457138425 -0.054596572064263986 -1.7539082913042778
-0.038039881126065156 -0.008388095584186224 0.056 -1.567592040251011 -0.1359865924490501 -1.6266836643277685
-0.03205396360540734 0.005448594848194798 0.056 -1.6090641438635633 -0.20284531325691108 -1.5850049199598724
-0.02880095029449211 0.008015268998165835 0.056 -1.4524737874855165 -0.128308345420696 -1.662426442182501
-0.04603616929395293 0.008732528253822343 0.056 -1.6981144026978665 -0.19681999011885618 -1.6889808677701739
-0.04063326206846093 0.00976872719238645 0.056 -1.7609823082793423 -0.15381909940918798 -1.6094178649499362
-0.04433678221447677 -0.005757879566376047 0.056 -1.650048253869365 -0.048406030228895364 -1.8170632963062374
-0.04470177314810836 0.006818233157519013 0.056 -1.6269568338182128 -0.06526669066095034 -1.55218328393197
-0.030468722035162824 0.012289272082080171 0.056 -1.6592854714290852 -0.10104075663637507 -1.535539640619583
-0.028988810770527763 -0.005454291411588158 0.056 -1.6467078363873329 -0.19886730944901632 -1.6114093503592455
-0.030104239113976597 0.0014516697645526443 0.056 -1.6148192249428839 -0.03580802063164448 -1.7639819292572978
-0.03087429805557305 0.0054748623552187195 0.056 -1.7029793812715124 8.613167960494494e-05 -1.498558766767469
-0.028167196289539047 0.014824038158738442 0.056 -1.8004610188136783 -0.005322877307548865 -1.6736133284757637
-0.045283613019936636 -0.001334074816574075 0.056 -1.4815196984144239 -0.1643764819319599 -1.554753584528667
-0.03257621072608011 0.006003907698281864 0.056 -1.734185046262567 -0.07564952231043319 -1.5320550560026578
-0.04354097020430982 -0.0028651169051348534 0.056 -1.5043293830283668 -0.18747045051808803 -1.6451887633600897
-0.0322886448636764 -0.008861686926299257 0.056 -1.5922688296106673 -0.16204813456851658 -1.645309908203196
-0.031698172508174416 -0.008908639009328588 0.056 -1.6973824701104616 -0.17559228910574076 -1.765686403464483
-0.05290547449516838 0.0039297173294884115 0.056 -1.5362090395448134 -0.07727803703437172 -1.6884887535418704
-0.027431980665453312 0.007509728119606483 0.056 -1.6209963387148953 -0.17156342134648767 -1.6869513033289776
-0.03233891877743865 -0.008189056492782943 0.056 -1.6719833970312117 0.020108491483491073 -1.7243987300226318
-0.05039078737201683 0.005813805806987144 0.056 -1.6279483724260093 -0.040176507279579776 -1.7805215552675184
-0.03408703666541706 0.0009392045137897008 0.056 -1.6002762713869099 -0.11097588845979343 -1.7850525756455062
-0.03270831848236902 0.00735326404296917 0.056 -1.6151605804640248 -0.1893251929968362 -1.556342830843847
-0.03688704341522214 -0.0023206403390341277 0.056 -1.5440128995745355 0.03309111855063304 -1.8127074737239717
-0.03198137136250068 0.010136589850542112 0.056 -1.7239292156114803 -0.02775674331190678 -1.6981719634519798
-0.03399584971635206 -0.003169669534000632 0.056 -1.6907928271624544 -0.10110904330240157 -1.7665537501119888
-0.04979676362723953 -8.691028794574965e-05 0.056 -1.486295080527855 -0.1598097987095427 -1.6660819140524812
-0.039988747087695356 0.006992250289448021 0.056 -1.7586587483897982 -0.2145548418879405 -1.5807712910425977
-0.03852652289683642 0.0070418252255515495 0.056 -1.6108113416816932 -0.14602027273285795 -1.6021595553955554
-0.04870746650197346 -0.003954090958333727 0.056 -1.6535617354470225 -0.12653495326980338 -1.6151788029090977
-0.0400576169012945 0.014150525605942913 0.056 -1.6611235487906353 -0.07835550383674078 -1.5815743651372538
-0.05242529775509224 0.0077894502237914 0.056 -1.6243315517540284 -0.13709686452334557 -1.5728231795790197
-0.0397995274070918 0.009124530900741003 0.056 -1.6238279747280822 -0.19763033255989804 -1.637418063039342
-0.04297009403692021 -0.0016503171906812539 0.056 -1.6286429707847305 -0.046572446633797435 -1.428414892719896
-0.0359459134364034 -0.0011484646187125067 0.056 -1.7679693993079768 -0.06352963738535376 -1.6355119950836305
-0.027049334320636463 0.0047680856141411095 0.056 -1.836481350927226 -0.10362863295862784 -1.534463517948784
-0.03860112924646439 -0.001778891685534528 0.056 -1.7235255350860952 -0.09127823361385579 -1.5294657121830733
-0.04551302058209726 -0.00809182149595809 0.056 -1.5938761856761503 -0.09588969181475179 -1.662466916841565
-0.051832333532479916 -0.004804351829933864 0.056 -1.8461907585045672 -0.08739562614651877 -1.6862628606896537
-0.04584693934247104 0.010891981013299247 0.056 -1.6739602992710616 -0.09729227704945739 -1.6578197289347962
-0.04781948381545133 -0.005186550954748939 0.056 -1.6089523264465926 -0.06923773116339613 -1.6709275029017756
-0.0455245321082457 -0.009936385292460144 0.056 -1.7055435256660822 -0.12960023557375788 -1.6759146765343478
-0.03363022735594963 0.011606208571843158 0.056 -1.7275282892381136 -0.27424321274400043 -1.7281416877915756
-0.04141936048129394 -0.005858590103397184 0.056 -1.7253442113381816 0.04889821203301342 -1.5710411791584071
-0.03149769952602771 -0.0028217948617070094 0.056 -1.7138773794861226 -0.08478583204682266 -1.649958849646809
-0.04593513738962221 -0.009386007984039275 0.056 -1.639771004095417 -0.1419853589147896 -1.7231243294197724
-0.030313945230770963 0.005251864587976291 0.056 -1.6274835775402945 0.05049258774004342 -1.7452688785718193
-0.03973806948689948 0.009811235384641402 0.056 -1.6949238229311905 -0.01320159176317684 -1.642179478860276
-0.04117980632216371 0.0010335830214315955 0.056 -1.680672968560789 -0.14474867501449307 -1.5391803735802152
-0.02904399362072196 0.01428912680790414 0.056 -1.6911054134150005 -0.05747572297543689 -1.8360340621270348
-0.0468575918083598 -0.005509162211229793 0.056 -1.580020526532063 -0.11864912890018067 -1.7611511565557652
-0.02926343440307132 0.005049907500918145 0.056 -1.6451137552851944 0.07547507677731782 -1.6248645967527695
-0.042683752396883996 0.00297853074549952 0.056 -1.697121710232399 -0.017180255446389223 -1.5696782244085505
-0.04316868031198972 -0.008982518071933931 0.056 -1.6216611476818563 -0.07035788896306486 -1.63836489838341
-0.029731773899366536 0.010287690801156062 0.056 -1.7169100207654668 -0.03574600035706354 -1.8406700511059713
-0.03870135961849318 0.015100447077301167 0.056 -1.597756861631339 -0.11973393915010994 -1.6399513176334404
-0.03214176452981693 0.005670433738491959 0.056 -1.6970857936748014 -0.10708138929582983 -1.4832862572106393
-0.02747751297202673 0.008435378445351789 0.056 -1.603316017047532 -0.04459495317873722 -1.6348382038691023
-0.05022093727262023 0.005888174367912948 0.056 -1.570699626739172 0.012360715980645934 -1.5606819149834295
-0.040524721254756174 0.01556157838608699 0.056 -1.665182769309341 -0.03324225968395774 -1.5434948364888492
-0.05318963695359479 0.0026854126487302968 0.056 -1.7048514269810546 -0.023246631031364262 -1.628126921290427
-0.045671617584816554 0.0007969466730253158 0.056 -1.7562216450121082 0.10569940926895285 -1.678192997203704
-0.0328251024188292 0.009948338492380372 0.056 -1.5115892128571928 -0.11086640250656785 -1.717273880915316
-0.03943734836103744 -0.006296295143353139 0.056 -1.6504934791575538 -0.035014367767776236 -1.6077599491529728
-0.040695410638335365 -2.174035982661915e-07 0.056 -1.6725140300808905 0.03676421706803998 -1.6882380411889952
-0.04412839810438718 0.0009714765015816171 0.056 -1.7028034381898052 -0.06958482667070884 -1.5645959160658687
-0.02856006190550297 -0.0006706288733500688 0.056 -1.5777965845380368 -0.0819233158261221 -1.654872476661976
-0.05353781726164477 0.008548800259507132 0.056 -1.7849635262028019 -0.08341685749866737 -1.681885732702676
-0.045060124335911625 0.007156357379402041 0.056 -1.589031218676759 -0.17998787864857246 -1.5922651336146012
-0.02721779104898742 0.01724873885189803 0.056 -1.543652682591516 0.027240893040519507 -1.8558387180282394
-0.03324752542189416 0.02086618756527349 0.056 -1.6502679721281661 -0.3067700860297954 -1.6559158409729788
-0.04377004517425499 -0.0029011569766709475 0.056 -1.6332833271936695 0.01922453464241733 -1.6902898304736693
-0.02772771642661156 0.0001799562007606722 0.056 -1.5148203555798958 -0.09764967289612868 -1.557425024692381
-0.029009960111933648 0.018548439338578117 0.056 -1.5605487464932892 -0.10294355231017441 -1.7053151466599896
-0.04996123847401435 0.005983141898541782 0.056 -1.657894544816961 -0.026115235255914256 -1.6789294902485077
-0.03559123144783545 -0.006424561109650048 0.056 -1.5294762818967604 -0.08610080578404257 -1.812619219304761
-0.04580542576956901 0.012854875824968774 0.056 -1.5098361018277675 -0.135073147371669 -1.835418957993491
-0.03143337854863164 0.01153054295117084 0.056 -1.6316745442177054 -0.10368635934501542 -1.5891156197817904
-0.04739627976212447 0.00839513906460374 0.056 -1.6239758672264315 -0.10420080998835568 -1.6546043468536917
-0.035425056061570454 -0.0017330296972711302 0.056 -1.7602065104240052 -0.07826319185085662 -1.690992821640251
-0.05070691491300393 -0.008423279314024684 0.056 -1.6810399833341043 0.006143584548415043 -1.6407590694487277
-0.0351676401219953 -0.009963643417669253 0.056 -1.6450956440491722 -0.04958383957511177 -1.7056915346199502
-0.04359031071015328 0.005571830507494973 0.056 -1.7312924373854766 -0.045122035103534165 -1.5815349016963907
-0.03499576656613238 -0.008268496531241086 0.056 -1.6995384531247026 0.055840119588997705 -1.7133290764737847
-0.03234060531575159 0.013497400722937354 0.056 -1.7616717155598856 -0.09264389344756292 -1.70662229839437
-0.05240624420392481 -0.00044628319909841355 0.056 -1.7741936276735064 -0.07970786776071936 -1.6513766152323328
-0.037476401920768926 -0.0006751789673304955 0.056 -1.7820725771308865 0.02377343101486111 -1.5927773093764677
-0.050635010793161794 -0.00295364549623346 0.056 -1.5670983695313385 -0.04013431637534571 -1.7905050553905286
-0.039745662969105366 0.00943641580726363 0.056 -1.8347389962216651 -0.2007588415516511 -1.662136041927065
-0.04395021447458418 -0.006966940833458816 0.056 -1.8015037730800723 -0.3073739767400533 -1.6163088510205097
-0.03475719953239674 0.01941213058481127 0.056 -1.609019800082899 -0.22460209467537395 -1.706071915174145
-0.043439508021700726 -0.0062905088251418405 0.056 -1.6577744198815525 -0.1742152602362048 -1.654429378052315
-0.04080630137811812 0.00182489024879918 0.056 -1.7648132050867715 -0.026828019847817568 -1.73953141439959
-0.03928177215381427 0.009116041521460899 0.056 -1.6821041187435695 -0.15935340701728545 -1.6311733549743261
-0.043449258913852984 0.007784402640788184 0.056 -1.5202988943529119 -0.10588395633329574 -1.8996840097919334
-0.027039769790645256 0.01934885368987413 0.056 -1.614943572301999 0.012903720355526144 -1.5645598576205026
-0.036025297054781094 0.006934541754925137 0.056 -1.6416388275223992 -0.11192160120427795 -1.658155400230262
-0.04727637716294218 -0.0054895557498633426 0.056 -1.792857690704753 -0.11133229189460431 -1.6092040801932073
-0.029055056853311462 0.010115556208612793 0.056 -1.6286610882431278 -0.20038358433695497 -1.701241755656414
-0.03378368849937759 -0.0036261329817272306 0.056 -1.8117439899651575 -0.21331846872175658 -1.6249810165602976
-0.045276926045339005 0.007028887141332955 0.056 -1.6081696616550705 -0.07866602566764011 -1.7901982757681845
-0.04357346509340439 -0.002502872260562298 0.056 -1.6863711140227036 -0.21350654949660763 -1.729507008324123
-0.049883962480444154 -0.005322368999046968 0.056 -1.5995128448679499 -0.2775419397905121 -1.726574597515679
-0.05334147275744327 0.006942356191309318 0.056 -1.6668716791767773 -0.13966598799218044 -1.5842025460267761
-0.047149665257413154 0.005380357603448202 0.056 -1.5151357476510994 0.006736988798609081 -1.5810026130565724
-0.03409186983579003 0.0050336536045814985 0.056 -1.7209497891336942 -0.14026455419219186 -1.6640045277414162
-0.05070466362048715 0.007619876150962686 0.056 -1.5665356922706848 -0.21225694235413345 -1.4308266749335057
-0.03105123519404122 -0.0070098122921999195 0.056 -1.6257206098861907 -0.19950543370206686 -1.5892635413323855
-0.029576105412757684 0.011257895625920637 0.056 -1.7802085983052143 -0.07383063270903016 -1.7861640544675421
-0.04734657399533984 -0.004402268212122398 0.056 -1.637678069980134 -0.13188272572896478 -1.6499206551078094
-0.04250189318358995 0.015362740470444254 0.056 -1.6650995094647323 -0.17537937027323836 -1.6327517386818726
-0.04136408522097772 0.008107821336862194 0.056 -1.6777594698006468 -0.08306020115737205 -1.5978381061639855
-0.05210726286165832 0.009196963260785807 0.056 -1.713365125688073 -0.1724091506816856 -1.5267924204611283
-0.032781718485971 0.005016816418806901 0.056 -1.6443239660643696 -0.1471988578215545 -1.523026999263738
-0.03427274251605213 0.0069500609231975975 0.056 -1.7490710802869636 -0.1879160441310767 -1.6204599693851753
-0.052108393825978816 0.008141510993643004 0.056 -1.6826343839737916 -0.11064468320270608 -1.7103769497911026
-0.0448924530448851 0.009292272778748339 0.056 -1.760817599494955 -0.08136456889243111 -1.5937408455087199
-0.048357214499953546 0.0015898275711783757 0.056 -1.6111426386983003 -0.18935701661040508 -1.7379218888872723
-0.05256065210846441 0.002376380784211273 0.056 -1.7601728852167688 0.04393529965184528 -1.7632749469554407
-0.02834919805953497 0.014760678883125782 0.056 -1.538827432238313 -0.017670355455521147 -1.5878782589743083
-0.027190222064010422 0.01536586122214517 0.056 -1.6276478469807842 -0.19461966805977565 -1.5347234622188726
-0.03880374116669352 0.005793852792832484 0.056 -1.809873206790832 -0.05763470777850999 -1.5744628416608062
-0.03667648171757669 0.01879343027253033 0.056 -1.8205058720517249 -0.16590824956572126 -1.779951290200888
-0.035680131636915524 -0.007042784414656004 0.056 -1.7241991128286143 0.04697162627537135 -1.7015278710682058
-0.042228516546725325 -0.00597633166080561 0.056 -1.5880203452324422 0.035126905225469324 -1.645277044920387
-0.03743038060002833 -0.004072138494178295 0.056 -1.736637084746832 -0.16609566124293162 -1.742132170823798
-0.041636996114593365 -0.005435026121729667 0.056 -1.5798187540889042 -0.076367066694977 -1.720924795904857
-0.04852234564472831 0.01235212154888162 0.056 -1.522999526044218 -0.07945110828405014 -1.4347889516338512
-0.04243393657786051 -0.008287571382493654 0.056 -1.6332703766988965 -0.06522889544310806 -1.6840908329068809
-0.03514150830980236 0.007860587273122699 0.056 -1.6950477940008606 -0.16340611837068342 -1.567106597654245
-0.03789582272844613 0.0028909628096181663 0.056 -1.8526859912406262 -0.12765143753357774 -1.6813556096703244
-0.03845665184268384 0.008139844304089544 0.056 -1.6655931608503152 -0.12595420243167949 -1.8179179461936352
-0.0342873201415946 -0.0027579492892375835 0.056 -1.67036359477116 -0.1692398399115593 -1.7327765928701226
-0.047029534741424205 -0.002976551576148424 0.056 -1.6667026332090549 0.01323088895122465 -1.4536618836661432
-0.03822079837102324 -0.004793316460012105 0.056 -1.7328931443965274 -0.13957548113677293 -1.6485207992999649
-0.03198499426115279 0.021020001360567392 0.056 -1.6190152662109791 -0.04043223173509553 -1.5518412864241968
-0.05002902418592039 -0.004816431745078917 0.056 -1.6704037065827566 -0.07384619099077366 -1.6104567693051044
-0.0394799590354099 0.016073090921036967 0.056 -1.503421371260764 -0.0427665423863579 -1.598231793855412
-0.03306570056758637 -0.005272640584595034 0.056 -1.6211807664726943 -0.11018120244600556 -1.571580587144105
-0.048877724255257465 0.0020772850672825024 0.056 -1.6245700571926678 0.05470522757078514 -1.6776974517580365
-0.027631626276179964 -0.009394305562430127 0.056 -1.6218185711611015 0.06082965243910787 -1.5881095307348037
-0.037384266019351346 0.012538486854688302 0.056 -1.7208022409672332 -0.06022935462686698 -1.6205271162409567
-0.04972453201863841 -0.00934989388015213 0.056 -1.7807586671849314 -0.049814064009717524 -1.7398015733373327
-0.027548398892055816 -0.0071937083343767225 0.056 -1.4254801320153143 -0.08260969538265765 -1.6657978887776637
-0.03937621265556222 0.007492131954689877 0.056 -1.7053910924962787 -0.08742137688395074 -1.6431292074108916
-0.05298836442216091 0.003921626909578821 0.056 -1.6454970685045591 -0.06440060605101072 -1.8067698974671853
-0.03307239454241821 -0.008550494487345002 0.056 -1.679999351547674 -0.14171594720778455 -1.5846312438917467
-0.04955842490994066 0.006940267983239738 0.056 -1.6648979213761033 -0.1245966158036622 -1.6192661802879376
-0.027060206003437354 0.023634919284884162 0.056 -1.5729805084650463 -0.037870117370680786 -1.6427833153390228
-0.04433795280745173 0.014390865329382338 0.056 -1.6815383688457985 -0.10381120479868547 -1.639205112863993
-0.030168567301279915 0.01668289355831202 0.056 -1.6963556059063396 -0.10772395658973023 -1.5625835981721996
-0.04333506381665812 -0.008977024959978963 0.056 -1.4704611773348135 -0.017005146474532953 -1.7475660866572156
-0.031751998373843446 0.018573084929764457 0.056 -1.5752877195970065 -0.06493850150989089 -1.5811055153865126
-0.0476899789971698 0.011480199163490077 0.056 -1.5887467908035284 -0.25213256032362624 -1.677530250681566
-0.04647110599117059 0.008304514861360397 0.056 -1.6580631351186945 -0.1864887057280124 -1.668122991184029
-0.03415343855812904 0.00523953094518035 0.056 -1.5489918321479959 -0.13372888734232952 -1.6518958920659734
-0.04316083020863165 0.0023899537281908724 0.056 -1.82237591744952 -0.019125283987065353 -1.6712497738090506
-0.04188408701717555 -0.00995913177403725 0.056 -1.6477651782939438 -0.017558588851553633 -1.5904759596376188
-0.04893036972891078 0.008400534805975702 0.056 -1.6956007874270893 -0.006425858943128471 -1.609051587212707
-0.044022062206933686 0.0123506309103145 0.056 -1.6777052601762954 -0.22485662485192245 -1.6561856461145998
-0.03728322611661999 0.0022826892336148662 0.056 -1.7469326636381681 -0.1095461651718653 -1.634758002272656
-0.044709654869775226 -0.007722150902347771 0.056 -1.6733377728355256 -0.05624737586355827 -1.6525929177565333
-0.04490903116019415 -0.001716052400714015 0.056 -1.6108027266235476 -0.1993565113148626 -1.661627900404935
-0.05354602290128203 0.0018837398308479934 0.056 -1.6878955674668412 0.003802810773189308 -1.6679480831460014
-0.03492489876931326 -0.008541011440587973 0.056 -1.7424812248480015 -0.05452980432198395 -1.631504552815755
-0.047887175801806785 -0.006105395088263665 0.056 -1.5960558007167978 -0.1204553387885636 -1.692286017252779
-0.03598889452111951 -0.0029532853394973824 0.056 -1.6731147007133436 -0.06637366464549685 -1.6621546991826905
-0.04887599871861503 -0.0022019337238695837 0.056 -1.6894886590264249 0.03250817359838022 -1.660118608649461
-0.042228018453352056 -0.000204455307590376 0.056 -1.6428696712585031 -0.06751299906232625 -1.5662744812356866
-0.03207833180406931 0.0015237565495703626 0.056 -1.7025643125064467 -0.14927585881582878 -1.7746036579154734
-0.036930631572903355 -0.006706292793463862 0.056 -1.707646527785091 -0.0559936164908061 -1.5982141178984777
-0.02751343540020036 0.005928025267752402 0.056 -1.535396853670986 0.05037757669262494 -1.512645193871239
-0.03258052766599441 0.003937815922737594 0.056 -1.6136368027367682 -5.076951527044349e-06 -1.5674791346047128
-0.02964327880042837 -0.005108414910475982 0.056 -1.615234266012142 -0.06728713128218006 -1.760107498722244
-0.04981675356654004 -0.006221156888324168 0.056 -1.662228874967339 -0.11117708939235393 -1.6489887355853186
-0.03944162035526004 0.008663223229664114 0.056 -1.6236050602185006 -0.08170537857701825 -1.5290873995124536
-0.02898914722569712 0.02024141079456608 0.056 -1.5298917047262135 0.017055017576815504 -1.6994268201616882
-0.027147208897095675 0.022844689269336915 0.056 -1.6357868440507284 -0.12003892030622165 -1.7555572406389746
-0.05307776254829722 0.0013765471276998339 0.056 -1.5532294526112254 -0.11829219915386935 -1.6677207813871333
-0.044335402061938325 0.00854984960890697 0.056 -1.6028932565827176 -0.16553730886669338 -1.727483488157394
-0.048445786910435724 -0.0020803052358896804 0.056 -1.719921889534012 -0.22102176777819144 -1.7329441751669397
-0.027690357215024476 -0.006622752130594505 0.056 -1.6314147383690867 -0.18728708897897034 -1.6441541873257532
-0.03171235302994684 0.009799848752804515 0.056 -1.5182667198253308 -0.03825346217535038 -1.593683972887151
-0.03701634390133983 -0.000508729601909166 0.056 -1.837389191860635 -0.1793566339734426 -1.5174747566270164
-0.05363137337805339 -0.0023523656302012145 0.056 -1.674576393629497 -0.05088743833289139 -1.6296398817058453
-0.03453086439763432 -0.0009220339230766837 0.056 -1.7383928815618868 -0.01760388069556762 -1.7905256693176117
-0.03174725567941491 0.006964484947496073 0.056 -1.604203570732141 -0.09176188424834027 -1.5536327474266127
-0.03107510731979271 -0.00802029164284562 0.056 -1.7192198299099926 -0.14043134880886232 -1.5805576791475782
-0.03887212166749886 0.005067804724257044 0.056 -1.6871285809354275 -0.028879408415712383 -1.7311144728212207
-0.0288037690816884 0.007042654986633817 0.056 -1.6951321020524213 -0.15328333529874305 -1.51652358817957
-0.03283491370773353 0.015797823466555165 0.056 -1.7065531087989418 -0.043327538229694255 -1.6038223161615843
-0.0464059726980039 -0.0016289304278423403 0.056 -1.6365821423504447 -0.15729492447648502 -1.6045599528191345
-0.0437128051844032 0.005798053868328353 0.056 -1.558367184832889 -0.07593556789173206 -1.8088289361926309
-0.03215900946297606 0.008185345493547125 0.056 -1.7215708915946484 -0.15386705916817064 -1.7853685445017344
-0.04943680289149675 0.0014040441153727844 0.056 -1.661133197915166 -0.0035859777609656 -1.5059795543567016
-0.0280807746597643 0.007200293080846272 0.056 -1.6206073853566734 -0.06291959995870713 -1.584901919879874
-0.03661328718223708 0.0122014042716287 0.056 -1.6194889996764552 -0.37065125618785255 -1.5972007020270218
-0.05365495373650375 0.004292301521669418 0.056 -1.6381845704575928 -0.05247667778453194 -1.6223654901024875
-0.03559072749971975 0.012431224821796703 0.056 -1.703996925002146 -0.2188338463724686 -1.7511781559995419
-0.03294451826231129 0.01286403543620015 0.056 -1.6818267691346551 -0.07410866788896901 -1.6962639190174378
-0.04127118880402407 0.013906724002646713 0.056 -1.6338505544687745 -0.00422075925679502 -1.6950901941992966
-0.048642766545245575 -0.006725505822526592 0.056 -1.6490480175700986 0.0386733059813813 -1.4399934802510261
-0.02790755220412259 0.02213502533516918 0.056 -1.6975014462447795 -0.11347424330939991 -1.68153792030791
-0.04235747364691521 0.013174179625043138 0.056 -1.524699382514107 -0.03135829250928869 -1.5789616706106357
-0.05277828304914983 0.0011678648800906109 0.056 -1.5791814402685327 -0.11726032385236146 -1.6883216121480533
-0.03461590139985497 0.013075069554378113 0.056 -1.6671360276829943 -0.08774629232933169 -1.8274978669201185
-0.04547762647713426 -0.0029905447694726283 0.056 -1.7519793696282684 0.031652542373943715 -1.595526660108553
-0.032182750423009984 -0.003932108948815052 0.056 -1.458718656436362 -0.14615315399913406 -1.5298641609542862
-0.043867958242279854 -0.0006038870122161682 0.056 -1.69637821676142 0.057632968462269035 -1.6755871249644094
-0.03071350789115254 0.0009377017549017774 0.056 -1.7104442170654084 -0.047982471724614624 -1.6780789066230302
-0.02853773739629879 0.005807032717215466 0.056 -1.7027323942634158 -0.19176557288499083 -1.7628207253065669
-0.04491629048149104 -0.002161000066305714 0.056 -1.6004654401275913 -0.09367732753277325 -1.5822402874841526
-0.03314152496277176 0.002513345241003542 0.056 -1.6197608811203594 -0.04754447410379481 -1.695012684250972
-0.05172156190760054 -0.0004722820815333678 0.056 -1.6121916476925389 -0.05756009839504303 -1.6136842429192964
-0.03756287284986501 -0.0039275558603355815 0.056 -1.6683952275444727 -0.15647955729325427 -1.6931274007436867
-0.02906304650160642 0.022326982997239057 0.056 -1.673040668906143 -0.10732451091884675 -1.4652793174992493
-0.03150849598714624 0.0026825655292371346 0.056 -1.5394366027673345 0.0206631441956351 -1.559215593020891
-0.050352115976011594 0.005263579821123259 0.056 -1.7472241667061552 0.13579063940373515 -1.5257161864551216
-0.04921770693146791 -0.008178221746367273 0.056 -1.7293096225203235 -0.017288808553732105 -1.6617676692316412
-0.02900885724379166 0.0029877305639760873 0.056 -1.6068384111833067 -0.09040827646900096 -1.521036779958049
-0.034219708779073876 -0.0005762498049578478 0.056 -1.7000471013827605 -0.027279652471302998 -1.573497180182019
-0.03677160874324706 0.009188535804498256 0.056 -1.5893804745529565 -0.014543611266967488 -1.6382036503450133
-0.03748503398354945 0.014862321093905112 0.056 -1.825415974414385 -0.02941007022641228 -1.6957317370347658
-0.04359588193441657 0.005934059596861363 0.056 -1.6488940448639724 -0.020631848073587436 -1.5974389318671158
-0.05343458390058042 -0.006668418516555398 0.056 -1.7817075017769306 -0.15314742295129796 -1.6716159170405236
-0.03939341742340142 0.0006793773705816158 0.056 -1.7216716613971785 -0.09832718846675333 -1.621537167357189
-0.04529148907765324 0.009056065009650881 0.056 -1.7612574680414346 -0.08500219053004575 -1.5958040587711324
-0.045802370944676526 -0.008509736135560001 0.056 -1.5509873266348617 -0.09767138821187266 -1.557901256322351
-0.043909695992777845 0.013896563001453864 0.056 -1.5828806232085326 -0.29590016733405244 -1.6341529380620812
-0.04815763450603136 0.0055138409533487965 0.056 -1.5108423102632866 -0.0901496513354207 -1.5491882104473782
-0.02838463785543433 0.004953086140974863 0.056 -1.7600544516556536 -0.04420711152302418 -1.6811452107081328
-0.03151344277757004 0.015574954651292777 0.056 -1.5306820768467035 -0.05823127596385609 -1.594675931827491
-0.03263332207010118 -0.009404430264559338 0.056 -1.6828147429580564 -0.011589696915255687 -1.7024713271306364
-0.02916046072227211 0.00784562670608172 0.056 -1.775942373202328 -0.021053833896720872 -1.6331401583133527
-0.04636519144821692 -0.008039227482402739 0.056 -1.6151263865737624 -0.024012260497446578 -1.5893676466422448
-0.03041262128315989 2.2543638035804614e-05 0.056 -1.6489004876497857 -0.1618504284012886 -1.6963148999454831
-0.0336415272504625 0.013587510828423374 0.056 -1.6947037938038096 0.03107920379923923 -1.5366229876911688
-0.040361297729333424 0.0028470566918216925 0.056 -1.655266987824516 -0.06789698722645687 -1.6526382389671181
-0.03839301917039168 -0.008146717309891787 0.056 -1.6778047421841351 -0.10810568170021834 -1.5136565799059531
-0.03795968467566886 -0.006437416937128725 0.056 -1.7447328445992594 -0.18456656996723803 -1.8497738988707872
-0.0473447198781419 0.0032286019769657125 0.056 -1.7052442423195424 -0.28871899240759946 -1.6446260897515237
-0.03722782462067089 0.016829881696436365 0.056 -1.5888014911677284 -0.0662114357013706 -1.641238118134524
-0.04622894057783271 0.0072823192027189464 0.056 -1.5803081171782942 -0.17639313250681865 -1.5017098833563638
-0.028340323844696244 0.012579535105620107 0.056 -1.7308952873574088 -0.06803199049090206 -1.684173346498665
-0.027856618093665513 0.008657345604095928 0.056 -1.61711305583335 0.19699039764137335 -1.6977086954150395
-0.041305689203703054 0.014527179841399228 0.056 -1.6698152389728564 -0.07919562526087065 -1.6629532803823577
-0.0399119272274345 0.004090141883536617 0.056 -1.5997704406782849 0.03780814240429532 -1.76205887786439
-0.04793180165446899 0.012888967549876859 0.056 -1.6051617329797252 0.14077942618645992 -1.6820062581709732
-0.04400961925469716 0.002211623535506699 0.056 -1.5599106291662403 -0.03729112092719905 -1.6187174293316522
-0.03294815660491275 0.003977364293730346 0.056 -1.7175606401795063 0.005703073271660294 -1.5684872750549372
-0.0505895165734717 0.007196211724465459 0.056 -1.7793237581528498 -0.17306439041891064 -1.680386028606284
-0.03837043751308067 -0.005138063233296806 0.056 -1.6736540727116944 -0.07069444256964648 -1.6948600575062742
-0.05068154012717967 0.007996092265690825 0.056 -1.6679647093751717 -0.03819042486312046 -1.6942026621752913
-0.039626101291567156 0.008654717759169659 0.056 -1.6767533429637427 0.007961479034933147 -1.4709439664080566
-0.03511476110520666 -0.0056281949802133805 0.056 -1.683964424626682 0.022963528321240073 -1.8919300871717708
-0.04300112664745694 0.00947104760571259 0.056 -1.6379264925354111 -0.0889065242593169 -1.4795635838944512
-0.052224100535944375 0.005563180874201126 0.056 -1.6535417986910124 -0.03424756057288596 -1.6907842282313228
-0.028028806138930197 -0.003910613050295451 0.056 -1.5686061022474667 -0.3170139208653016 -1.7782465087081933
-0.02789400543945533 -0.0027885537870561894 0.056 -1.7764638548258143 -0.10970448931191903 -1.6887179988936745
-0.03491244732957799 -0.00451689801584312 0.056 -1.739390017911255 -0.04117156471362554 -1.6129586223071564
-0.030545963170014366 0.006652211366335746 0.056 -1.6714098130011381 -0.038885115839464524 -1.5419589561704279
-0.04295108734959116 0.015348152389440121 0.056 -1.6555196238351844 -0.007371429623732384 -1.6319571960611006
-0.053830117644598996 0.0012104395082528103 0.056 -1.7002808165330496 -0.09996362314385636 -1.7815852155659744
-0.044121500482671425 0.005782774028023482 0.056 -1.7373351658804819 0.00381958158648181 -1.6605487536580328
-0.04916689177483852 0.010456094681700638 0.056 -1.6780698241629803 -0.08815306999895337 -1.6209427651011756
-0.027336643296956606 0.0022403416477955723 0.056 -1.749003026539125 -0.07292811654546819 -1.552333553540896
-0.05180797319009885 -0.0013405968801964846 0.056 -1.5900046480061123 -0.1684451904556787 -1.7982638047204142
-0.03935150868567654 0.01655383975216254 0.056 -1.670337316025819 -0.15069007394560133 -1.559168354558063
-0.05024981959484216 0.004312221006336398 0.056 -1.4363200583132032 -0.11891404626866876 -1.7119645821925955
-0.035262876165743647 0.0011350491596570401 0.056 -1.7244797104311718 -0.1908398198040791 -1.8243353961803015
-0.049851172050100825 -0.008174848824941365 0.056 -1.4865829661355745 -0.0329305021529963 -1.5527098137098023
-0.029233974406598494 0.0048714408762846485 0.056 -1.6666440880531874 -0.11174561497854435 -1.6215511412692247
-0.03954467337094519 -0.00962965568893299 0.056 -1.6257600577828772 -0.11836858335655662 -1.719225807919316
-0.03543543881028915 -0.003065918319894813 0.056 -1.7173797512016589 -0.12844687756472922 -1.6938003253165415
-0.048403139059829216 0.004365087927683163 0.056 -1.7742588982520249 -0.1176494800797243 -1.6337083855644083
-0.0336290359673622 -0.0074736263159096246 0.056 -1.8926583317287062 0.046195980262897646 -1.654200666668602
-0.03902456595351457 0.015300822008538046 0.056 -1.7898839964274038 -0.1301319294557848 -1.786701674237586
-0.04753387080255596 0.0054799455068553285 0.056 -1.5562085153045735 0.036076893733847384 -1.7184035261828943
-0.03552423635317639 0.0019149089924333073 0.056 -1.7515846971655076 0.07637706136700675 -1.684610504097107
-0.047611374099920674 -0.006931075623131842 0.056 -1.8001395519651202 -0.1661936060014121 -1.715911104526171
-0.03205520957055755 0.007077234904714553 0.056 -1.7537348677101745 0.02155039981241176 -1.6412146476584661
-0.03575188286677729 0.011220585586428912 0.056 -1.5978666051543844 -0.049265237393251844 -1.724265190710002
-0.03359230918372024 0.019014809000459813 0.056 -1.695105849550505 -0.03611812610446417 -1.7587799503540005
-0.04510613721706589 -0.009754251201042731 0.056 -1.8576789882653373 -0.3450919794786361 -1.4999984783836926
-0.027540228607672315 -0.003354362465818989 0.056 -1.6511186422325057 -0.11762793547049047 -1.7479932973942662
-0.05036810934468834 -0.005129068037689994 0.056 -1.679387942003072 -0.13772704360717658 -1.504991748714026
-0.04562263771455892 0.0036654817815146897 0.056 -1.8005875619537188 0.03708963660700197 -1.779111563654781
-0.028865458686600887 -0.005170538470859062 0.056 -1.668393872613975 -0.1787138666869374 -1.7528468425305344
-0.03812559202183198 0.016126056900181665 0.056 -1.5383557457729031 -0.015215823648362936 -1.6242002918985203
0.037607245160487954 -0.0007335903930706308 0.056 -1.6002514484133321 -0.15262251106482394 -1.5908978227427357
0.03923350814286425 0.01730965890349484 0.056 -1.7616681745929954 -0.16748869639779623 -1.6622941745072053
0.02756217312860375 -0.0009802887629823485 0.056 -1.6870374492346827 -0.07155565502049593 -1.6039769592624658
0.05322426767279187 0.0004054647765001935 0.056 -1.6523389751192934 -0.1793923560058725 -1.8089947638325687
0.04065432726579854 0.005083110329612662 0.056 -1.683095213396588 -0.10023968044424066 -1.4909288817600197
0.028314068142299663 -0.008693754907724395 0.056 -1.6287975979937728 -0.06148610097434114 -1.7050238257839658
0.029754203361699542 -0.004222135937846409 0.056 -1.6514446516066925 0.018853666582799994 -1.6893051823313048
0.030307781903189713 0.01947598563001865 0.056 -1.6290038594175416 -0.09273478901649918 -1.7089774213558895
0.03762528556634204 -0.0008276358077487275 0.056 -1.6022660912340279 -0.14258148429447448 -1.6317727323937816
0.0391572497129847 0.0016783609243626527 0.056 -1.636821296038553 -0.0012379841689566795 -1.6129118170299184
0.05050462822590235 0.011202410901997825 0.056 -1.6489343485725227 -0.0926799822447464 -1.6973527779089546
0.031113078691024497 0.013080394201474716 0.056 -1.7269160606564666 -0.11830557537111981 -1.75881058111305
0.028339809754281638 0.009556022727085474 0.056 -1.6578147679437578 -0.12800320436711737 -1.807667498733286
0.04134327421519001 -0.006376779633694176 0.056 -1.6320190162017618 -0.15302074426270354 -1.6165253294348343
0.052329988692383506 -0.0017667203979768904 0.056 -1.7821235342609283 0.013925950916631152 -1.5912092459486822
0.027133252483181127 0.022298019913991746 0.056 -1.714090696342258 -0.03767887915820391 -1.748911164903689
0.033916050273405406 -0.006453968268710402 0.056 -1.7599780055258514 0.0014319095717619523 -1.5658617430731478
0.050994823555576003 -0.003264780644022537 0.056 -1.5917217860823447 -0.2043844762508747 -1.6101211721726978
0.053470645372034005 0.00523906785192034 0.056 -1.5602210228850082 -0.08560044408057872 -1.5742662613704808
0.05062474154497133 -0.007254591555031418 0.056 -1.7195549134245902 0.006899446614709939 -1.7866863287041748
0.03380963296035683 0.016963965923931762 0.056 -1.5897694796112607 -0.1385745301357793 -1.7394782896167995
0.04000719887786667 0.0050185453621066425 0.056 -1.5643008684997122 -0.04676142730839808 -1.776034062463175
0.03246746955798664 0.004381017090459212 0.056 -1.746078384030653 -0.06674866796018238 -1.6634176608868054
0.03378626283142536 0.009536297893232815 0.056 -1.6001471117355097 0.019924576323339133 -1.729821737205673
0.027838057314566397 0.008496142345431066 0.056 -1.7092693815259659 -0.11255229601841496 -1.6667068821751478
0.05306572220581962 -0.00040149767366540884 0.056 -1.6523217314177492 -0.010762431294238012 -1.74438069265487
0.04295356962079998 0.007821369710833989 0.056 -1.5842136218370175 -0.112102380579753 -1.5525642073511927
0.05051014405348276 -0.003838308675131399 0.056 -1.6699804325012457 -0.08349046816360087 -1.5315059541571434
0.05204197154956994 -0.002440032884757224 0.056 -1.5395156261657843 -0.16457239837122498 -1.649590896837521
0.0311472465546033 0.0007945542657852057 0.056 -1.6973686772219254 -0.01592993723132166 -1.619827727975344
0.05068528062728944 -0.0065886250731828615 0.056 -1.6851230283926482 -0.07446358960815723 -1.6542500107791616
0.03242387197304576 0.014444130638541665 0.056 -1.656139181342125 -0.2684518816649055 -1.8099470021852229
0.04694588005944611 -0.0015354691951460619 0.056 -1.647678801725217 -0.14283841284607093 -1.640083613576011
0.045893590450173535 0.007220178734940663 0.056 -1.6446351747104855 -0.09544352327003323 -1.6659639912329176
0.027507484357688097 0.018125498853054228 0.056 -1.6914358604120232 0.018348490399581474 -1.675663211758764
0.03296805055614402 0.0027143534216157467 0.056 -1.5351123171645045 -0.0592604630065562 -1.6435129482965767
0.041608590061355435 0.001855288825705556 0.056 -1.5779562075458335 -0.13206842650425504 -1.7680111944289314
0.028786612770049992 0.0044436698419804445 0.056 -1.6016607789244126 0.060210234777744565 -1.636964024241909
0.028887423696690243 -0.004606698858030577 0.056 -1.7395978122046354 -0.11176069628226848 -1.7002418019506778
0.045084974121426105 -0.0056048683383661535 0.056 -1.590246657150873 -0.08677821089287142 -1.6665543522387474
0.031292374245596964 0.019426661457841235 0.056 -1.616291882806988 -0.11198256217913366 -1.6879870741640455
0.049267739276857195 0.00608651507414606 0.056 -1.676099171105626 0.037771079535780266 -1.7351162997698075
0.04787433481723312 0.009601249973623343 0.056 -1.6610471002598732 -0.061025537320574634 -1.789222808976934
0.036655165786886865 0.008743070740380296 0.056 -1.6957905553615138 -0.08612776756393392 -1.780671982831442
0.03898268432456299 -0.007352694544933289 0.056 -1.7401547696106023 -0.03899143569004745 -1.708942234746767
0.052924424874626425 0.0035272172787680148 0.056 -1.618775605522144 -0.24300111883880723 -1.7804429438265241
0.0365462816101356 0.008578119088012906 0.056 -1.7130124137785747 -0.03370644798248325 -1.6754641310244813
0.0327487236753688 0.0009524482396587024 0.056 -1.6329338211928621 -0.1487433656338462 -1.7288777229154713
0.03601243967134076 0.0035892068766498753 0.056 -1.5811861250950365 -0.011909731841882126 -1.5806047895976052
0.0462597746724097 -0.008916699089043892 0.056 -1.7304999481370307 0.13056569505983207 -1.6569004438664166
0.032981118253742905 0.002489468937818831 0.056 -1.5096950830251448 -0.17747648679760722 -1.6064599442443863
0.04206348224887386 0.013117290854050985 0.056 -1.6567095639664875 -0.14175866831245598 -1.7060323848474865
0.03828630065943711 0.0132486880748678 0.056 -1.6425783266936196 -0.22930774516507796 -1.5483108748074834
0.027702603500437007 0.004385831655900405 0.056 -1.7139213292093047 0.0482168530033025 -1.649106652325317
0.04791295227345855 0.008911484159465037 0.056 -1.6681234149205124 -0.06862866655555139 -1.708773539686441
0.03127901946556723 -0.00398619949320699 0.056 -1.6925850805118567 -0.1724538451607059 -1.7857369965548526
0.03903277352942115 -0.006465423004906143 0.056 -1.748219346232016 -0.12643142747739763 -1.7642342825813158
0.027397862438537597 0.02477192561285254 0.056 -1.6535534173155486 -0.030911401503691205 -1.679107590400838
0.03147228583407798 -0.006463868985524696 0.056 -1.56407623531548 -0.05633758592527253 -1.6833081104885679
0.03710107258313685 0.01645661020590424 0.056 -1.5738965988730362 -0.14590755316802123 -1.5335143896207102
0.053577166574531834 -0.009813308956212677 0.056 -1.6630766911016677 -0.06986898919801024 -1.7046359206269517
0.04086082023131035 0.006993572895798347 0.056 -1.7355796698934283 -0.14732610338621696 -1.729951251938817
0.03348986523223281 -0.002402585882678939 0.056 -1.6336299710208593 -0.21549272396982372 -1.7925468379691032
0.031005011689121956 -0.0005191805903698565 0.056 -1.58734824687617 -0.22249948885497678 -1.7089289810015866
0.027106892750893254 0.021354932333493615 0.056 -1.7086378775214404 -0.05003591329057803 -1.7131283942438553
0.03690469746497223 0.017946377542576386 0.056 -1.6453360535226345 0.06361773312076008 -1.7468505042023519
0.028011687580162745 -0.005656853112884379 0.056 -1.763791337974204 -0.017764443827391133 -1.6151790520656688
0.05281870148873313 0.007686700615390554 0.056 -1.6512022385735885 -0.10699598375032451 -1.74497749259361
0.027933673817338217 0.0023431526248662137 0.056 -1.6702863838077275 -0.0620563995767386 -1.6426295143160843
0.031034937254623148 0.020307146507610174 0.056 -1.7723276695032342 -0.1883386939565394 -1.648525786485933
0.04480785380528575 0.003052014245692916 0.056 -1.6508834886791381 -0.05338072990352697 -1.6933395340860316
0.034146639965619154 0.003010597905406403 0.056 -1.6810244047976892 -0.14587198191230816 -1.6525670747118761
0.03363105166916229 0.01776579205659301 0.056 -1.6786265971829237 0.05497603963493028 -1.6311293438038184
0.03506014782278413 0.006853011060586172 0.056 -1.6769017609055046 0.03590092564072889 -1.6853770508904344
0.053859816950495465 -0.005220004659251211 0.056 -1.7200029407328783 -0.1153207650906897 -1.6501241444971473
0.04324530772553528 0.014922477234210167 0.056 -1.6669208668656936 -0.025070943506827537 -1.6614689750558012
0.03711614255000451 0.009299030205290893 0.056 -1.818555399814561 0.12037689075570629 -1.6730228853262958
0.044966932710392454 0.00291692493907012 0.056 -1.6701779145656508 0.03396784370360535 -1.691146669807017
0.04454590705100345 -0.0038785390859326545 0.056 -1.6980745136874664 -0.2009278063092126 -1.5404803043796271
0.03832766457241277 0.011821517413796149 0.056 -1.772765033411235 -0.17238399822152015 -1.636966010046101
0.03199245204423869 -0.0033928640117090623 0.056 -1.5019466612446881 -0.13479132755852183 -1.695970472121364
0.046489408932809846 -0.004935773899136472 0.056 -1.6021110572868937 -0.027492854455525233 -1.7209461819743601
0.02725827798547023 0.011253551473845375 0.056 -1.7074803915653156 0.07731432476353725 -1.607015242655347
0.029272926536730342 0.004058363258296581 0.056 -1.5466184507288214 -0.06351292551514715 -1.5743530740453258
0.03790684901332919 0.013254521546005078 0.056 -1.8285568491833577 -0.07560777922301619 -1.6904960726814575
0.03860190613611458 -0.0040290156315090685 0.056 -1.6030480075659508 -0.2776857178291471 -1.5820493893629328
0.0452324486953459 0.002410634510073645 0.056 -1.6120610363770247 -0.10882023744636594 -1.5465242196059332
0.03155349837209284 0.010448179379896614 0.056 -1.6764426214328711 -0.16135919621761474 -1.655490862143314
0.028711770047265595 0.007443063233753952 0.056 -1.5652629824492548 0.08476755212482315 -1.661564245854013
0.0281948694361303 0.019583407575165954 0.056 -1.6403890840678608 0.02101026060641349 -1.59968109439575
0.052956656533689264 0.002282029735842255 0.056 -1.7252934750296998 -0.20409837009458537 -1.5950723789681887
0.02891008021727879 -0.007623309385038883 0.056 -1.7357389508964363 -0.11924892038295362 -1.677710245768061
0.028525033760750197 0.01543758671567127 0.056 -1.5801955830048062 0.10599060986434583 -1.5362186211131086
0.04043264396678251 0.0027286893016110307 0.056 -1.4803707199141352 -0.06391891946057575 -1.7591147918732104
0.04632677484070867 0.0013931208885799903 0.056 -1.7934317028676257 -0.21070439694807835 -1.7124787169064297
0.04139666297128007 0.01651650766520127 0.056 -1.5960568671637743 0.040581583044720704 -1.7166911922283088
0.04875540641675526 -0.006497999304688133 0.056 -1.721140266260892 -0.0805124362913837 -1.6349184459660304
0.04295383201293963 0.007509779342522701 0.056 -1.7884163985998822 -0.09065737866948126 -1.8573414148580207
0.03805552126404696 -0.0007592783764987301 0.056 -1.6256412603973325 -0.11168460881456874 -1.5928808247349893
0.03543672366586821 -0.003927793487352578 0.056 -1.4488793734592498 -0.07418992340627424 -1.5703690867431286
0.04631036970351901 0.011772790807771326 0.056 -1.676453887808527 -0.15999247743670986 -1.6206815182473326
0.02995218067573518 0.00139053211628749 0.056 -1.637797513570462 -0.30671726575891956 -1.537019912286207
0.03959412271200247 0.00427438969208138 0.056 -1.5819559898089581 -0.1047115641016408 -1.7418093521694535
0.03512444965814804 0.010574984804509973 0.056 -1.7078834914609402 -0.18804909033403633 -1.5712705954258095
0.0500456791196674 -0.008332443916519631 0.056 -1.7297287743331076 -0.33752046991883267 -1.8159386967225375
0.039701725377451064 0.01410235661719182 0.056 -1.765113587909705 -0.04739488310192082 -1.620050313546195
0.03374214869398745 0.020093866665262056 0.056 -1.7379025555184535 -0.10090106668116879 -1.6513511132993766
0.02976161987166359 0.02076512814315276 0.056 -1.6258130852633872 -0.14170323802661727 -1.5618566317645024
0.02727990015080095 0.007788753072923005 0.056 -1.6621719541004927 -0.11665484477569744 -1.7231340032262965
0.034195224266051066 0.017874161754916573 0.056 -1.761851289853838 -0.054993961655777704 -1.7589912028172756
0.03296796298403997 0.007196466706411548 0.056 -1.7890144581938097 -0.09393785686256023 -1.6513680382191316
0.03428002598430308 0.014745149052816679 0.056 -1.7941205964104545 -0.05569735126394019 -1.6838043833253953
0.051795484678629725 0.007305627955548942 0.056 -1.635121345815713 0.003909539681832219 -1.3962469078225956
0.05354369653887464 -0.0012413419182168255 0.056 -1.5985851141912442 0.08045865328532761 -1.9092483515442387
0.04469219025460819 -0.0047903794612119514 0.056 -1.7189160685301144 -0.020252827543494917 -1.6519361147338376
0.03226689794964236 0.01637715930478767 0.056 -1.8345695020691912 -0.30091948471084085 -1.8063911210604577
0.04239173251510518 0.01581226215479936 0.056 -1.7341335809292728 -0.106451167140089 -1.6276169445186863
0.02816919810094692 -0.0006278085554404754 0.056 -1.6611458599342157 0.021669292553665384 -1.762535370134375
0.04546696197922245 0.0032013047047417444 0.056 -1.6311001707024608 -0.14072685417307032 -1.712209071344933
0.028745091257476475 0.007273009000468627 0.056 -1.705347675044604 -0.06618511183036505 -1.7906066979287167
0.029933676419074295 0.02294524972029243 0.056 -1.5438482985248376 -0.012358433298144081 -1.7204210096152888
0.0280319640631396 0.02242002044686154 0.056 -1.6081888731442369 -0.19828959939312962 -1.699857770168956
0.03371377970782387 0.0039007602971836836 0.056 -1.7030273717711877 -0.08442842500729535 -1.5323816966253587
0.0518264292149222 0.0029136586901487415 0.056 -1.5406973238948594 0.033956606343056056 -1.707260922326278
0.047258598014642376 0.010582912411723733 0.056 -1.6309740448310612 -0.08221491769554291 -1.6493121895975968
0.04170171157916618 0.0042284021339113464 0.056 -1.4185253371552233 -0.14464183376304443 -1.6645258833300207
0.03277891050566616 -0.004488723583834097 0.056 -1.6759462592725403 -0.17382100632656602 -1.5972695662106797
0.028666750286217464 0.0013128984222962777 0.056 -1.6267191746540242 0.06419644732871926 -1.6600012020090502
0.030855949501561793 -0.0016222018043040055 0.056 -1.7357425035748875 -0.12396856236547321 -1.6192185020935688
0.027124584005370468 0.0041317670111464064 0.056 -1.79053150540949 -0.2028362169026366 -1.7092547045149171
0.041125978789929754 -0.003341572208442138 0.056 -1.6771741989922837 -0.11689489814575463 -1.5582366605242326
0.02780020830834918 -0.002590880748395856 0.056 -1.5931549274306156 -0.2317731165134581 -1.6201995695276266
0.0462110059883243 0.004929521701545004 0.056 -1.8397027184090338 -0.11776308136697518 -1.5456271534735095
0.03088285890596315 0.021028463214968554 0.056 -1.7786552154502198 -0.15074591320626973 -1.7494520230872301
0.04372157074033589 0.014823418534959934 0.056 -1.7836095303442268 -0.1711007394546441 -1.65941092001548
0.03944861485007561 -0.0061279535676785684 0.056 -1.6809173175816132 -0.05451709225147515 -1.5375558896353
0.05236646920849317 -0.003640331280992121 0.056 -1.6254733693522685 0.08490500592821223 -1.5599157219293418
0.0438155684061014 0.01158144705746019 0.056 -1.597551587393627 -0.16737634780364152 -1.6569860635932356
0.03989903452564428 0.013541909535807658 0.056 -1.6706137193891468 -0.011670950924156223 -1.677974010266315
0.03407813760256313 0.003312733625351269 0.056 -1.764743656604542 0.008773423828762839 -1.7049326359042745
0.03990119133450236 0.00881247860454386 0.056 -1.7976434537161685 -0.06703247445893312 -1.6202084724204227
0.032888699666555166 0.01122880050231193 0.056 -1.6467524894021566 -0.12219562345028148 -1.59781684273812
0.05191204094502318 -0.0019221453960687994 0.056 -1.8208750400205036 -0.23747169649876787 -1.7214325298773132
0.029996661029938212 6.493129975210579e-05 0.056 -1.6669504586788455 -0.024926363501477276 -1.522929198822202
0.039445607948838994 0.015157589187819375 0.056 -1.6429032490183233 -0.23003949114345598 -1.757474704889566
0.033874013075018285 -0.009590039467622219 0.056 -1.5634145625811637 -0.045531215221091915 -1.7631231844035093
0.03331185711424943 -0.009097595720819444 0.056 -1.5901744243577234 0.09524278106364598 -1.6680132032054498
0.0438467722901108 0.008180708773330108 0.056 -1.5737455042135957 -0.1999794001271658 -1.6678291261947655
0.03759376768026649 -0.007147886037216552 0.056 -1.6667109916971172 -0.1597523852864764 -1.7507881936202327
0.0438848749821005 0.005382515857709406 0.056 -1.6286844560490363 -0.10448861931799007 -1.735854097417589
0.038631177650989876 0.00849890737919389 0.056 -1.829976080144403 -0.1505110730469904 -1.6871246080703626
0.036223917228137864 0.00015692186212089808 0.056 -1.671501432173708 -0.08192953553047827 -1.5979379006340586
0.053369722403804734 -0.00834712716170742 0.056 -1.692370062958417 -0.17511494559458757 -1.708699664814055
0.04601050309950244 -0.0011034767310019872 0.056 -1.6795980204273662 -0.2845077288392863 -1.7491251301614013
0.03398488026406508 0.010673026119898512 0.056 -1.5152815583840966 -0.09853125539073107 -1.7167625957647852
0.040618770527438175 0.003988484949528184 0.056 -1.7123081283501458 -0.20921063673098686 -1.5620027946910215
0.04718301413692144 0.005426285702336976 0.056 -1.7534375329903065 -0.007405493024488674 -1.7095631194918084
0.05301663784856905 0.00971063164666385 0.056 -1.5538802355939008 -0.17369621356662654 -1.7463141369972046
0.04169338499168482 -0.00033834790065005727 0.056 -1.6954786051722552 0.05551227782416071 -1.7152737933874826
0.03363893206451142 0.00721272958894807 0.056 -1.6315902380508507 -0.08726104827746929 -1.833981651781759
0.03756923239031057 0.011521827800798098 0.056 -1.5876207091262453 -0.24783337817530918 -1.5908270638387498
0.033927445224935876 0.015174445482456065 0.056 -1.5989242691259584 -0.15104619566000896 -1.6234002376916679
0.052158748132751745 -0.0018504230071923686 0.056 -1.6266798171036172 -0.027751152618043562 -1.7870590971646825
0.03598527101567362 0.01908297638762161 0.056 -1.7938232364620805 -0.10101712034350356 -1.8567224978303363
0.03404713900968338 0.004920250685472777 0.056 -1.647165465222822 -0.21278189507449746 -1.7184205721732122
0.030175474448534394 -0.009169098142900938 0.056 -1.6837217806204476 -0.09620188399231928 -1.697563739727756
0.05332540531021346 -0.0021082393383052966 0.056 -1.6080616126322882 -0.011212670277879838 -1.5992507322204748
0.04234393578020293 0.01019874211446079 0.056 -1.6794317095998696 0.023911973780286894 -1.6732187785714077
0.049374227907314924 -0.005151736977095226 0.056 -1.7439430659918167 -0.09487629422596786 -1.4251678730306663
0.04792349664478397 0.010481946088649484 0.056 -1.6597731703784462 -0.10879367589162475 -1.7063907688683022
0.029156424642487067 0.0032941077892203498 0.056 -1.5678013794125905 -0.0877071033492454 -1.6940824176809393
0.03621581550329329 0.004742230837971741 0.056 -1.718068504265813 -0.056903410073898604 -1.7699031334564053
0.04788617552134153 0.006566433710969785 0.056 -1.7961901177116681 -0.14143148054431876 -1.5950241562591025
0.051738110577762994 -0.0010272979970440878 0.056 -1.7717702958327317 -0.16548588329288452 -1.720058562068548
0.04154355205935571 0.002004081599354779 0.056 -1.6408134879283027 -0.09796513960251081 -1.6604722798587346
0.0358756445823573 0.011552615252166281 0.056 -1.777150825146043 -0.10119749770348309 -1.7483673438859715
0.04894393412375153 -0.0019420105833786606 0.056 -1.7319578863479677 -0.11834383626198533 -1.751993632874309
0.02927136843170655 -0.0006532126225886909 0.056 -1.5417827487126687 -0.10727175506014822 -1.5068461738464578
0.04555909331731907 -0.009643150857560281 0.056 -1.7158770543664474 -0.038136012161967395 -1.760625346489203
0.03868785433203247 -0.0056591010063276465 0.056 -1.5785382807720791 -0.12678748950032068 -1.6944875037049991
0.051238430740466634 -0.009553215916235449 0.056 -1.7524466283179727 0.060103596092626554 -1.7580089796496512
0.052435467551927996 0.00019820296383458655 0.056 -1.5951072653533447 -0.055667697614146326 -1.7220885870100224
0.027055801864339944 0.009047340549609437 0.056 -1.6606080373543424 -0.07895813204973806 -1.8401156891274186
0.04253810815022846 0.00018320342918494784 0.056 -1.7040359199709885 -0.053394457315658776 -1.612886797757693
0.034825061511024075 0.012463026085826159 0.056 -1.7468341222431873 0.005872648723898796 -1.5037196381207212
0.04818843675685279 0.001009971665376837 0.056 -1.7491795243295682 -0.15316938475194958 -1.6976499723524652
0.04392597801900569 -0.0023248566842152445 0.056 -1.591272538668207 -0.02518152906190236 -1.5880672492552608
0.04041959127791388 -0.003421760434083386 0.056 -1.6442763891652727 -0.06952464717979842 -1.5873404164263274
0.04501961272974293 -0.005619345391279554 0.056 -1.5660455496761954 0.05762787850853254 -1.5945042575202186
0.03781821313959733 -0.009984575392225616 0.056 -1.6607722834953775 -0.09800633909775605 -1.7206697641636846
0.04833035532510238 0.009610810113822388 0.056 -1.6075493395360843 0.031488614315940744 -1.598606923475862
0.05080349971080646 -0.004745823657588863 0.056 -1.6384772631878644 -0.09794764791814647 -1.6590393965650063
0.03204086248995808 0.015677575934937765 0.056 -1.548843760726906 -0.05651917729577081 -1.6560495211471178
0.03048778143433188 -0.008236114772860766 0.056 -1.6644485696373594 -0.18047217857293357 -1.6084953490126606
0.028417475374735813 -0.0022593325837609642 0.056 -1.6843796542551093 0.1112593971215988 -1.603576152730967
0.04074734798439624 0.010463585104259715 0.056 -1.7492915894678658 -0.0801112336269098 -1.5641477038696614
0.04906475298872484 0.012627934117300588 0.056 -1.5945445773845999 -0.14026379679430884 -1.7615398633329693
0.04165989463221245 -0.00040502522081765566 0.056 -1.727134372518402 -0.08123798974445351 -1.672894571372702
0.02924911665858891 0.011749628596883646 0.056 -1.6600532531860666 -0.0931113726771488 -1.8178801866662109
0.02844895221644781 -0.002321801976034172 0.056 -1.496091323398825 -0.09458747395137627 -1.7769046523124372
0.028351007451020857 0.02374034019056801 0.056 -1.5195525200889526 -0.10934203610408008 -1.6624861084909652
0.041724203621492734 0.002652619397734538 0.056 -1.4911424589796254 0.0016393514587219743 -1.773299604988086
0.028732361883112654 0.023510845624884022 0.056 -1.5389112964204525 -0.11901089665370501 -1.5965052485167073
0.04367726316871567 0.012525743072088773 0.056 -1.642835432373451 0.038094074693164004 -1.666075725707284
0.039692686124320475 0.001763090680476814 0.056 -1.5934633050496918 -0.15321172526351867 -1.6220341411185681
0.05267886151028776 -0.0074843359144692485 0.056 -1.8281824292336157 -0.09468420646868245 -1.7646251493272562
0.03234265369075624 -0.007675732958607262 0.056 -1.608183015651891 -0.191743868774323 -1.5107654448648349
0.03132846521648878 0.0012819537049721264 0.056 -1.8370104730555856 0.0009165223246138943 -1.7765385593676177
0.04565747735538296 -0.005035401889478216 0.056 -1.6124496974672002 -0.09810273518835866 -1.4040153749859208
0.028106474201675207 -0.007567147644616022 0.056 -1.606370667437989 -0.12429461783907547 -1.6426654646034462
0.05074296048301865 -0.003143211590105292 0.056 -1.6859159665469625 -0.14874639781246957 -1.7397619638738897
0.03512626562047716 0.00900480828300569 0.056 -1.675627453652083 0.15731582381907008 -1.6710875357293187
0.046941444797483745 -0.00864153241187862 0.056 -1.7743585089631426 -0.14625646470561574 -1.7044353680682747
0.03938561738321962 0.008865408646202286 0.056 -1.4702531566962764 0.005229801542382423 -1.6550934093738388
0.04007462928507619 -0.00433119236964178 0.056 -1.7718412239624222 -0.09472792871669361 -1.7496991133347723
0.05303792432960175 -0.006402414919934247 0.056 -1.5963239045912867 -0.13585056553610553 -1.5784597551001522
0.043433673533975536 0.013893120653912043 0.056 -1.5051135334041108 0.030177783730612154 -1.6484423770164804
0.033818008092100976 -0.0007852050994029587 0.056 -1.4462877557907259 -0.1642816176587186 -1.6864917061609948
0.028721515750962597 -0.000827248410841858 0.056 -1.6560197806206032 0.06461924580164219 -1.843378077467441
0.04275948000186586 0.0016188446005160062 0.056 -1.7436939599699213 -0.1418577380884109 -1.4654722379739693
0.03481641059926581 0.009640863714512593 0.056 -1.7032457541616155 -0.03942673084619505 -1.7234252002172066
0.0389962312328959 0.003352597894706065 0.056 -1.6079548437641888 -0.07492753589309034 -1.5454686137450244
0.03344866723639054 0.020188425984711315 0.056 -1.6180292889000298 -0.1205167649594942 -1.7513712937523582
0.04981079958669509 0.0080905288776862 0.056 -1.7363962919534441 -0.0014208063340209465 -1.5993549844944783
0.03210498284401708 -0.0006693103109459385 0.056 -1.5444427353572054 -0.11616581815310703 -1.7486940746934858
0.04280931832404011 -0.0016035816303490453 0.056 -1.52217810003444 -0.06675697835239443 -1.5864990593363597
0.02719167756117143 0.007136063621919675 0.056 -1.790885007733991 -0.25199980308010594 -1.5739575686879963
0.031308105026095746 -0.0015844564914742915 0.056 -1.531635487840896 -0.06570811460530093 -1.6324278591655124
0.0275088039263236 0.003893480742447608 0.056 -1.6300068127800884 -0.20510932455920514 -1.6575310046062248
0.028927248598870962 0.0009178972320674876 0.056 -1.6589244335570168 -0.20723070671396132 -1.5963691546973269
0.034812144839334785 0.01391341003679218 0.056 -1.6542635049926848 -0.09651066847532655 -1.70080894891252
0.043131802801406036 0.00346085144315828 0.056 -1.6383330472578375 -0.1531955787790164 -1.8469632490343184
0.05317856486849419 -0.0008919315341666071 0.056 -1.7447343548317198 -0.16260852785395835 -1.5782377666120515
0.04337531060756566 0.015574408376130366 0.056 -1.6225918352198903 -0.10863858315802785 -1.671363012370541
0.049338205142118216 0.0014839553520122964 0.056 -1.7446247876491605 -0.17693130091406056 -1.708263330197227
0.05231183765688635 -0.0061855771141432385 0.056 -1.4779987881646433 -0.1742541735461697 -1.7900431742727758
0.04349727410660961 -0.0013729485766028424 0.056 -1.6381793864568115 -0.08525905942948404 -1.6453113626884317
0.03323575379779086 0.017869807278942426 0.056 -1.7134745237930722 -0.17214901837374752 -1.6745733509292788
0.053055495229586455 0.0012295298560273168 0.056 -1.7084470881301144 -0.12012518341607101 -1.6423054126851557
0.03985562323105667 -0.002271199274545827 0.056 -1.6277547860888995 -0.07835437525137395 -1.6872883433797656
0.04340159074705152 -0.005623405573552204 0.056 -1.7132420585816417 -0.002517665516356654 -1.631872191071304
0.03886794811231785 -0.003526421362694831 0.056 -1.7537998660770309 -0.1135351038374444 -1.5850025899134166
0.039417629532398246 0.014869128761675269 0.056 -1.6400477840233927 -0.10094442000068268 -1.5629824068567755
0.049202596067183246 0.010753930680216043 0.056 -1.4538777496755342 -0.11377073018874037 -1.5170940253260068
0.03272303449066678 0.015701617550721393 0.056 -1.5460391424099216 0.032805656476023376 -1.5395301654753295
0.03461644945443463 0.002890091742006334 0.056 -1.7158926578810734 0.016257515779820556 -1.6054485104348326
0.03992062139372826 0.006231669258091587 0.056 -1.5924248916068158 -0.14374660090697428 -1.5363350692043685
0.040021485657194156 -0.00518891303399636 0.056 -1.7227044827989555 -0.19484418579593027 -1.636878476242572
0.04956132460659896 -0.004842693895348587 0.056 -1.6117952566118734 -0.1570622020906805 -1.6589127368380614
0.038510665638071144 0.003725303601473943 0.056 -1.6221415018179077 -0.16391804117535658 -1.807863520505014
0.04729803618883281 0.0121747333417165 0.056 -1.6954645839911793 -0.005560846012019199 -1.5052666415792382
0.02804434561749866 0.001146919478237406 0.056 -1.6795358871847965 -0.12457176399532574 -1.6731391927142765
0.04921246855961814 0.008187443777454286 0.056 -1.6207524113740495 -0.004438075259395435 -1.630127376990375
0.03135891834526407 -0.005829617830741374 0.056 -1.8150311479041428 -0.12513784669834974 -1.6872334748905982
0.052810806766693516 0.002413830575560671 0.056 -1.6320831569549439 0.014334816707585046 -1.6457396275530694
0.04720601588671696 0.0017490363077010494 0.056 -1.63385037518047 -0.1947796929006374 -1.649300058256951
0.04600838488801161 0.0075598749223860905 0.056 -1.7635761411441393 -0.14406074308900885 -1.616948395559232
0.048300739113104056 0.007972354965742277 0.056 -1.6625032405841187 -0.07846811950093006 -1.8222429464899865
0.0415619596002061 0.004746668365393409 0.056 -1.8597093217337841 -0.06814485082992625 -1.6116006514786094
0.037831395408506434 -0.003321794107263352 0.056 -1.5172497244049095 -0.08146973565456844 -1.7518546528605108
0.032690430676694825 0.014164720675443108 0.056 -1.7163314103506062 -0.031398189469872446 -1.548581244695748
0.05153441426227805 -0.005277045402836988 0.056 -1.556537180186703 -0.15223891288810681 -1.8167469728244185
0.050023210774027424 -0.00814915609393388 0.056 -1.5960636767579848 -0.1315618002459139 -1.6547301646457495
0.04861228410241866 0.009017520837792484 0.056 -1.7014788339513356 -0.13018384941720568 -1.6450186650437804
0.04148068709613897 -0.004776175147271885 0.056 -1.6307116470775371 -0.14652018281232448 -1.7879003343234328
0.031495226568430235 0.01987720861460915 0.056 -1.6074815830592826 -0.045615826039142965 -1.7033319837634133
0.027745941254051724 0.018882379833628858 0.056 -1.6441565767381798 -0.24883898499116977 -1.7322775179614576
0.029284118728260176 -0.004586436107653774 0.056 -1.7714718502209386 -0.14273049387215514 -1.7272247065707107
0.030014741533256086 0.010264093571688027 0.056 -1.854081126673481 0.019301532858841383 -1.6407094393764294
0.04760872106505119 -0.0005372284345395179 0.056 -1.6580818997220326 -0.0561712756436991 -1.719226613766378
0.036691918844755596 0.0008827858875175894 0.056 -1.8255070072797408 -0.14029877918435663 -1.76244601598274
0.03433974566416986 -0.003940362577504329 0.056 -1.6145392508620127 -0.3969224217275169 -1.5086091161102964
0.05198960088174305 0.003482233710459392 0.056 -1.54197147611764 -0.11939288686151135 -1.7710241752159022
0.03387210505448442 -0.007991498025171687 0.056 -1.724883683466455 0.024656654858355317 -1.7806483172629173
0.047825674998491746 0.0024802652327719204 0.056 -1.850410549401903 -0.12836928393090635 -1.4880203823768385
0.04978985234901566 0.00478770276539406 0.056 -1.57304397888246 -0.05474592242763471 -1.5389279632325867
0.03725686035896716 -0.004801473277564107 0.056 -1.6370745459244451 -0.19023147934803902 -1.6972652356038314
0.052596613531631475 -0.009907332083007597 0.056 -1.5772834544996626 -0.1234056083976035 -1.6854962255034613
0.03857656988634625 0.005093942316801476 0.056 -1.5472523440658603 0.083817213278535 -1.66316736374948
0.05378731104113003 0.0029005404580426854 0.056 -1.6991913084792287 -0.12104995592169615 -1.7047404926270806
0.02735198343224262 -0.005865629284990325 0.056 -1.6246885436123712 -0.13455848411429133 -1.67050412572531
0.0398369844431187 0.0018706941729203196 0.056 -1.9224125489431296 -0.1371019909023906 -1.605070366358541
0.047860035093102535 -0.0006146185526645261 0.056 -1.6448895519289564 -0.15092900702325723 -1.6302721827273978
0.039981026462067 0.014457865492721643 0.056 -1.6429649935520516 -0.06833802117301499 -1.4876604289438842
0.03398451336166919 -0.007903793152262823 0.056 -1.7054439526314802 -0.06663292545178189 -1.7151458531227848
0.033848741496431 0.018960485591524086 0.056 -1.7701576086774449 -0.05704173074916677 -1.5820626899244152
0.03287873500187374 0.007948162352748067 0.056 -1.5559106510795642 -0.13719304201602717 -1.6011245142647832
0.0483484103983169 -0.00894562041831793 0.056 -1.8111437029502073 -0.08218056288535354 -1.7281931094967757
0.02792505313082401 -0.001783896034963912 0.056 -1.7065552759584661 -0.1095483631808171 -1.5849918782025534
0.05125846065101684 -0.0004924322752794079 0.056 -1.7263806485621451 -0.027535853162462487 -1.6434102187954394
0.03986180951480935 0.002227586089560649 0.056 -1.5059382413647924 0.04355698226272872 -1.5478763582283563
0.050436974564704196 -0.009277440250149782 0.056 -1.6325566421582225 -0.2770178415334415 -1.710746751055955
0.03717159738874726 -0.001396474023406799 0.056 -1.6660376960724046 -0.09448849010934499 -1.5658843544018173
0.03248813218415208 0.000353995121625662 0.056 -1.634882522678653 -0.1469426954184129 -1.4780850890539017
0.035898980346084394 0.008586210230980678 0.056 -1.4833384045397702 -0.0671584847520302 -1.677786348091656
0.02938987746008357 0.003956327624467626 0.056 -1.6069614668384689 0.04959851186265893 -1.6833890975976082
0.05381897323224876 -0.006063390057266214 0.056 -1.5970076126120674 -0.14729414354333653 -1.7063940928062304
0.04013882068481362 0.013933726456534111 0.056 -1.4977681192118928 -0.05247540678211998 -1.5266361244518678
0.028281826318402266 0.01264502070704778 0.056 -1.569253876353076 -0.06391400621432612 -1.6871021545782126
0.041524471749320745 -0.007200626687243598 0.056 -1.533193534907282 -0.01329907635818936 -1.6966400454265067
