-0.04193448783687652 0.007278090798134901 0.056 -1.65520910295135 0.0010259842935826657 -1.6353994853226528
-0.040354102691611875 0.011051059569220931 0.056 -1.7054195960226732 -0.018635015331675303 -1.77989033146147
-0.03678056175349424 0.012449349268953426 0.056 -1.571421861367742 -0.13235364527118398 -1.698390499765523
-0.05380309253058331 0.00202058303979874 0.056 -1.623838971234089 -0.22227116122542462 -1.610589316815421
-0.028513761282645708 0.0020464401946600104 0.056 -1.6592209106933442 -0.0606471141987684 -1.6487335290112723
-0.04817072183953995 0.005182848012720311 0.056 -1.5587248523154191 -0.09568143034215855 -1.7066663002095275
-0.03295338441377202 -0.004883531555172967 0.056 -1.5713032286445971 -0.1166702450458456 -1.7069114436645687
-0.049399226829734924 0.009980890570844054 0.056 -1.747655403157403 -0.032456979822105644 -1.7285015855037957
-0.03118542027104063 0.01615403463413316 0.056 -1.7165206010164853 -0.01430858313870434 -1.5787018782607443
-0.047941367020070284 0.004868436268146049 0.056 -1.573382089902225 -0.013532115355193483 -1.6250482775853314
-0.04165393770579996 0.0077179934796449915 0.056 -1.5637565377554086 -0.01424522797308285 -1.6607457009428437
-0.030620674472151214 -0.0025383297486540795 0.056 -1.7411132604780541 0.03963107283437797 -1.6682258483205603
-0.030858725851020747 0.000442621704015083 0.056 -1.5370278506094963 0.013040785807056116 -1.6225730741877147
-0.03400012340749568 0.003870506565553376 0.056 -1.6754897072070427 -0.10131113054944149 -1.5153085477879822
-0.048172620870084566 -0.005524576263359813 0.056 -1.6096975389644557 -0.11591896460973872 -1.4616441491673957
-0.03566746911518301 0.003814335048069434 0.056 -1.656522577451041 0.04571413298445501 -1.616840434179465
-0.037571190928196135 0.017163497578988905 0.056 -1.717637905398946 0.01774852067989552 -1.5855128176160496
-0.03598953004370162 0.005608343867677643 0.056 -1.5878901103229444 0.040518400618519246 -1.486144264745942
-0.03671588989305157 0.015840910002090286 0.056 -1.6840346604316074 -0.06146201295749501 -1.5984002150685037
-0.04729155407735515 0.0043684420038332585 0.056 -1.7057763545011229 -0.21031892457706025 -1.6672956764995912
-0.037158438705341565 -0.00606315626879903 0.056 -1.6561350804698018 -0.09089807074680024 -1.617489266319952
-0.03860282037584209 -0.005941398230702441 0.056 -1.6847654671920276 -0.13369669397639256 -1.7227259804937736
-0.02770463006348664 0.018496892804750448 0.056 -1.7316668634286936 -0.19293877436206452 -1.7009058426810841
-0.03634966599630682 0.01530360858942643 0.056 -1.6176594203293087 0.014939635096785503 -1.6680486678250381
-0.04841274167949538 0.008368100807782155 0.056 -1.8413944215305311 0.07672096790258845 -1.677034746084304
-0.04165565224976875 0.01680152925808346 0.056 -1.7253706713930783 -0.012585111442231026 -1.640650684502388
-0.03721081075563287 0.01667870875442061 0.056 -1.6094240206061254 -0.030318465349675014 -1.4635770773741335
-0.0458394314899863 -0.007224440021470926 0.056 -1.7141177233294618 -0.009971978340916732 -1.720220276993101
-0.046729472640088414 -0.0026015800882818073 0.056 -1.61638328932382 -0.08568286319580956 -1.6250843645914546
-0.03036088960997458 0.00393417586321961 0.056 -1.650335935201766 -0.1842049766652623 -1.610733618074144
-0.03877842155405922 -0.007806515070683218 0.056 -1.555264875143111 -0.02601254630242441 -1.6027831457475472
-0.03996443428666047 -0.005499066898931641 0.056 -1.6715288692605046 -0.11634581084594947 -1.6763809482379213
-0.03208709553597741 0.020704141852697915 0.056 -1.689901670232251 -0.005424287920165166 -1.6954717532988715
-0.03001980410144901 0.008632570302158962 0.056 -1.7297629419349585 -0.0020944896246494066 -1.7225176461689726
-0.03497447524458754 -0.0011309209783798083 0.056 -1.6975014302285867 -0.11498846866175945 -1.5656601099897223
-0.04547183063611172 0.00565475088493572 0.056 -1.868872997789902 -0.03193955582217989 -1.6738766218143444
-0.053509734169172866 0.0016770496797237286 0.056 -1.6520357344877947 -0.08940588307541102 -1.6418391507383798
-0.029937781300233137 0.02128342744144423 0.056 -1.7007295007844765 -0.14709624185824638 -1.7283223370550056
-0.046816257804331234 0.008585109844080485 0.056 -1.6889562097432236 -0.043488685940125484 -1.6992585330548964
-0.027786815312181908 0.012343285545549131 0.056 -1.8535573927390638 -0.09031031006327224 -1.630609094592359
-0.05104047012229097 0.0028078315628023813 0.056 -1.6201928941238712 -0.0735987202868923 -1.8150161682270463
-0.03108359963771668 0.0030784544371077367 0.056 -1.54058915834282 -0.025291081433819536 -1.679587555425623
-0.02894151609885805 0.013881068944758901 0.056 -1.5999804622206137 -0.03162914381055612 -1.6247369201985458
-0.03664658059783145 0.016438389381706817 0.056 -1.6557389048228068 -0.07860459034560577 -1.7729977371164551
-0.02812384041321469 0.017358681682860533 0.056 -1.7266888990365623 -0.009998348201500681 -1.7317970365887578
-0.039234492017266684 0.010711397830737617 0.056 -1.6799548271351372 -0.07367175930282872 -1.7931041531677696
-0.03308943451504546 0.0196587482507811 0.056 -1.700575266326216 -0.00019896678581075855 -1.6421592060407413
-0.04131734786781667 0.013812814899820535 0.056 -1.6265150673371902 -0.0914297098490008 -1.6401870029371988
-0.044416119293671855 -0.007696780454112518 0.056 -1.5829014649513438 -0.12867480000943549 -1.643793733491965
-0.03910175199899487 0.005512966340536003 0.056 -1.5478962924014736 -0.06165297856254846 -1.6448075738308432
-0.0345810606590551 -0.006101626328066149 0.056 -1.5933061388025722 -0.10493638903693495 -1.5090378425682498
-0.0401777634425903 -0.004674000994228984 0.056 -1.59466339277769 -0.13989299107205855 -1.669380934115305
-0.04288389157780226 0.0009781640289802055 0.056 -1.5625834323449919 -0.10386435446712006 -1.6201969782796877
-0.03677812448687137 0.00445224477969511 0.056 -1.6131882253084875 -0.13855100652080501 -1.8308786150043628
-0.04279977214563083 -0.003556010749391391 0.056 -1.5830203883410245 -0.11528795268982822 -1.8813138749709744
-0.03820804754828386 0.018030518716316293 0.056 -1.5946599999453497 -0.09787161298642252 -1.7258377017518658
-0.03870988035156222 -0.009651792080633177 0.056 -1.6572553696058485 -0.18381214755712286 -1.7768052619086414
-0.031314858367208 0.01980485530435916 0.056 -1.679337333217604 -0.08503510736556578 -1.6613940384455015
-0.032617196804876264 -0.005817472884839752 0.056 -1.6576099039433965 0.0036434814085725964 -1.7048568369731854
-0.05073763592657397 0.008500515253028916 0.056 -1.644075649815576 -0.2541187604515912 -1.7854325135578568
-0.03628326578421463 0.0020701270178592884 0.056 -1.61334299793476 -0.21026177395917245 -1.6545011864725625
-0.03716018708414835 0.008609832847024405 0.056 -1.7091714241199432 -0.1291110652266629 -1.6918744141077533
-0.04428535625465263 0.013053360733731754 0.056 -1.7805124367879888 -0.18582201582794572 -1.5894236619229838
-0.031130085534326134 -4.993404961045958e-05 0.056 -1.5911674803219178 -0.05610416268011279 -1.6608122743802667
-0.04076886957183248 0.006764331789875981 0.056 -1.5665506424981177 -0.21221602508016224 -1.60443599432138
-0.040701570282603516 -0.005893381899867389 0.056 -1.582852027231617 -0.14013839800390698 -1.7171850670337743
-0.049377043307385425 0.0006580472496558153 0.056 -1.5829058019642017 -0.13323431501132837 -1.6694214927033062
-0.043828899074318826 0.0008924808753237139 0.056 -1.6234824190380246 -0.09949622894192088 -1.6243313428617052
-0.03921010306541402 -0.004615331735764334 0.056 -1.5198269851958832 -0.13261391280216112 -1.5027532131872834
-0.03017975765943327 0.014576104250976668 0.056 -1.6329874236455104 0.0036534688800190646 -1.5797635432976556
-0.03189267762866182 -0.0027777125900731274 0.056 -1.5149667375792817 -0.17320958749055823 -1.7346167934617367
-0.039054052714059 0.005069756281696251 0.056 -1.6092545676113372 -0.058218690367077636 -1.785164014791573
-0.04694686362061302 -0.008490938101215791 0.056 -1.556203549169061 -0.027129758056651652 -1.6645791229687172
-0.039571431629593354 0.005972169857491326 0.056 -1.8076616237268102 -0.08270323145727121 -1.7779419058704908
-0.04590047142838548 0.013415540823836296 0.056 -1.7371009725647175 -0.14520113858010214 -1.7182498982423795
-0.029888052772004035 0.0025638686715919925 0.056 -1.7357429807403268 -0.15424030456174662 -1.6025950617692704
-0.05096130183737019 0.008740489002685021 0.056 -1.5320486554893704 0.01448301383893967 -1.6590516466046896
-0.049141652969946485 0.005086550093210223 0.056 -1.714880531776717 -0.13741984249166658 -1.5801688715161266
-0.03159830125712753 0.0003444154876325843 0.056 -1.7015927126631727 -0.12757612518186429 -1.6288063113505442
-0.039076550741242104 0.012431287441408789 0.056 -1.691611310041525 -0.013572677732492183 -1.6835639927630774
-0.03997583075545724 0.011015252671547645 0.056 -1.837104991735954 -0.07904169497166687 -1.705472463154885
-0.031571776944307496 -0.009309243978631645 0.056 -1.7657723597104644 -0.0483484387037032 -1.503467208770473
-0.03754217415502892 0.00946887940489652 0.056 -1.4946428094573907 0.06927081790927092 -1.5493199746093018
-0.029276320995427527 0.020511045008740257 0.056 -1.5809632164688963 -0.15305349167321355 -1.7892199367857895
-0.03220876645232818 0.00967957494552635 0.056 -1.5513852210606422 -0.06728670548105842 -1.6998580745934813
-0.04238644884902731 -0.006231674918102817 0.056 -1.5601472971446264 0.0637946667285691 -1.70375419705823
-0.027536258261178163 0.018997135124515598 0.056 -1.677410572273997 0.01986960569654163 -1.6341384450907332
-0.05133101753110459 -0.0015003638826321906 0.056 -1.5963223290471358 -0.1538817197544894 -1.6064560154174536
-0.0375325608849359 0.018681749885607217 0.056 -1.5416199112664948 -0.060614574478544896 -1.661368333952115
-0.02879403026339991 -0.00785186642971691 0.056 -1.5750893694999948 -0.11664129361184465 -1.6167059755230007
-0.04519435474047362 0.013709697942665114 0.056 -1.5241365095941943 -0.0767617899215984 -1.6843373804755843
-0.04226671906644533 0.015792403137459263 0.056 -1.742075053025408 -0.11769811440636177 -1.6172069204582913
-0.03764308718508557 -0.009313937092738549 0.056 -1.598123285171931 -0.0854168432250616 -1.681761098043198
-0.034672270000172506 0.006098143224122844 0.056 -1.6631342674726006 -0.1105683897086254 -1.6101659410055005
-0.044245450916367064 0.01323513863918452 0.056 -1.7004129687748795 -0.18633507114177186 -1.652902226236026
-0.04747082724983902 0.0038434602325034158 0.056 -1.6556430646495919 -0.12511124642985877 -1.684217068304811
-0.052690232888734326 -0.0011946710322169474 0.056 -1.6458964560681917 -0.11171922323743147 -1.5221254276041647
-0.041560674077450815 0.00785541792708542 0.056 -1.6927097763219268 -0.20252080455056024 -1.5961391995448895
-0.03129783501658588 -0.008801877831970902 0.056 -1.6466703626656973 -0.10873480886675244 -1.7999243095248707
-0.035325414916510416 0.01912544008720065 0.056 -1.766826162980916 0.10135619862012557 -1.6177696944464455
0.02871355891496146 0.006561587646250909 0.056 -1.68357097246862 -0.17705440836821987 -1.6497209074571026
0.048330020396913045 -0.00551213374684025 0.056 -1.7667409227856492 -0.09801187913550674 -1.7299711368291368
0.04921618700357254 -0.0021338184972234907 0.056 -1.7406539723943393 -0.08242949085297091 -1.6452889404987343
0.028589550513792084 0.0063795166592582105 0.056 -1.7340863935693263 -0.0797517506550185 -1.761244680528392
0.030474363621466674 -0.005799972694639666 0.056 -1.5794171267326265 -0.07037436052490822 -1.6406914318959671
0.034114647940107566 0.014961415677365206 0.056 -1.8290181035460038 -0.09760969720203241 -1.5686169504335767
0.03497355297039505 0.010411851567956472 0.056 -1.5413211297962104 -0.08799874335592084 -1.716731786004352
0.04078619350910481 0.005899785819322751 0.056 -1.701571059377024 -0.15133205556516569 -1.569797230931382
0.03586505832507819 0.01296322001139053 0.056 -1.6074806166553397 -0.1954294793033551 -1.7071197385920611
0.040797974921267674 0.01404216547412601 0.056 -1.6138058330735983 0.09383630086115682 -1.6557974487470413
0.0339882504004282 0.018634811200358793 0.056 -1.8009670116034484 -0.09042165594921822 -1.7231587986349055
0.03707009062083284 -0.00669473566277658 0.056 -1.8169909092390362 -0.011015195950156945 -1.6663427807089604
0.042603958956161085 0.01181304672962656 0.056 -1.7698162376629953 0.09089818842332095 -1.5569284175925984
0.03296451321256906 0.01456292926398437 0.056 -1.4008610760436133 -0.06818467852774857 -1.5778661085974377
0.035606391741656 0.013757990208588101 0.056 -1.687869998107858 -0.09831201135160972 -1.8461145046624112
0.031102419716717736 0.00979947976806987 0.056 -1.5955382671304903 -0.08740747150533339 -1.5915803684965795
0.03283034735448206 -0.005461583479802311 0.056 -1.5920438042788736 -0.12393389959231793 -1.6101561347043567
0.035202401863985835 0.010234041241673776 0.056 -1.7573489121850616 -0.011153990668624228 -1.715156315957247
0.03575531781559351 0.0009770764611358885 0.056 -1.7117945075751744 0.09773835446877385 -1.8000980002208038
0.031708032973633914 0.014250288096985931 0.056 -1.5338215881577835 -0.147422597842754 -1.573885054261773
0.05315259232935127 -0.009864894260928356 0.056 -1.6058111786517282 -0.17002195548539098 -1.7047805067591995
0.04183347299760529 0.016454931353238243 0.056 -1.5705917400805613 -0.2444512433960318 -1.7917164262007672
0.04020311654779307 0.015179839039582902 0.056 -1.7895297412740385 -0.1404210596164611 -1.665493536846379
0.04951496155949397 -0.005469018821854531 0.056 -1.5513516134895873 -0.10808268671490667 -1.675226847307891
0.0315734398791095 0.01873700855972519 0.056 -1.5882804579862586 -0.050285332094922364 -1.6562971091558045
0.029809693553130023 0.003421262976041957 0.056 -1.6392093829868246 -0.1180533323203079 -1.7003789882130276
0.029068911513027377 0.01146732420026625 0.056 -1.673719211594574 -0.06765814333782044 -1.7010178877481368
0.049338955594823417 0.0038340850448288673 0.056 -1.6179457528366197 -0.11645106377231507 -1.5802839757938942
0.044263431522114254 0.001616407974553622 0.056 -1.5666497977419949 0.017786156624439234 -1.73652788501856
0.03157696625698221 -0.004251756184446546 0.056 -1.6693522010910653 -0.08913558288273975 -1.6736706496422693
0.04533328183819954 0.004085255601577032 0.056 -1.3830543543573248 -0.11352668039771227 -1.625901460609227
0.031436063216263556 0.008441885197713475 0.056 -1.5581470980486958 -0.1636956215923443 -1.7039201830150132
0.05254210292158107 -0.0038586235030319454 0.056 -1.5460337330712297 0.03436077866137109 -1.7280375461573843
0.04087627039843548 -0.0008719913877364045 0.056 -1.716704905301183 -0.12411917891617585 -1.6219827837117564
0.03299367264381865 0.00487450827330908 0.056 -1.665305737349133 -0.14062256910737939 -1.7600724615561685
0.03403870798338438 0.0013161617693491327 0.056 -1.598727928779637 -0.060212293705201314 -1.6987591667930724
0.044248120924286316 -0.0007385183250970349 0.056 -1.5497189075554563 -0.004266239845525696 -1.783109055858613
0.050312235656369955 -0.002090595517114222 0.056 -1.5846422050862432 -0.11561064056675693 -1.5916199819782935
0.04494544603873326 0.010575102404548517 0.056 -1.6357624624604765 -0.10777059630799367 -1.697767497236831
0.04308496177830411 0.004683579211316721 0.056 -1.626554660696787 0.0122518905202567 -1.7034471532367879
0.037341097330172775 -0.009166841409122462 0.056 -1.6980521411438154 -0.0690994386955984 -1.6470002314857286
0.03745864761722946 0.011205797108559174 0.056 -1.6913555500133048 -0.16053491186402244 -1.7185289625645384
0.03445791259842188 0.005203960994453459 0.056 -1.6908863409601818 -0.07784704545420827 -1.7432528498758917
0.04591023190735723 -0.00016788176554608653 0.056 -1.665888684076089 -0.07321997773013562 -1.8172007332543814
0.05358052997754728 -0.0036100396016415914 0.056 -1.6203479430778858 -0.0869977386953387 -1.5629935182119419
0.03448028905620149 0.0014997545592227938 0.056 -1.571767871560527 -0.007788863825995376 -1.5736128545568142
0.0331236751587146 -0.008503121408520883 0.056 -1.791008275719123 -0.11213965442575037 -1.4537993538709328
0.03365280785453338 -0.000711024766887048 0.056 -1.5967650218547818 -0.1772400081945828 -1.6041979002485156
0.04057157690770783 0.010722800514402027 0.056 -1.6773356909836226 -0.11871020412717745 -1.7203503347475912
0.05333763769873662 -0.0008257722945908749 0.056 -1.622428965474169 -0.21853356339185245 -1.7291114049382386
0.02834942437882159 0.006923343427265688 0.056 -1.728060062537324 -0.06313937938840605 -1.6611556978699493
0.043147776582123626 0.009024717109880289 0.056 -1.8320694308642655 -0.24803104754154956 -1.7080776972551404
0.040398166341027976 -0.004850862762528245 0.056 -1.6220660503688862 -0.1318342174611391 -1.5241087553088033
0.03214219202666347 0.014860526889621929 0.056 -1.76391649379353 -0.10174559574563995 -1.6489268400878623
0.049510129002800565 0.00041517062589116645 0.056 -1.5408721313122813 -0.13360715437632933 -1.671833024540934
0.053811833655186964 0.0018952728014359054 0.056 -1.7101083019281622 0.12580751474699362 -1.6075414026509514
0.04731614911676044 0.010034899514202706 0.056 -1.7015685944601295 0.008628940227577472 -1.6612094014174683
0.04397392870492396 -0.0032353158251259588 0.056 -1.6283331517051378 -0.03592560854213393 -1.5786635342916588
0.03343827012525165 -0.006124534781819154 0.056 -1.7722422524063703 -0.19223556470829495 -1.6306391624731946
0.047675042713427804 0.010247085018002094 0.056 -1.5820416700569804 -0.08576907632286224 -1.8290265934644745
0.0386934620964204 0.01701249431445139 0.056 -1.5873409247829477 -0.10356247102622965 -1.5691128908090797
0.051740105962733166 -0.006120189436963325 0.056 -1.653278388324001 -0.17623440205385776 -1.722701026467667
0.027181791805494418 0.004310124679722109 0.056 -1.8955625237418676 -0.0505822112538118 -1.7225999130160192
0.03622348586565302 0.0054199392562787815 0.056 -1.6215418731315314 -0.196217092363574 -1.7560307408706426
0.030479357429675422 0.00946437864452592 0.056 -1.6113256005832857 -0.037936395490779644 -1.7992582441900598
0.04482443049429458 0.0015945228442687982 0.056 -1.716643713966972 -0.04688252450132546 -1.5303321359627025
0.03847711130708048 0.005876560309646816 0.056 -1.835260358100059 -0.017566758073791378 -1.5958861009494103
0.03895797399477574 0.017749132375935985 0.056 -1.77135984646638 -0.026470321717754992 -1.7846242536146801
0.03847960597717988 -0.00630163092114454 0.056 -1.599904808608453 0.011014875331784177 -1.6493202442159165
0.04913254694346916 0.007085667977489567 0.056 -1.7152500955626167 -0.3008119866548192 -1.7465652198880766
0.02900933084631422 -0.004380141791435081 0.056 -1.5613270348480015 -0.20623668340013618 -1.518465631273013
0.027709981237007575 0.019221841038780968 0.056 -1.6204593447549431 -0.0773601342815958 -1.7563226197455213
0.04927905965365165 -0.005273506794021183 0.056 -1.6607301395685283 -0.25106133930433455 -1.553367601168057
0.04057290945463991 -0.006414607005228112 0.056 -1.6748478415354313 -0.17867902159939048 -1.632943745590626
0.04073408836211752 0.001359640588927201 0.056 -1.6123484815485902 0.021427920116071864 -1.6266713526200363
0.028074489741619826 0.0009356791257484516 0.056 -1.606581932634845 -0.11068455702000413 -1.7924980771847663
0.029449585641170332 -0.004835820337513748 0.056 -1.4658901119392056 -0.19640296372187915 -1.6705763570338352
0.03401885663162567 0.012216013383409744 0.056 -1.7741617143229567 -0.19875980151125883 -1.6494664880116274
0.04682800353020394 -0.009715877568242295 0.056 -1.6719760691849124 -0.01336948939354339 -1.611141390610019
0.03167924509046047 -0.00839020115355669 0.056 -1.6073870668646004 -0.02039569113878939 -1.5472130203923948
0.03246977325680158 0.01059544554848744 0.056 -1.660457251060824 0.022521165008711708 -1.6522047404709908
0.028786259164862046 0.004003447666006774 0.056 -1.5242847833956075 -0.0672614529133895 -1.6925494087251036
0.02728218058642117 0.01243500355373058 0.056 -1.5590454132643337 -0.0903483498618087 -1.7124108622056693
0.04668226945299454 0.004881393747652488 0.056 -1.5997801612052143 -0.18969417252704032 -1.5682949991863042
0.03163663326018744 -0.006325263439572499 0.056 -1.727323960790138 -0.04174001368834059 -1.5749571336585075
0.02833010842666487 0.0071713713122000654 0.056 -1.5752665295561892 -0.07241690676471932 -1.7119926959524778
0.04228791748931658 0.007526569306842314 0.056 -1.6099749205290752 -0.1443678083322368 -1.632760719186097
0.041777950378321604 0.01002512382463097 0.056 -1.4732658135473538 -0.11031958813397912 -1.580609816576184
0.029780234141546746 0.015242596720572857 0.056 -1.5359575700709502 -0.03581031341851245 -1.664563433712213
0.04902061494127789 0.010081971585152534 0.056 -1.6640187972803695 -0.06768150067505471 -1.6908370506117456
0.029236484674812702 0.018014736334629543 0.056 -1.656958680841272 -0.023051481425294784 -1.6076093146933652
0.027644498558799066 0.000961812150749258 0.056 -1.5623426057940355 -0.02599073715235941 -1.7037248785756343
0.034954208629232576 0.016834937668374073 0.056 -1.5537275280345761 -0.03375960482516532 -1.7472015615367078
0.03436753375523357 0.008609561399747041 0.056 -1.6649586397789555 -0.15199222312552324 -1.6242512319176972
0.028930781462963608 0.017881179421217745 0.056 -1.60062317337016 -0.21585273301674257 -1.6060099808514023
0.03647641626764721 0.009022226805419054 0.056 -1.6478331193264837 -0.15741247503154088 -1.7029739085274382
0.02727803289705742 -0.00978109104436734 0.056 -1.6112123253463628 -0.08974826921488624 -1.5454068774364147
0.05196028702539864 0.005279069711100912 0.056 -1.5284592815943867 0.0036764371063374157 -1.754699989194023
0.03746569386559258 0.004749412045886605 0.056 -1.5832918339062299 -0.010996434103474603 -1.6158925576567256
0.04217419115333772 0.007762014508177621 0.056 -1.5344491959680973 -0.0268207090313117 -1.5107881337263867
