-0.05450162749027029 -0.00790233734575316 0.05745 -1.6127672617359514 -0.21138569719337058 -1.6213181875798681
-0.08505016728837098 -0.008461908444655782 0.05745 -1.6862553866217966 -0.027118390821610647 -1.623938548883703
-0.06342524105363154 -0.0033196263337051625 0.05745 -1.7474841022967675 0.11408799090791305 -1.7297484031167982
-0.07379188889088072 -0.004581945922712459 0.05745 -1.7443043717727578 -0.06803371058563977 -1.6260180517476082
-0.056479840849858604 0.00439807699258409 0.05745 -1.614435451847107 0.10956773812057005 -1.4529372815654682
-0.06744031211943494 -0.009737298120505299 0.05745 -1.6202304992404901 0.022268029658077476 -1.5851440074484657
-0.059430121075936745 -0.0041574336450667495 0.05745 -1.7128181730491137 -0.04477500215096287 -1.6408324460398986
-0.05844751023359523 -0.003943982028045284 0.05745 -1.7463584362419928 -0.2754970087271833 -1.7996557019358297
-0.05419560538872773 -0.0054232392394978285 0.05745 -1.6288303751185387 -0.06328145103810999 -1.7481826031272836
-0.07097017356574667 -0.007315747071978851 0.05745 -1.7665307502172942 -0.07323924242493925 -1.7585439773351372
-0.06599491055399873 -0.0033812074210910073 0.05745 -1.784505849862232 -0.07149656176483685 -1.8218511461191156
-0.057334325905491375 -0.004356343761889988 0.05745 -1.6018578924915967 -0.01549399875713954 -1.702043088149125
-0.05661795556881321 0.005321811700917556 0.05745 -1.7554611270845908 -0.12571828609370492 -1.6952316855203113
-0.06250742566531348 -0.008819354306688277 0.05745 -1.6619327819994036 -0.035595707802929685 -1.66950555019515
-0.06130828035045937 0.0004909101123894335 0.05745 -1.6314306004070844 -0.016360327057213297 -1.629091413498463
-0.07732507629808077 -0.00843352769169322 0.05745 -1.7118486502947996 -0.20206968185608398 -1.5667875660872146
-0.05736992133610185 -0.004432031043183769 0.05745 -1.8145105390956713 -0.13705724477171607 -1.636994263211018
-0.07013508287439069 -0.004683304425424052 0.05745 -1.591870473170874 -0.10087602792268209 -1.6183700233186382
-0.08401101270576775 -0.008271911022483362 0.05745 -1.6435993587544302 -0.12305932851939712 -1.5163264786070918
-0.05699065368062813 -0.0001834801225661653 0.05745 -1.6742815137522449 -0.15986012351675372 -1.5104836935503483
-0.07239385704750552 -0.009761479450257972 0.05745 -1.6594881533954364 -0.0897487799606501 -1.6327438944986727
-0.07304283252913989 -0.009225807458679158 0.05745 -1.7029490389072337 -0.15539428770965452 -1.70361108880945
-0.0602765031944881 -0.00936521064801667 0.05745 -1.8573286391905501 -0.06809445425586319 -1.4984797874806448
-0.0630868621150867 -0.001663998449440639 0.05745 -1.7539708747086087 0.006924787914457345 -1.658137064725504
-0.06474767215116639 -0.00692722377678736 0.05745 -1.6602045374597558 -0.0033114232818246825 -1.6728936066394582
-0.07083335518856707 -0.009584824488885063 0.05745 -1.70381631484852 0.024742837189486028 -1.57194936800457
-0.055020182697306505 -0.006060320274606886 0.05745 -1.591697150160936 -0.13742783858226176 -1.5680601003890762
-0.05925547383032591 -0.0014035995242405366 0.05745 -1.6844076585706902 -0.26248967096842224 -1.6925979935219855
-0.05536957457632477 0.00402133063028463 0.05745 -1.779765769024899 -0.03822253778450244 -1.6712091511644815
-0.07090924933906564 -0.004937082067721642 0.05745 -1.6719565882724425 -0.10059043624346409 -1.6973545183850036
-0.0559567133922749 0.0035214129470890615 0.05745 -1.7477793802579635 -0.09274290327589399 -1.783048768687581
-0.056057670168469256 0.004237297052211302 0.05745 -1.6559379515490853 -0.07755367429272479 -1.4937708998015942
-0.0748588559517765 -0.005296706450967371 0.05745 -1.5523862404158661 0.0010696293851654715 -1.68072998788321
-0.05523544050767576 -0.003735716541405653 0.05745 -1.735615394600111 -0.12353072141845839 -1.5888028901575297
-0.05481531231006017 0.0027331907409299822 0.05745 -1.6461711256579852 -0.0351034757518397 -1.7290870893921197
-0.06125748128897765 0.002835735156520462 0.05745 -1.6897530994553598 0.06668291418447359 -1.8413882775459758
-0.06323469767650025 -0.005297851305194859 0.05745 -1.5741929171358984 -0.08482407042918579 -1.5698204631881791
-0.0623160738184781 -0.006382872141678356 0.05745 -1.4959954195679923 -0.020883205580282324 -1.659459201045491
-0.0642290963378086 -0.006401415276237884 0.05745 -1.6323662427022414 0.002658862312673954 -1.523763443916193
-0.05561306921711949 0.008262183573097421 0.05745 -1.682056192062023 -0.2280856167121868 -1.5935561653898969
-0.07359371200347638 -0.0037024391202150567 0.05745 -1.6474834107193062 -0.09093574649521312 -1.7501742006629988
-0.05824937001374395 0.00032262491361176315 0.05745 -1.6569913457162686 -0.054080100357739774 -1.597529782252728
-0.06831740840736153 0.0001447718495915344 0.05745 -1.583609115127372 -0.03338782149465044 -1.6592336483355752
-0.06251908556493828 -0.0032752024385772037 0.05745 -1.5336980672077596 -0.09036441262787319 -1.5080038424793227
-0.08471382718379335 -0.008939594913248028 0.05745 -1.691207196125544 -0.2145064259135871 -1.7068426824030052
-0.08573052471147655 -0.008493430538522093 0.05745 -1.51022066155405 -0.15532617254864556 -1.4893676310853157
-0.06468728585384775 -0.008682722358299606 0.05745 -1.692554791450329 -0.0597264268280363 -1.5874942159511825
-0.06677555590156595 -0.009621732442853479 0.05745 -1.6776576717551865 -0.10243587255695624 -1.6319872072305108
-0.06313763198021785 -0.0022544549526395076 0.05745 -1.5817778217302263 -0.26070156333850014 -1.860466023854955
-0.05452604519045603 -0.0058758506995471105 0.05745 -1.6367285631969082 -0.0030391174928803277 -1.5720953807840012
-0.05562618929828465 0.006547963913136974 0.05745 -1.5792891585902378 -0.12886768064954324 -1.706425194738239
-0.06043502120009006 -0.008087271697855836 0.05745 -1.6247563091039916 0.003880472239032942 -1.764200219588644
-0.06909157635672812 -0.0006425906660049909 0.05745 -1.6728459751492926 -0.07294760047432093 -1.7155024305316444
-0.06444605987747785 -0.00896236281246771 0.05745 -1.6303753256601519 -0.10786781121829844 -1.7670103782516633
-0.05826571232351256 0.0070660700924831624 0.05745 -1.7077158632447957 -0.17200255144200685 -1.6553499045377735
-0.06517723140488156 -0.0008944990649548453 0.05745 -1.5356065762765765 -0.035082546364900186 -1.6688876498638354
-0.05452267706123218 -0.008576084837491265 0.05745 -1.7642260561008083 0.038915541592169506 -1.6917212061767197
-0.05685807341313371 -0.0005557144139179369 0.05745 -1.7461002904236582 -0.01465091645594109 -1.547500462928611
-0.0604511649103871 -0.0023687622889428063 0.05745 -1.6533438271693188 -0.018471252923079967 -1.6346882743219733
-0.0783091231482 -0.006494102594278944 0.05745 -1.8061087833727123 -0.05656412139686933 -1.6845483795594864
-0.0753143826816749 -0.00365212878496671 0.05745 -1.6850878154114208 -0.037407717129104616 -1.5262220328794516
-0.0877264178606312 -0.009110773250781884 0.05745 -1.7397005176715876 -0.14448775362462005 -1.728410486907057
-0.06335256525778019 -0.005345779842212871 0.05745 -1.6774066723659513 -0.10535032812248352 -1.8053087754012
-0.06617132273552204 -0.007727386434694131 0.05745 -1.609322736378305 -0.026579346266837882 -1.8269764553670587
-0.05876408849733548 -0.007372510277889029 0.05745 -1.8686967943588768 -0.0735452094038055 -1.620331355070416
-0.08803551856749782 -0.009026009626202008 0.05745 -1.6124079711099173 -0.15015413144924847 -1.7232840638516558
-0.06930375913498962 -0.0023402891828628375 0.05745 -1.5390742471460461 -0.07053701600806803 -1.5785632052207732
-0.06826887491198513 0.0006909750564747293 0.05745 -1.7485810649649722 -0.07538973988088296 -1.6662559730654205
-0.07850970874752786 -0.008031789616810562 0.05745 -1.5656512065472208 -0.1912436459688556 -1.8033123587073177
-0.055375820169149964 -0.004806260988413417 0.05745 -1.703557744620767 0.046438303404931464 -1.657611143908193
-0.06495985306533339 -0.00943591651037867 0.05745 -1.6781631325337916 -0.10529056572000595 -1.6377721882471734
-0.060637487640699074 0.00026540757762524847 0.05745 -1.662273214788108 -0.07749338248221038 -1.8070833107644166
-0.05692644861562565 -0.00024958513285973545 0.05745 -1.6429742035581496 -0.07614136583786163 -1.6354016449158204
-0.05912188216500689 -0.001913287666083608 0.05745 -1.6935430368241418 -0.012359122356274996 -1.6976438342695446
-0.05819836518060818 0.004484490441999589 0.05745 -1.7413528300379628 -0.1760167682810428 -1.7161196532087521
0.07414554157574926 -0.0057231727256524196 0.05745 -1.5888300839740592 -0.14672497693164405 -1.755466162206357
0.06942324813451398 -0.006763816118858575 0.05745 -1.7442978417962096 -0.19307817278063777 -1.6109391200171577
0.07006112172222395 -0.0030347532628887354 0.05745 -1.79695129347874 -0.0647156697514268 -1.6326023156100562
0.058865755447275896 -0.0030640443047224184 0.05745 -1.7434973405455851 0.037424765671193475 -1.4837877190920965
0.06281652754638443 -0.006913307838780245 0.05745 -1.644118054479461 -0.0938026023321593 -1.7923972180261305
0.06329709197416246 -0.004203660971259005 0.05745 -1.7406730065075726 -0.14259144135383278 -1.6689376717064794
0.07311357600445273 -0.002267764330228325 0.05745 -1.683248704037757 -0.09222586889424561 -1.522830342430412
0.05751432453184424 0.0010102561640452298 0.05745 -1.610475919439102 -0.24446928779581725 -1.534618692904403
0.054000377695591004 0.0014234920737365101 0.05745 -1.6218383364685625 -0.040526015960939264 -1.5604805621274311
0.06512112900647571 -0.000847704001205216 0.05745 -1.5926724452771557 -0.18011905026684846 -1.7003068496435565
0.05927195979889156 -0.002850276451121855 0.05745 -1.7067210407262479 -0.1564014599762012 -1.6530741961564936
0.06915808907003274 -0.005563521246974784 0.05745 -1.663240525945349 -0.10879275958810534 -1.5824900052883677
0.08402886526802959 -0.007276203580084684 0.05745 -1.4714142648856083 -0.03255099866459656 -1.8076182826690492
0.07745128968642578 -0.00791317511689641 0.05745 -1.5766094431840623 -0.09126806120533562 -1.7422981738406966
0.058695494571063316 -0.00194016594486102 0.05745 -1.697903627579004 -0.23607508406942926 -1.6980329086759158
0.05989806115599651 -0.009458340400862714 0.05745 -1.6406262076653761 -0.05516139357083937 -1.65372610496777
0.0615200657751152 0.0018862469422027614 0.05745 -1.8452432459443189 -0.056046572745910114 -1.7925805204265672
0.05765499515952365 -0.0038903590818529154 0.05745 -1.6109501733491653 -0.016261707566208594 -1.7398140404231162
0.0721247736404898 -0.0016574597541438117 0.05745 -1.5428399899146075 -0.08092871296245915 -1.6418998271466532
0.061224435119362784 -0.0005202247977272086 0.05745 -1.6891951206667912 -0.12905057521668845 -1.6991929612110588
0.07052307700131773 -0.0011270732417796511 0.05745 -1.5998586791081515 -0.06509520299243739 -1.5853145974251233
0.0567494550775509 -0.003575890824441529 0.05745 -1.6282497660407533 -0.1621089625994689 -1.7600270799022448
0.0672219041552321 -0.0040326202464038095 0.05745 -1.6372162297842954 -0.12528929279816292 -1.5088856068886027
0.08046057537588211 -0.005063550502000925 0.05745 -1.6654227519365263 -0.06418100111092133 -1.753768786911043
0.08216277207286303 -0.008907925289540528 0.05745 -1.7251354412871422 -0.1069690429674506 -1.6955069619443068
0.07481769422000663 -0.008011475009805175 0.05745 -1.7035745380433056 -0.04171603167444387 -1.7083610904025068
0.06984204611092305 -0.0022699850352109587 0.05745 -1.7193731837244324 -0.08169152446397912 -1.5965131661094396
0.07464511012586028 -0.005781131900450017 0.05745 -1.6114844260036838 -0.13928930327308378 -1.7247723773948853
0.0770095076814011 -0.006299511695254532 0.05745 -1.7856169614424462 -0.025081221403276052 -1.631003216682216
0.08711426448170179 -0.008529024896088857 0.05745 -1.6459027876649406 -0.12836578073269272 -1.6800716195797027
0.08198279218306184 -0.0073893480218847635 0.05745 -1.7454859391823223 0.13830803310306267 -1.59812658328975
0.07217214121041693 -0.001284526675339872 0.05745 -1.6325766180806534 -0.0906675631793376 -1.4779885896625469
0.06819514399631127 -0.0009359654152505704 0.05745 -1.6310913896681807 -0.25024277423453467 -1.5821200213571793
0.0719403801234623 -0.007211768948679583 0.05745 -1.6246546564054856 -0.09277186423283901 -1.755328657956548
0.06884239647219968 -0.0033550240975669396 0.05745 -1.671902231113046 -0.14079760199449576 -1.6834928342795705
0.05531982144815356 0.0037987661962927237 0.05745 -1.6089563217570824 -0.10822689641228286 -1.5133897413005604
0.057789782226824626 -0.004686931434571066 0.05745 -1.814917935660445 -0.016666125879288743 -1.714581130473485
0.0605408982411102 -0.008614325151442274 0.05745 -1.6721319576805083 -0.06365938078094774 -1.7775393321603152
0.06884458959897223 -0.0053753934637733826 0.05745 -1.6371499703054468 -0.262499716741045 -1.6097467107608807
0.0571913849987551 0.006548427841773475 0.05745 -1.436212182039595 -0.06607605477683766 -1.6748656507193234
0.06689762029794137 -0.0055938561782235535 0.05745 -1.6402540984989387 -0.15198023624773846 -1.5371351683906411
0.07466196930570365 -0.008589253079371986 0.05745 -1.669151559976835 -0.1376821960948689 -1.606090833102428
0.06339371274841231 -1.6290251517116563e-05 0.05745 -1.5442611943245887 -0.030825684693932202 -1.6917654248515632
0.08692328741229396 -0.008933047331049564 0.05745 -1.6076268507404834 0.07040208186186134 -1.7407658178878311
0.05830216756772051 0.005414352301802074 0.05745 -1.8546403861209275 0.02047416040461353 -1.5845281039706642
0.06469877015091319 -0.003174879937412646 0.05745 -1.8003263625810406 -0.004689878555527105 -1.6850152295605838
0.060436728590071445 0.003264407774429318 0.05745 -1.6240466930101471 -0.14605039634612488 -1.7312386501196362
0.06352285325023355 -0.001319683127055894 0.05745 -1.6995190220325305 -0.059283063183480554 -1.7617325823064713
0.05606038392881577 0.0029825162128802665 0.05745 -1.595589817557473 -0.12377661943288211 -1.744035745153671
0.07101966276391568 -0.00669132591129382 0.05745 -1.6135902917379874 -0.26098137291017276 -1.6512493413432117
0.05588656211298247 0.00474392235135632 0.05745 -1.6008789970206658 0.04481129124834188 -1.6495341701345336
0.08287453651896397 -0.006152135273364704 0.05745 -1.6000379156576587 -0.08454632013789751 -1.7084424401288483
0.06098541127706024 -0.00982908992389322 0.05745 -1.8143688628837522 -0.13218956311627955 -1.5569012960744189
0.05468024032683443 -0.0032302582761702227 0.05745 -1.5974504840554595 -0.15306250825075396 -1.619688955842007
0.077672803756246 -0.00464039933268148 0.05745 -1.6661020974027916 -0.09912671702138268 -1.6183871267711682
0.08023604416796334 -0.004775990421598168 0.05745 -1.6614412592849517 -0.1282069545157837 -1.7267936776979864
0.05974499566001526 0.0009124985610273351 0.05745 -1.5870350996091478 0.09795241235387955 -1.6166645319652633
0.06264989123238238 -0.0032178943439628406 0.05745 -1.6419862205789713 -0.030486112743930982 -1.5358502100704812
0.07191320562069578 -0.009167077938432149 0.05745 -1.784885159738437 -0.05578442177160493 -1.6435779623846454
0.05618329982808372 -0.00430261226315824 0.05745 -1.7008506660721059 -0.23172047910686333 -1.7575133993034482
0.0603282667380325 0.003948330377370038 0.05745 -1.4464678985128212 -0.10386045622708501 -1.7151190008973596
0.06184114834955345 0.0034069997957797346 0.05745 -1.553177827089452 -0.2379900755603037 -1.6977462368317253
0.05560892007616776 0.00841432927651625 0.05745 -1.75076329787163 -0.09180434058923631 -1.653505443085776
0.07997856670997494 -0.0067020233081491595 0.05745 -1.6116404496910057 -0.1515591620588237 -1.6966316385615137
0.06281624299511754 -0.0018660162436880054 0.05745 -1.8059550012763848 -0.17971135601256377 -1.7014438355997783
0.061920184166118164 0.005556560831696408 0.05745 -1.7980929689639478 -0.14317911687534415 -1.6982740367760558
0.07541038630850264 -0.002899299258781701 0.05745 -1.6455837199045458 -0.09472579386135388 -1.58470221643509
0.0579138174852204 -0.00483741051063138 0.05745 -1.600777717376792 -0.07839197835402026 -1.592600301127224
0.05474362039899567 0.0023645185778945095 0.05745 -1.750098804377246 -0.08304186769066609 -1.4911961681860875
0.07298499289503643 -0.00941145508404685 0.05745 -1.5628559523275327 -0.18957556823213778 -1.5830407197354688
0.06780177453730687 -0.0023755563194755415 0.05745 -1.697020232968371 -0.21928185376411855 -1.7278685064443877
0.07406931621953702 -0.0017549625640602851 0.05745 -1.5952081288841906 0.002481702000509664 -1.5883643066081323
0.073590012577887 -0.0063329219066654684 0.05745 -1.7271696771801124 -0.07444149623614452 -1.7752316739744523
0.05665535717398207 0.005674540633635561 0.05745 -1.6564387275263683 -0.1965395489318062 -1.6120257002461509
0.06044976698269964 -0.005942045527992524 0.05745 -1.7157775124781098 -0.04175176636695096 -1.6247323606754804
