-0.047953367273445395 0.009503777705888913 0.05745 -1.6952325863571698 0.02506630498799639 -1.7081007457908979
-0.031235863504502758 0.017751729286966104 0.05745 -1.708724889408206 -0.13941567053449555 -1.6861719891087068
-0.042761472958781716 0.010539537705222307 0.05745 -1.67041434616377 0.07078765144332436 -1.7623126693899835
-0.03257610678577809 0.0028593449260776223 0.05745 -1.6795891026552923 -0.06510499786352425 -1.7455878547377919
-0.028191836654694956 0.0019461140633689582 0.05745 -1.5580325479008768 -0.07638504179678796 -1.6703546332090495
-0.0440480048584506 -0.005010426495609632 0.05745 -1.5871276855192185 -0.005295644373988426 -1.6985728456352243
-0.03506912055712363 0.010792129605976407 0.05745 -1.7947633117583917 0.01615898000577598 -1.7278186147617602
-0.04425400363076392 0.008357529187357852 0.05745 -1.6611357423476203 -0.2717543758763648 -1.775983197377276
-0.028333665240032068 0.0015466608364515296 0.05745 -1.7209374892096803 -0.14520148699288904 -1.7160843232020522
-0.05237623325402099 0.009673269250836726 0.05745 -1.5944031842744864 -0.06885722668345784 -1.5558502986994054
-0.04893116804426245 0.012045513119845723 0.05745 -1.8255724789684735 -0.17198168817082013 -1.5340975728284756
-0.045639606099103724 0.008822122644151756 0.05745 -1.5799307093357988 -0.1511058380884132 -1.5463228343192654
-0.04592234429314863 -0.0015135683872330684 0.05745 -1.684713943422179 -0.055094857977837294 -1.5981106561851048
-0.04043962361423646 0.016896690059968453 0.05745 -1.6002920782332817 -0.06003803156025109 -1.58417226068797
-0.045426023514729144 0.009827594346065656 0.05745 -1.6467373734354296 0.044844810989939005 -1.5512056365734939
-0.04588982046836631 0.001683496784725345 0.05745 -1.5871048062141466 -0.15652078346704967 -1.7851962569531297
-0.03185652899247973 0.021181880579718898 0.05745 -1.4717497562883128 -0.17171785961008307 -1.6777098586958221
-0.0310671769700755 0.011066650804306683 0.05745 -1.476039069955752 -0.019360585160895324 -1.717901337811625
-0.038872844155764336 0.006958528744818957 0.05745 -1.6077299911903256 -0.058363467044690934 -1.656749960522935
-0.0500656982749854 0.010120078645431884 0.05745 -1.4950982035783809 0.018524597000906903 -1.6244792549727083
-0.04980446553753149 -0.0019425331680918215 0.05745 -1.7395725277189455 -0.04167120225694103 -1.750989509949377
-0.04647074787927994 0.0007265354668312286 0.05745 -1.6964642903822738 -0.0644306871187649 -1.7298991732714073
-0.03362728854577094 -0.008386359408065971 0.05745 -1.5698859281785276 0.05714579408146592 -1.6988373789376197
-0.04445516387938811 0.004727813246170267 0.05745 -1.6220204430125968 -0.12816290890158197 -1.7002340711856934
-0.051414758966950615 0.0010017409591355983 0.05745 -1.6671341699235476 -0.12384924895653122 -1.5652312431238546
-0.036252764681630134 0.009826701576227387 0.05745 -1.6686471954493074 -0.002839499263621287 -1.694033215901372
-0.03428404354699909 -0.009701778208418953 0.05745 -1.6813894102906553 -0.05607776081485519 -1.6703764234464966
-0.041479792009126965 0.010201018112386438 0.05745 -1.5763148407791425 -0.10534799577354084 -1.57046377139514
-0.04304351667805371 -0.007797017825202509 0.05745 -1.7183955524462422 -0.1378702992685483 -1.618851284447472
-0.03249927306704843 0.021054055145993386 0.05745 -1.6491917864393588 -0.009504418161390443 -1.6570518302635455
-0.027058814010865975 -0.007009691435050386 0.05745 -1.6408515427019017 0.014946257978032701 -1.6796772965310791
-0.03203517256249838 -0.0038749277523439834 0.05745 -1.6768915118549235 -0.037363479409173735 -1.5445801939426838
-0.05190697337086163 0.0034485874994424175 0.05745 -1.6093425825745526 -0.1766707003948796 -1.6425869711384924
-0.04220613947746663 -0.003081127443217582 0.05745 -1.7553221978985658 -0.10320577114583657 -1.6220195726307631
-0.030914410677094783 0.01162045060601931 0.05745 -1.6517046069485963 -0.06846777403549797 -1.6686206930283594
-0.04587763540400824 -0.0033692028415551138 0.05745 -1.6958541716820918 -0.11617481754912423 -1.6998177419248097
-0.03079733224717003 0.004279965153932017 0.05745 -1.7181516437090212 -0.10168062821254877 -1.5381236695286298
-0.03508207939715956 0.011722698579569963 0.05745 -1.6293757433971916 -0.003122711012794585 -1.532934681878575
-0.03888704740203831 0.015945928962306732 0.05745 -1.7152215416601562 -0.08291830954671486 -1.6719561024369458
-0.03315083081236512 0.015421891763653968 0.05745 -1.5887325465162163 -0.17341578320008902 -1.7795635122246907
-0.02740398303831392 0.020770329136391125 0.05745 -1.6410401622045276 -0.048890737106383794 -1.6486802610123614
-0.05077370813047787 -0.006314974335753639 0.05745 -1.6693238111487543 0.024479597001955997 -1.5956853064866796
-0.03124624782854447 0.01115875332298896 0.05745 -1.6394782877696468 -0.12472763828546923 -1.6877479360010568
-0.053675479063875015 0.0004627713271661629 0.05745 -1.6573551665376498 -0.1827281954371394 -1.6610079171867878
-0.04030816174019453 0.012544288788218056 0.05745 -1.5028444061137283 -0.07011610889020967 -1.662384503592145
-0.03799643075186125 -0.0029403610055923988 0.05745 -1.6789021548201963 -0.25400490348878046 -1.613575553045337
-0.04585200153683493 -0.0019622933014670878 0.05745 -1.7486021831656775 0.08185691191374564 -1.7212666912184207
-0.028522222817213477 0.0013347654594249737 0.05745 -1.6825686197896312 -0.19943414788254166 -1.567257736115457
-0.029499134743771808 0.0017543126165741295 0.05745 -1.6404697260030694 -0.0984084877871674 -1.686234617715697
-0.030922036847799154 -0.003637071751679652 0.05745 -1.5291612952861113 0.04941357496526924 -1.6324370742928174
-0.05074760841151825 -0.004858660023149787 0.05745 -1.6383112616183588 -0.053410063289514025 -1.7384834658510782
-0.04500244960930847 -0.0030575172798868273 0.05745 -1.6003740305320917 -0.12987661512229665 -1.7262529365780848
-0.04634820103762152 0.01025536802643755 0.05745 -1.603804570433294 -0.22968120625928432 -1.6482390071152249
-0.051468158182321054 0.007195600277532721 0.05745 -1.73397644751529 -0.08433512037728941 -1.7113925917506496
-0.05188051279631519 0.003921068537428959 0.05745 -1.7494140381844436 -0.014545110358202176 -1.6430984735470047
-0.05370346924965012 -0.003971178939592387 0.05745 -1.7212367438941616 -0.08419043035409118 -1.794630134953297
-0.033713037119046 0.010063795644257146 0.05745 -1.8433008808894622 -0.2360867745426225 -1.6006902983795446
-0.03529404744251384 0.001946194791936218 0.05745 -1.6727406909253186 -0.15191860258875295 -1.507496491852149
-0.030130498490870575 0.013456933809933359 0.05745 -1.7334510888028738 -0.053633552395315205 -1.6564561546443983
-0.043456550083759045 0.008695864450401188 0.05745 -1.7090044584871777 -0.04713956233694188 -1.5824498736783412
-0.05117511174397427 -0.009261343437326817 0.05745 -1.5328533203864492 -0.15203434635258764 -1.7521402348591895
-0.028581379823940344 0.020945991443657976 0.05745 -1.5995478419222928 -0.24671990465248197 -1.5580665184310492
-0.04505299959107986 -0.0054302172253585055 0.05745 -1.7125769117573735 -0.15396963494978516 -1.6876535255125977
-0.039006810087262304 0.0008039703622546614 0.05745 -1.5278646326957877 -0.25627394561875183 -1.862913372763173
-0.02943117711429494 0.019929391702777334 0.05745 -1.5918257204144293 -0.0990050016812439 -1.660708885385251
-0.03916970660899438 -0.001723069543865646 0.05745 -1.544809136116966 -0.06518902254247255 -1.7937677997072683
-0.03223122538330391 -0.009054216251226413 0.05745 -1.638580360950359 -0.03973317748002007 -1.7310543051766276
-0.03553388999064516 0.016999290102746957 0.05745 -1.5857410868002701 -0.18527608335788626 -1.6808965270193816
-0.04111498228878496 -0.008926111693104576 0.05745 -1.79200238990684 -0.1744015067170087 -1.6373169494608713
-0.0507571575196446 0.01178896231356726 0.05745 -1.6394827450020508 -0.18994476434540264 -1.8063865289597287
-0.04363025317647606 0.004172158542539347 0.05745 -1.6606115032741073 -0.09731358204406267 -1.581594570023502
-0.0375090677374706 -0.0049542038272324595 0.05745 -1.5298680622990128 -0.16724152977410667 -1.7585478224824964
-0.02749212054758803 -0.007850616903858893 0.05745 -1.609347266917279 -0.046551973134545746 -1.645497508188092
-0.04174781459378487 -0.008850292984885549 0.05745 -1.5140207777378196 -0.042839157548673255 -1.7227767401122331
-0.02792153184851997 0.01767326057557398 0.05745 -1.5875056747695968 0.0037362119213041334 -1.7200208506274108
-0.03113949563324784 0.012327192640072827 0.05745 -1.585028333396577 -0.09207849536321358 -1.7992067174228863
-0.03284646010218814 0.017958804599590615 0.05745 -1.7740848177559063 -0.03907668101283354 -1.6581727630645446
-0.042631110566706695 -0.0027532832272869996 0.05745 -1.40892292705906 -0.09660573488637954 -1.668560464483115
-0.05303248804206626 -0.0039009099621986204 0.05745 -1.6995702276515334 0.050804776949992525 -1.6988644209925614
-0.04892502658575698 0.008202605358343358 0.05745 -1.6795640423521028 -0.1835184878457373 -1.6601181022447014
-0.046676553400457566 0.009382160404577613 0.05745 -1.7950732563537184 -0.032024578315100735 -1.6889231617770286
-0.030346117336751157 0.007233557000597498 0.05745 -1.656131537108399 -0.07701675907956691 -1.6409421199392422
-0.04778040823713733 -0.0028566327418215933 0.05745 -1.5892829046496337 -0.11881555495912902 -1.6064594728557564
-0.04061337832386873 -0.004057181814154339 0.05745 -1.6544431464194653 -0.17275810757490678 -1.816129597651884
-0.037773972039116394 -0.009918064504552758 0.05745 -1.6172435519877313 0.024017656844857363 -1.4848945776468383
-0.04351200525278969 0.006307396971293079 0.05745 -1.5629855022833885 -0.013173459388230321 -1.6884759259899316
-0.032621433139869566 0.019415740313822316 0.05745 -1.7490221802958343 -0.17604741565699814 -1.655187014364703
-0.04953618194392867 0.005439455292502391 0.05745 -1.5469666204668762 -0.06305134307358233 -1.543127857374519
-0.030789173417824375 0.015226447150939926 0.05745 -1.5275114028667098 -0.002308541971627151 -1.6859798923927491
-0.04430036340589959 0.014857943446616199 0.05745 -1.4408199524154195 0.06214445622603815 -1.6133998778492447
-0.033031534146275326 0.016559488299999467 0.05745 -1.7009409753243319 -0.22490338926882228 -1.6042615645694613
-0.03301535825334466 0.018215195737206057 0.05745 -1.7420945889699464 -0.09706275559814216 -1.511183332045308
-0.04462329738942733 -0.009573251698553597 0.05745 -1.5272324513186644 0.019914317622417174 -1.8393607192262555
-0.04470313143869564 -0.0036157576302380473 0.05745 -1.673676621134009 -0.010727199058400985 -1.5020175617326834
-0.04346207943044848 0.0028976600982540523 0.05745 -1.495272207363087 -0.15054224760543186 -1.6865778014057067
-0.04475871135275477 -0.00705340696251163 0.05745 -1.4980185822786598 -0.020488793303849492 -1.7136497224092513
-0.05331164556387066 0.009749497787627353 0.05745 -1.675993748785632 -0.054472315009353525 -1.556212272549645
-0.032261343618865596 0.007279793616587189 0.05745 -1.7134999902953 -0.001121862125505732 -1.6321008576804832
-0.02814865953573775 0.000946844622433966 0.05745 -1.6400524950153228 -0.01192083785443121 -1.6353605865809022
-0.032410183396593586 -0.0008474412198206521 0.05745 -1.6058643400879724 -0.14062709410891278 -1.7087761762384717
-0.04105684912749323 0.006477989953357998 0.05745 -1.884077475316066 -0.16846155154391593 -1.7174522405044395
-0.045439117744265435 0.00161651132586842 0.05745 -1.7065149727812294 -0.07647048827369195 -1.8036128229598973
-0.0296149233457482 0.009470253895384821 0.05745 -1.7312681829972973 -0.11649222685425253 -1.6166276778736253
-0.03521579626610788 -0.0029213495880399797 0.05745 -1.727978504877567 -0.0479197809070392 -1.9156073354896357
-0.03881612046304632 -0.008726491067188957 0.05745 -1.6983658365444603 -0.03854870804873625 -1.6844158313461395
-0.04070947181100763 0.004275965975883023 0.05745 -1.7372317337830305 0.06541078483305562 -1.7453626956780335
-0.04960752923179478 -0.0056768148589825445 0.05745 -1.5865548736258972 0.05608745836097717 -1.6786424621332916
-0.04705496815065391 -0.0086633708540811 0.05745 -1.8408901210330044 -0.13829347386979496 -1.6079585828485696
-0.035595059479004175 0.01852044401886893 0.05745 -1.6669710426170168 0.09152970913496483 -1.7126680583640677
-0.03087191472018901 0.010764256100795374 0.05745 -1.705882719094444 -0.0020834832731949915 -1.6484371908915634
-0.04098994283025707 0.006075084172374292 0.05745 -1.7436954209495124 -0.13241671474847216 -1.8128113920198272
-0.02949000441870287 0.020058049388117803 0.05745 -1.587198014211501 -0.20558263980611957 -1.6358459529649152
-0.038884925377380024 0.009440825505821962 0.05745 -1.8143929091632824 -0.1843705305376393 -1.615118009501728
-0.03688317930467559 0.005648809855880668 0.05745 -1.6940666620403326 -0.09179642710588846 -1.6116206000503497
-0.044317492402088536 0.0026195026399077875 0.05745 -1.5879433228350954 -0.1386946517480069 -1.7179911087261182
-0.05001035117298758 0.011058123585322146 0.05745 -1.7329973723418004 -0.11957668595706994 -1.612795632139339
-0.029580868398583805 0.0013917712268424441 0.05745 -1.7397912076499074 -0.08424711026317282 -1.674781801977503
-0.03065136544234706 0.00707069932873307 0.05745 -1.6584510094750924 -0.02982856578734655 -1.591818490967184
-0.03249149952011378 0.013467328891777664 0.05745 -1.6373165009108344 -0.1322883289459997 -1.6988686023843045
-0.039428789688894995 0.004340551730170197 0.05745 -1.603808419200868 0.08506786518287301 -1.4600955500637338
-0.038590099793198336 0.013649634798937492 0.05745 -1.69276773723217 -0.03097330234638864 -1.54969801183454
-0.03875073154373974 0.006435964798873503 0.05745 -1.4844703159367074 -0.17910254843368173 -1.6264443533839366
-0.028909707497519095 0.02085773074478691 0.05745 -1.7492928535559031 -0.06874063470992822 -1.7695566292627232
-0.03601671280044371 -0.0010547011565491728 0.05745 -1.658561183379447 0.0005104324931769211 -1.6253037146350005
-0.035782007877620176 0.012084535720175016 0.05745 -1.6863088607223307 -0.1842497060240618 -1.6664837355946278
-0.03032979571007587 -0.004651669726296609 0.05745 -1.6999602331035077 -0.06712652651355566 -1.8033108398568565
-0.04358184520708551 0.005974830169056372 0.05745 -1.576457265282858 -0.10416400813039586 -1.6469930173273675
-0.029544184171606303 0.0006533950603707511 0.05745 -1.5371245159858378 0.0586988327596171 -1.6911535900026928
-0.027685414483443572 0.008914225556181982 0.05745 -1.612482847843808 -0.33352916750074735 -1.574206941327287
-0.037897681878204054 -0.006723426575709847 0.05745 -1.6354983577789595 -0.04837041666155077 -1.6126289260555877
-0.038713170976008085 -0.0027853707919710423 0.05745 -1.5864598773760938 -0.1394118664396179 -1.7309202518484077
-0.0423754339430027 0.012496326712964237 0.05745 -1.617086707636811 -0.15407219267519445 -1.6344315404998646
-0.05044110484650227 0.0023432326729175192 0.05745 -1.6681606744659485 -0.2901691018814321 -1.6920743997990637
-0.045276478547647415 0.013205489463834584 0.05745 -1.6723193705099955 0.13074957623175087 -1.6963188125259179
-0.048948888394594985 0.01250662402576942 0.05745 -1.5358557623787505 -0.1256301242489911 -1.7185776412718121
-0.03525711151728529 0.013420178080710091 0.05745 -1.4868526165328584 -0.22415724247361116 -1.7430471138661743
-0.029524962855700745 0.02031099236703047 0.05745 -1.6720268893631292 -0.12421151154474733 -1.6795844760008256
-0.04502973934598009 -0.007925081321940808 0.05745 -1.6110077814683597 -0.024901745150510704 -1.5951678449841005
-0.03888087592352288 0.0079746276350406 0.05745 -1.5900917769626157 0.020836531116140075 -1.7116610546859699
-0.03368099264925412 -0.0027277500501084444 0.05745 -1.692694996575419 -0.15269353510568803 -1.5533561049764624
-0.04036045460820147 0.011298187429978459 0.05745 -1.5960225363367508 -0.14182313517652484 -1.6172802214862942
-0.05095570104549898 -0.0038128154980381973 0.05745 -1.6150766105933712 -0.19087175390823313 -1.8097110782340622
-0.03939742100843355 0.008071967527682878 0.05745 -1.5678473764101206 -0.12014359397635088 -1.7029885040081345
-0.04663383609967516 -0.005490102841458189 0.05745 -1.7683127955396842 -0.006979617490760981 -1.8351625346260796
-0.03748996496938796 0.013144977635300393 0.05745 -1.7245189543023427 0.05822401777525582 -1.5933267570099843
-0.04915458953333618 0.0033067837935851913 0.05745 -1.8405463463531884 -0.17346111107428025 -1.7471925735421816
-0.039902592181094744 0.004217757328238375 0.05745 -1.725604678682321 0.0075701944718582215 -1.660601843289371
-0.04574266564082416 0.005024206808254442 0.05745 -1.6169504916185924 -0.251431980422362 -1.8058026002327037
-0.04436200020783024 0.0042297565903808565 0.05745 -1.811600528039925 -0.0397246061589403 -1.734821433167521
-0.04006408160488323 -0.006727110375882707 0.05745 -1.672453597668803 -0.3137135411865952 -1.4696627131760045
-0.042682158653190604 -0.007161932893974673 0.05745 -1.7038608239130413 -0.16022653991619396 -1.696617216208882
-0.04787094992531639 0.009036177935597875 0.05745 -1.560222675823336 -0.040619468138039995 -1.6178546855836395
-0.03361523154078916 0.002307812118707139 0.05745 -1.6502653085817058 -0.0716056807222908 -1.5542155190061548
-0.05388727779957698 -0.00464533034580799 0.05745 -1.6066390912752146 0.004250509381328579 -1.6934075196918223
-0.03972988105201556 0.00488455549184599 0.05745 -1.7087536838055117 -0.10420210048420141 -1.6375566568835769
-0.030259062751579587 -0.007639133036057171 0.05745 -1.6484203991348887 0.004253707689373623 -1.6591897294968736
-0.04222629549763621 0.0032782178033470832 0.05745 -1.601447008455703 -0.05694040539190856 -1.5486301324492462
-0.04099509485421936 0.004024126274454771 0.05745 -1.5479854727644415 0.0019086051007787402 -1.6689861288491246
-0.0360877320417637 0.0018561107969205619 0.05745 -1.659933187366975 -0.08647115347389302 -1.6898895217946677
-0.051052030055599516 0.0010389009292688291 0.05745 -1.8245329381813837 -0.04379656444771962 -1.7131848398710554
-0.05050538005038637 -0.0038291270781482516 0.05745 -1.8219029238105362 -0.12826120418103418 -1.7948185827952432
-0.03665764695406057 0.019530015164048876 0.05745 -1.7246149727186917 -0.08541539512506563 -1.7783352593072064
-0.03807531460458207 0.017863757450668573 0.05745 -1.642808330625214 -0.0788669185263994 -1.6913663532523733
-0.04044876889900583 -0.0025540517685724053 0.05745 -1.5376101165977056 -0.08317859142074788 -1.7159317496461617
-0.03191007266829906 0.01892423406832581 0.05745 -1.511751142290053 -0.11833438452268774 -1.6740658852647539
-0.03258579760554901 0.004393240231788862 0.05745 -1.5521788307474282 0.024160429327759497 -1.616232441842772
-0.05276508262568456 0.0008353156148644889 0.05745 -1.600437222181944 -0.20493502849213968 -1.6405798977654025
-0.04571991884674763 -0.00923573020482315 0.05745 -1.7827335176655166 -0.03987744427326951 -1.6405680869020993
-0.05187963608706067 -0.0022497483983355106 0.05745 -1.5217348838682845 -0.16413978898131337 -1.6849220412595691
-0.03909197816198707 0.007657054333512875 0.05745 -1.6992870797479251 -0.20885513056567032 -1.6312807035610069
-0.04380481162052251 -0.005726600589780298 0.05745 -1.5692881612891154 -0.2146219562550717 -1.6805508300389531
-0.04242095338876606 -0.0008914773153072871 0.05745 -1.6930394854549875 -0.030823094229350062 -1.6301909308142704
-0.04793392035226237 0.009471762272389503 0.05745 -1.4722299815874342 -0.13457810411780513 -1.510498258134286
-0.03314658580991485 -0.00560528337366266 0.05745 -1.826909927238224 -0.23139084162791565 -1.8701919980531392
-0.031204608833461628 0.019224690509991704 0.05745 -1.7328261425007758 -0.13142036623088085 -1.6634557536988122
-0.03346100038039103 -0.0040235761281348925 0.05745 -1.748870326913739 -0.14493360044434606 -1.707265439691053
-0.053497346234957346 -0.0060937305780321095 0.05745 -1.536926685135662 -0.13438669488891905 -1.8000633158904247
-0.043073697013288066 0.013194353807268652 0.05745 -1.666350360008297 -0.2927448770653521 -1.746449180406252
-0.03675751053958366 0.005716392026239631 0.05745 -1.5698220306320463 -0.02397063758907622 -1.5548782474137515
-0.053275749186090855 -0.0017473276257648062 0.05745 -1.6566065625698874 -0.16357598346566 -1.6280830963883028
-0.050583350694002695 -0.002296863352344091 0.05745 -1.6409066783638244 -0.16220016917500443 -1.766650117572895
-0.03273454839456016 0.01527169946952338 0.05745 -1.7421538242780346 0.037895740539278785 -1.6909077785089548
-0.0532549295435905 0.007322110765891595 0.05745 -1.5983756680802848 -0.34795730312560935 -1.4368796688616639
-0.0343650631368283 0.020724449093663597 0.05745 -1.4913498361376836 -0.08671457213607449 -1.7337558348996729
-0.052334984159845485 0.00890563897103346 0.05745 -1.6911525238438223 -0.043403468801107396 -1.5545474551179712
-0.032626197937180745 0.005956559248842577 0.05745 -1.5411533404156599 -0.1501688170295992 -1.5747570227332923
-0.03812365783173462 0.004453657745087323 0.05745 -1.949609975909623 -0.06688783438767353 -1.7075597732178427
-0.03692373510024734 0.01756974935139914 0.05745 -1.7430895516252314 -0.13006990405965663 -1.5629734223366292
-0.03129773865938411 0.0050179998782681635 0.05745 -1.5892019655645784 -0.12800482800497395 -1.7302837920459897
-0.031146485623673503 0.019299701828628786 0.05745 -1.663158271913338 -0.27228861453739683 -1.6351874173585863
-0.05000112756387118 0.00545624757832909 0.05745 -1.7741320859528404 -0.09440646187464574 -1.5611235694569197
-0.04231896171536277 0.0003332980081407824 0.05745 -1.7505888798373714 -0.09239048940213837 -1.6555916066429122
-0.029222459156251494 -0.0024384271745554317 0.05745 -1.7588683027758514 0.15043536553007328 -1.7434448839161547
-0.03739001406779986 0.01693799945999659 0.05745 -1.884384869637331 0.06424399925039428 -1.5093625057926037
-0.0494352165214072 -0.0016845848032078642 0.05745 -1.7123428128844336 -0.03919662533533175 -1.8194070720302782
-0.027823991785326425 -0.0019251692710479246 0.05745 -1.5938318619796479 -0.07496080706870266 -1.6487169613392938
-0.05181150792609082 0.005720722804869989 0.05745 -1.6417866700209591 -0.05624579283266669 -1.5102124990028076
-0.04236906589946419 -0.004761962671832362 0.05745 -1.6311689369717457 -0.08123327270146863 -1.6608397288772792
-0.047689146882563385 -0.007978673924646825 0.05745 -1.7969415645135172 -0.035789318767495935 -1.7164612260921583
-0.053901019312331114 -0.0032661374791655637 0.05745 -1.6300478912676664 -0.12211618418086284 -1.8510989815309875
-0.035195231602491064 0.008000146468312873 0.05745 -1.6874917248215264 0.024505143634229704 -1.5740443566774118
-0.05097664333296259 -0.001828691837944504 0.05745 -1.6179291672237588 0.00846124433177349 -1.8029729542505593
-0.04019338452065198 0.012163178435614671 0.05745 -1.6873587316549115 -0.03492535185185689 -1.5053213063836246
-0.05019133155224986 -0.00030621567344005576 0.05745 -1.7282350702004377 -0.08829393474412388 -1.726499930631476
-0.05228769456542765 -0.0083611916258719 0.05745 -1.7283187716943982 0.011685957805512709 -1.6834056916672895
-0.029137578908196786 0.014861813182673224 0.05745 -1.6556267311101946 -0.1090265052613436 -1.623099165888481
-0.03834484435856897 -0.008909700278549593 0.05745 -1.600962679539064 -0.005405336898092611 -1.6394453741276982
-0.027247361750994733 0.001147828025763773 0.05745 -1.7235481238973942 -0.0429863354480756 -1.5817419911152701
-0.03100601538268758 0.012414839106179671 0.05745 -1.554946159299021 -0.017989962301828366 -1.5298659340271954
-0.045473978288186986 -0.004593491178512756 0.05745 -1.75761683088205 -0.1009260166201067 -1.765903599692507
-0.04271855897712234 -0.005296304368987321 0.05745 -1.6965304894167228 -0.21402983155698918 -1.683447493825551
-0.027162824742746082 0.001900844031942588 0.05745 -1.6990039358620845 -0.12905505476306134 -1.7025673910901555
-0.042769410272311015 -0.004336342619167746 0.05745 -1.6450715071829796 -0.10168073609842163 -1.6738546334231839
-0.0307529558980958 0.0058355538226565595 0.05745 -1.6558019560049069 -0.021837380860407374 -1.6505215053239513
-0.042686500049069695 0.01383551099417525 0.05745 -1.7708808899099766 -0.16892744951654387 -1.7807233378697767
-0.03478930148044477 0.014366081453735692 0.05745 -1.5342198019527764 -0.014749702227820849 -1.587714390337771
-0.04645032135266452 -0.0005536506899605116 0.05745 -1.6452812052096195 0.013645324606484932 -1.7839505885081448
-0.03334132039675848 0.0005761907082683076 0.05745 -1.5238851381027858 -0.31740875205159486 -1.492291054049412
-0.03024762512806995 -0.004713198104438893 0.05745 -1.794439184550244 -0.0512393879263821 -1.8097341802844773
-0.04710344194672428 0.00752628764934834 0.05745 -1.6467261713939472 -0.23134372782087764 -1.707031464284902
-0.0521110535951273 -0.0025844913134147355 0.05745 -1.7874461942787871 -0.13905874120221873 -1.5530201900158893
-0.02818772054798684 0.011493984839731635 0.05745 -1.5368001787454064 -0.14588056080095263 -1.7953080274719302
-0.053228707508408676 -0.00795878753126482 0.05745 -1.6764862270339962 0.06171076210222179 -1.5430150587896785
-0.03424862480900821 -3.869679163241539e-05 0.05745 -1.7987872623936036 0.08498731231587522 -1.9003471071942992
-0.03296364642920216 0.010459773628923306 0.05745 -1.6736877337929585 -0.14988400260777407 -1.6181895004967246
-0.0535792625048564 0.0028917581433458225 0.05745 -1.7196003771458441 -0.09352944170564237 -1.6717320162318132
-0.03726405980243467 6.409819582577601e-05 0.05745 -1.646014598616531 -0.12941471598187004 -1.778928778886551
-0.03231773220625356 -0.002014682043893429 0.05745 -1.7036451767875644 -0.0947910977669883 -1.6491848335529238
-0.03883192707680355 0.012694986315030741 0.05745 -1.5639780782600128 -0.034113717170970184 -1.7744863419369834
-0.029966665756238645 -0.006735870758958163 0.05745 -1.6129834536995606 -0.20261388331412036 -1.5792447548100552
-0.03719241366266118 0.005885829469609161 0.05745 -1.5796882966333432 0.018655083806194128 -1.654692035058916
-0.044722462233669574 0.008985039708278844 0.05745 -1.6563815878499941 -0.09961683575687398 -1.625106457108799
-0.028408340873164524 0.008249251915683249 0.05745 -1.582167125543088 -0.12326773975166591 -1.7347063106551877
-0.045700030766860966 0.010206043013928237 0.05745 -1.717795590953784 -0.2323626426140545 -1.6572833423418556
-0.05131773983737487 -0.004152255357979741 0.05745 -1.6180315266247844 -0.033835015506047 -1.7169476141279825
-0.03596667862102429 0.011949743230912026 0.05745 -1.7434098043470458 -0.18776024475464517 -1.4809524581792377
-0.02702721244647346 0.02165018513892457 0.05745 -1.6120587924554601 -0.07987808702724798 -1.5260427245907255
-0.05183963440548918 0.0012661663948007017 0.05745 -1.6061410541013224 -0.18713162932625493 -1.5886834116724984
-0.03604550382930531 0.005017386686799406 0.05745 -1.7619838600219686 0.09796651641088899 -1.7696267251322573
-0.05189337027389369 0.0036366751787796792 0.05745 -1.647243362758268 -0.18294743731038118 -1.635485738116481
-0.046300990589111024 0.002866982773552334 0.05745 -1.4890603936301525 -0.027562679517617775 -1.63765409960515
-0.03720189745582393 0.010611463477663256 0.05745 -1.4770076541921469 -0.12065497286498666 -1.5977249404143783
-0.036272539440062215 -0.006675189774344859 0.05745 -1.7353818397021539 0.02243086723456217 -1.66469434239766
-0.05151272529264587 0.003991198286981985 0.05745 -1.596314044601017 -0.08454088771283746 -1.7300461169245946
-0.027377336698788123 0.00798502072535989 0.05745 -1.6628763833045361 -0.03209792525914005 -1.678768807278266
-0.04102672218392024 -0.009924364794689826 0.05745 -1.603473933812865 -0.00791899464161655 -1.7476360136029438
-0.0331538788012483 0.018222856330896348 0.05745 -1.749145603302111 -0.1885900769652824 -1.575942204347328
-0.037326562354807497 -0.006879143762076338 0.05745 -1.6350311010350957 -0.04927651200635019 -1.5465488290170086
-0.030915631640307143 0.022396860009592373 0.05745 -1.557199162018471 -0.23926749034583197 -1.6394205264420514
-0.049247146505791574 -0.004229712185790696 0.05745 -1.7650233143921756 -0.2173117507611447 -1.6250469183105318
-0.031196231853986022 -0.008540566562991004 0.05745 -1.5472516706214967 -0.03230100175556007 -1.6782522531297763
-0.039124020138863895 -0.0076373696708732985 0.05745 -1.806937156343526 -0.03228109294629549 -1.7533471888579637
-0.05296999364882373 0.0007815941964195248 0.05745 -1.6427433268646596 -0.16280822088480545 -1.634677245381139
-0.04578573459257928 0.01203817089057777 0.05745 -1.6068235894894258 -0.12978580522880737 -1.7137855285564345
-0.02798384402209122 0.005205712850840059 0.05745 -1.8054430625393498 0.06492809300579461 -1.6218922731193413
-0.029337857609428305 -0.0005535815982243477 0.05745 -1.6338760508779993 -0.1903462507207876 -1.7462847182614896
-0.0539943867108969 -0.0013348649740526422 0.05745 -1.5085065738061512 -0.08970280535602532 -1.7159400572529315
-0.044056351308463616 -0.0045345202595735625 0.05745 -1.5556602712226857 -0.07061235134576549 -1.8672003060009512
-0.0512345043038795 0.011196282921649607 0.05745 -1.6776823949079498 -0.19383320795991282 -1.6519876032823557
-0.03662527798182887 0.014691724607807185 0.05745 -1.6197690033324443 -0.14449237473991872 -1.717443341346356
-0.036183724793834755 0.01877574520249422 0.05745 -1.69981929468405 -0.06603167101637701 -1.6788023990030398
-0.03372221191761576 0.007043324219855878 0.05745 -1.5945708378151722 -0.023676927422252428 -1.6600076862672912
-0.031236926567667 0.014605671666484603 0.05745 -1.4813825490099821 -0.11905818664469203 -1.4020377677512734
-0.033932377757306315 -0.009180216496497863 0.05745 -1.678368074857236 -0.11012703587246939 -1.6311496445536942
-0.031030441562016047 0.021608091277994172 0.05745 -1.6925130167553555 -0.07171615035164236 -1.6283719430250343
-0.02945206816888206 -0.0038352433279402465 0.05745 -1.6298114574098483 -0.18420563640531265 -1.7167592520684773
-0.04220929291656629 -0.007742897414301406 0.05745 -1.7325401348613036 -0.193455884827946 -1.7322444536927422
-0.05110480417191311 0.003670249020080729 0.05745 -1.734840998806586 -0.09800973821845892 -1.5183614876985827
-0.03318570541346269 0.003926491471598525 0.05745 -1.6206774531981285 -0.0006150523194175805 -1.6497376061585936
-0.052383924196184525 0.0028955543794304227 0.05745 -1.5376155998521943 0.04633727942041299 -1.7400109472413852
-0.045669144773063206 0.008398807801871555 0.05745 -1.5667709984491887 -0.0981885153600642 -1.5612678554454178
-0.03111924318729898 0.0013193243415875033 0.05745 -1.4691513043483793 -0.2016147440578085 -1.630058366857015
-0.046491810323132605 0.00011050937424489024 0.05745 -1.766461924177149 -0.07775663127167018 -1.5885954401921734
-0.03708935990143812 0.014409212677405801 0.05745 -1.6866074995871374 -0.07021076365367318 -1.672551284426556
-0.02778489884109723 0.023440301572931005 0.05745 -1.800237027124456 -0.11156020239097611 -1.6815584099123912
-0.03528248932138036 -0.0008918530230158025 0.05745 -1.4793849389886091 -0.1102093996291027 -1.6348622237608772
-0.03185762716750936 0.022041813521397162 0.05745 -1.8481455118641184 -0.2158220307036661 -1.6523069417209066
-0.03187350097326094 0.017703672436148836 0.05745 -1.7264769439444811 0.00839979407302155 -1.6309317542269202
-0.0340451034598651 0.008075416927771068 0.05745 -1.5960771970996377 0.054791525433808747 -1.6204529339509361
-0.040708176675584865 0.016204406944137648 0.05745 -1.7108879719163597 -0.002668381356762617 -1.6827392278855076
-0.028601990017877495 0.0216399623529573 0.05745 -1.5947082968123412 -0.001014463559415188 -1.5675170784123353
-0.04580640071601385 -0.005039667611754779 0.05745 -1.72745576633925 0.02365856101361387 -1.5473663386992134
-0.04847727636056893 0.0068890010101256335 0.05745 -1.6822616002981452 -0.10343918825677446 -1.6760331582161
-0.04651919548576335 -0.0026948329568316984 0.05745 -1.7217810573735959 -0.06386072887433292 -1.6575566231459804
-0.035538668500293566 -0.0009721316446613792 0.05745 -1.7014620835872765 0.053986673491252385 -1.7234135957691659
-0.035095003100398356 0.009536003392884866 0.05745 -1.6191550865560267 0.05711425101797821 -1.6528784201693398
-0.03304386705969006 0.008173365682300317 0.05745 -1.637363039767456 -0.023176926972201403 -1.715292024545099
-0.028427371327353124 -0.004227088052973478 0.05745 -1.7883379930387937 0.0852882155602109 -1.7084334900300717
-0.028999422242440922 0.005851474536648854 0.05745 -1.5533545610609285 0.012903481899378844 -1.6186509291964062
-0.03858548924744262 -0.00857522937151851 0.05745 -1.704782525874902 -0.05587428705347555 -1.520591045623222
-0.04093156790372311 -0.005906075328614357 0.05745 -1.7080858094111409 0.0022674143946249253 -1.7247111054136601
-0.027626897016907168 -0.009429029670401212 0.05745 -1.6775763722552475 -0.1821373088211515 -1.601351421960926
-0.034757126476248526 0.0004692698649655814 0.05745 -1.7799447442287326 -0.11812359528997496 -1.6882369752591808
-0.04565705626421549 0.012284921512919654 0.05745 -1.5921380586325038 0.012560592321775296 -1.607737678131114
-0.05137539312290109 -0.003760605893277965 0.05745 -1.4741850640079823 -0.08357010213749601 -1.8144980233110053
-0.0432322055302088 -0.0046146796545076816 0.05745 -1.6426262432249932 -0.1382939663993448 -1.7957355693948243
-0.03511290245094788 0.013904992784872236 0.05745 -1.7845561566539987 -0.17587796613852263 -1.7523378262955507
-0.032247824457673005 0.01962426036587596 0.05745 -1.5667969986960673 6.800964430253575e-05 -1.6658946116110527
-0.04436981314744084 0.0005023507580664173 0.05745 -1.496945470757871 -0.05822934751440459 -1.6965345699870065
-0.04413378649346297 0.004052579691962543 0.05745 -1.7111314664679043 -0.2231379565221494 -1.6586886969982233
0.03412058831729919 0.002663945632958395 0.05745 -1.5202758446989681 -0.12818137852018818 -1.6830102022862699
0.05231615913889985 -0.0023334207199587724 0.05745 -1.6033763044259683 -0.07983000959786887 -1.6497246609880405
0.03454119264864095 -0.0021001653070601527 0.05745 -1.57237613894808 -0.08252168882134076 -1.7239125579302441
0.02880072565747067 0.0032166967673498345 0.05745 -1.6066417256243977 0.011360061427123383 -1.630989416105626
0.0401426590010244 0.004866900212434591 0.05745 -1.6802210685634102 -0.1473303086148215 -1.7337843295010267
0.02985644294054595 0.005894505025475434 0.05745 -1.7325310301622188 -0.20312168246630785 -1.713844208136753
0.03260962264002219 0.003444060587022268 0.05745 -1.562981830441088 -0.13004229387952498 -1.6622641094926833
0.031166230574245075 -0.0067348803944106035 0.05745 -1.765812458802841 -0.08220489565579873 -1.6250789149351323
0.030598069094367974 0.020675118490588618 0.05745 -1.7823665158448438 -0.16425189153720365 -1.6859596501070464
0.04004471061940727 0.0129621211257508 0.05745 -1.5599521955223656 -0.04470569222379112 -1.4317234284066775
0.04066662670686066 0.004428446443655858 0.05745 -1.5142916454438176 -0.05561327132514798 -1.7357047416269213
0.05242233742965835 -0.0038258758196554775 0.05745 -1.673175075834889 -0.07928242700466077 -1.5875623285593208
0.05289752838163834 -0.005278715688956093 0.05745 -1.7088095426802348 -0.3269193061958069 -1.581442598711278
0.04960255658937703 -0.005081367285230489 0.05745 -1.5408520007653754 -0.06210102997837473 -1.743415600767141
0.04343174250993431 -0.007502388953502678 0.05745 -1.5781194826038214 -0.11238685383797768 -1.6180263990698727
0.04894939564234392 0.011566690109157054 0.05745 -1.6280726930598437 -0.09608622612954974 -1.6900938473118454
0.04960172450882155 0.000973848916854125 0.05745 -1.6290769687476616 -0.2180379713851331 -1.7122878020127699
0.02965724487485946 0.010410111433490748 0.05745 -1.8237902393040122 -0.035797877614687695 -1.7080808391633833
0.041023772111591264 0.00966519566354458 0.05745 -1.759969847049363 -0.2971864224185662 -1.6738260873207873
0.027702704629536022 0.01792337159388708 0.05745 -1.6644854488848526 0.09767823652596397 -1.6356495335629757
0.03553352214554602 0.013462547668648345 0.05745 -1.6680121562847385 -0.21618087456450266 -1.5821419207810485
0.053837825500018664 -0.009450053863612948 0.05745 -1.6181453369701926 -0.06356558132137133 -1.7199685441270451
0.035791446339271074 0.009787022397016712 0.05745 -1.7105676559880314 -0.005579988195439145 -1.6523729214874645
0.03747149125463696 -0.00640552142241551 0.05745 -1.5999340935075919 -0.12385039118027732 -1.597598906800276
0.04486237983429142 0.006020682506717409 0.05745 -1.7858160854419862 -0.1480972876758686 -1.7766396315711175
0.03594120350522726 0.005550328859356159 0.05745 -1.6011941652346366 -0.012980687137044478 -1.6979724040398487
0.03800689386826041 0.0072867857006356455 0.05745 -1.7381418763287746 -0.018579113819051404 -1.5856249582549322
0.030749667485170246 0.0051163543285136 0.05745 -1.5840685815931639 -0.11957632703055035 -1.6095085040645314
0.03662866376155917 -0.002158700410207763 0.05745 -1.621805566119155 -0.2874760071626935 -1.6594210169105772
0.04404560347854102 0.012264075965272092 0.05745 -1.5984806657402628 -0.08824876357915354 -1.8102532242468075
0.04905776481335101 -0.009706241927305142 0.05745 -1.7264000593899205 -0.2210634571153665 -1.7450108246058722
0.04515185740814792 -0.007624969288388461 0.05745 -1.515389978976272 -0.13764680270839774 -1.8614324200527967
0.03247303161870233 0.016093556258454274 0.05745 -1.7835879557056349 -0.16009967168416406 -1.5468084930749237
0.03790402149427029 0.008059881635739547 0.05745 -1.680089789157484 -0.11666814580997391 -1.5412988221575445
0.030642464635277998 0.013393432906634173 0.05745 -1.7688483159294108 -0.0307512299446066 -1.689951706934135
0.02704532918951647 0.013994696605656496 0.05745 -1.5376286969932862 -0.2080575632261469 -1.576469921258546
0.04844535572760993 0.010382364720688977 0.05745 -1.3430345804569426 -0.04359119458984039 -1.6745589059626105
0.034557741436897466 0.016270652708904418 0.05745 -1.5391286384135812 -0.06728464684710107 -1.6683787927274074
0.02810314179839037 -0.0022916194222802125 0.05745 -1.7555312562695538 -0.02252609655657517 -1.5711444904681056
0.03564554645044304 -0.0011791712416592322 0.05745 -1.627201122267339 -0.15642887103224307 -1.7032022102739535
0.02713810919119995 0.009113124630017998 0.05745 -1.6436928856553716 -0.0019141126053761753 -1.688556200951177
0.034432464814513244 0.016204722018334387 0.05745 -1.7202549040364339 -0.1671432255509589 -1.6496410966949668
0.036661261057374564 -0.007206789137023561 0.05745 -1.749305176745872 -0.034218226167084864 -1.6439101538118885
0.03247432892794057 0.008676135951454394 0.05745 -1.6901477986698612 -0.19180731166951825 -1.7505247566165782
0.02957808519354211 0.013684743129334804 0.05745 -1.5672512511812433 -0.06774588363459326 -1.577604293886082
0.0435668432420329 0.0005667033672800571 0.05745 -1.5593494938163437 -0.08399906465250896 -1.6803698890995549
0.03615459499696639 -0.0034263187733755193 0.05745 -1.610794273619685 -0.055498210180953605 -1.5991692115762706
0.028595382890300072 0.01667590282764332 0.05745 -1.8162894935344034 -0.06549814680320981 -1.6310517079313331
0.04604820415863374 -0.004042159840963061 0.05745 -1.6016583005393767 -0.03330877835290993 -1.6540484328030738
0.028340121084985886 -0.005360164636396835 0.05745 -1.6896110147032435 -0.11898720816107969 -1.5567580487577013
0.03004987446926792 -0.004397794394427586 0.05745 -1.7090072333013089 -0.04968910704202449 -1.8440709929179473
0.051419968536584995 0.009706032120744055 0.05745 -1.6635088562504863 0.05874903780714602 -1.5772664302468629
0.04202494722365697 0.009263103107529277 0.05745 -1.712344203244021 -0.12242715850086129 -1.6599385153297093
0.04067148463564522 0.011665991109438755 0.05745 -1.651217373333456 -0.1457364644740954 -1.512138749439003
0.04463430090179077 0.007900562975626963 0.05745 -1.6733713591824662 0.046595111772403386 -1.5229255864137985
0.03942153509353053 -0.009967704761691577 0.05745 -1.628794716051797 0.04698727792802834 -1.6246624347236338
0.04126220934347022 0.007385243065845459 0.05745 -1.6451613302835721 -0.03366660537887776 -1.672240690386674
0.0278316869822965 -0.009987620471418957 0.05745 -1.476028328002588 -0.1116282336815451 -1.7285955696200748
0.03510200079918218 0.010738406666271462 0.05745 -1.5843684188169282 -0.177616340310813 -1.754988403103363
0.027433737618226223 -0.002229319465741203 0.05745 -1.8059471786572163 0.0036639994915706048 -1.5881884509487156
0.027743926230498768 0.007137932225598208 0.05745 -1.6875579353769898 0.0020917497966459198 -1.597173293463103
0.04789485093331129 -0.00210574925580001 0.05745 -1.6474000474105315 -0.1555817088094521 -1.7301925546668233
0.031968488133816156 0.010596858989034902 0.05745 -1.7269460717768987 -0.16586656853480175 -1.5613021039933257
0.02762317621660006 -0.005210127185732444 0.05745 -1.655266908415573 -0.01778832711673997 -1.6275828922188005
0.03776956302393066 0.0146342981030047 0.05745 -1.7118206981878017 -0.06810338254340732 -1.5978223342528022
0.047264805817036806 0.006549967503117088 0.05745 -1.705927643541435 -0.07601287952539287 -1.861235798590393
0.03161206130395201 -0.00750073544622352 0.05745 -1.652316042205171 -0.1063424507227551 -1.5558767866639194
0.02720105148311301 0.009087601995935684 0.05745 -1.456458041606184 -0.05295685245036811 -1.6731858117923164
0.029684220045411713 0.022054979308514418 0.05745 -1.703462301146559 0.13059925827830451 -1.5465025457149497
0.0337810313734239 0.015704215257360342 0.05745 -1.5205584850512885 -0.021019764003885513 -1.6019817669017
0.04457465997608234 -0.0043759587847461085 0.05745 -1.534137052988509 -0.1968747682921458 -1.6835604115511473
0.04359020193780707 0.014093585947906847 0.05745 -1.7406945586701579 -0.13122081150809836 -1.5378140595836454
0.030216301753221462 0.010770690405039062 0.05745 -1.4604802522421667 -0.11245065688929771 -1.7671322009046757
0.04970602446332551 0.008905300496388732 0.05745 -1.7151265698202538 -0.04601806485818424 -1.7396704880445126
0.04120088311693874 -0.0027436691966622817 0.05745 -1.8233664118524897 -0.10597569418233582 -1.7522470093426112
0.03582075028557957 -0.001840710595643084 0.05745 -1.6962593680556504 0.045630903406414014 -1.7665115792395096
0.05259336925368811 0.00048643301083694905 0.05745 -1.6115096161794602 -0.05329789879428412 -1.5252987493939059
0.0422643629958771 -0.004800635130547908 0.05745 -1.732252731247827 -0.07539567064622066 -1.5731013244132674
0.04997942687308343 -0.004821243909979342 0.05745 -1.6321270122633948 -0.07244889444904767 -1.752454232933448
0.047662854777913766 -0.004387417357332331 0.05745 -1.603852838786703 -0.07315118697344894 -1.572680715226831
0.03499732498484407 0.00965908212260017 0.05745 -1.5356330100022835 -0.1478090265492788 -1.6341704341314705
0.043067489282740914 0.0020583628733346453 0.05745 -1.6994398045747319 -0.06657887972921137 -1.6295735076821525
0.03264946180891961 0.004890939303394962 0.05745 -1.71323159829959 0.11005714891460289 -1.7064335145544582
0.052071533354899 -0.0004917738288598428 0.05745 -1.7067190828902215 -0.03387995289226257 -1.6989534380427307
0.04945912124363665 -0.0022168739690169035 0.05745 -1.7690928493525888 -0.06809132208089283 -1.8300200777738773
0.036239651860399937 0.0139632228550332 0.05745 -1.738950209737875 -0.013226647799858271 -1.6503088596779656
0.02786154042316279 -0.009886385629194588 0.05745 -1.8168608710802034 -0.06029379557134355 -1.677723627489532
0.04148232070668399 0.0040739461554946555 0.05745 -1.7963179891672023 -0.041988973811604914 -1.770594323508568
0.028277555261613612 0.006550073049086698 0.05745 -1.4465800103492081 -0.1373776276854041 -1.720364578150539
0.037541009112820836 0.015857530114994474 0.05745 -1.762503061921839 -0.13594952717418915 -1.5970008671235087
0.0438537389024989 0.007481733234583931 0.05745 -1.58332875408711 -0.042449494909967876 -1.6105357654083863
0.03369752017048169 -0.005093634303340462 0.05745 -1.6573644037879216 -0.13979678753315672 -1.5765745027371734
0.027881412673760448 -0.0020877127767466135 0.05745 -1.6684360178176805 0.0033723313373956454 -1.7134266554141404
0.03708209699695754 -0.005367040234151952 0.05745 -1.796988660922974 -0.14603348558763177 -1.650624277163122
0.045614691408629476 -0.0022403596499393904 0.05745 -1.6306174398900304 0.01682704611374465 -1.684403754801234
0.0296260424571624 0.011549238059036985 0.05745 -1.6011168579110797 -0.10771246190134379 -1.7534943862284034
0.02912729520720922 0.012436297551644207 0.05745 -1.672881205316309 -0.15012512399674866 -1.7595461533173964
0.03088116623686871 0.018258010543551847 0.05745 -1.631427788306319 -0.013014480413009746 -1.5815375288022273
0.032640965396324176 0.0011062208787716993 0.05745 -1.6223264855394128 -0.2327654967401433 -1.714891945040237
0.040365508624398284 0.014871671897059046 0.05745 -1.5295922655443324 -0.14461462243543874 -1.6529457136815042
0.04335506294235715 0.008925114866262145 0.05745 -1.5556607438775445 -0.03635730777977734 -1.6614569767740404
0.029351453150706926 -0.0023587240805314448 0.05745 -1.6651691301057756 -0.17910455459917685 -1.6321310238429223
0.046549325390150165 -0.0048140921422654215 0.05745 -1.707418440705979 -0.11516060375447768 -1.7965205913320692
0.033997900098297146 -0.0027257898080254427 0.05745 -1.7068912692776197 0.15325589782634982 -1.600517719405463
0.0480646117194892 0.0017396493023257124 0.05745 -1.8092987247271555 -0.09501092022404191 -1.451721453779531
0.04633911477024271 -0.005282992333371376 0.05745 -1.551496320897357 0.07554959772409686 -1.4789421761538901
0.0288640741096657 -0.0037454419733037357 0.05745 -1.719717812685552 -0.04997694212690126 -1.679872400434098
0.043233491728890155 0.0017871911946559516 0.05745 -1.7015849113168973 -0.12210731184590277 -1.6705153681340572
0.04149872837006981 0.016602609336482672 0.05745 -1.6708964281679035 -0.04485710781803589 -1.5972261451781262
0.03406490245689819 0.00810470575333489 0.05745 -1.706050284553998 -0.05322643180142077 -1.6359954203763003
0.028685980026543635 -0.002670187949442255 0.05745 -1.4943658541203577 -0.06649888569377682 -1.7490627555634095
0.04821124847318188 0.0002810314373562564 0.05745 -1.6423886523166369 -0.0662264196741082 -1.5554899030112097
0.03400835810895831 0.012771948829753988 0.05745 -1.6549413346920425 -0.006551007733050604 -1.772704782452342
0.03415199136759667 -0.006674482327557565 0.05745 -1.6127714011959098 -0.0882833111727403 -1.596987691326832
0.0523191814039911 -0.0033457114080412236 0.05745 -1.6227644449934628 -0.047436726750758086 -1.6639882439228086
0.04556353459339759 -0.005407228030742107 0.05745 -1.709730419725364 -0.03692266152067948 -1.6613231854995496
0.03485670241888121 0.0053837967351127395 0.05745 -1.5569459176210123 -0.23950671414737815 -1.7193494372209908
0.036617231582909276 0.0176437024162691 0.05745 -1.5957758995370692 0.1210956712324911 -1.5952719603556542
0.04460786890142464 0.012079310966333521 0.05745 -1.6364647567135706 0.04932605223735337 -1.6587646139244199
0.03473853419998424 0.0024003329966364693 0.05745 -1.7209905923905235 -0.11726584923987537 -1.5513033760525563
0.0367149678988879 0.00325132500085803 0.05745 -1.6344609525600942 -0.14002167099183804 -1.651381759892848
0.033681969245031265 -0.004960459534806684 0.05745 -1.6839165067295845 -0.2233182038519234 -1.7116087703599225
0.029985966676260967 0.0220607945306509 0.05745 -1.5998428307821757 -0.2550313856314611 -1.670965971823198
0.053650925610500444 0.0035639054521441824 0.05745 -1.611166564327064 -0.27016049295203803 -1.5068787911061086
0.03471632311654829 0.009641976027091033 0.05745 -1.5946584306986031 -0.02391024798256526 -1.6493809058187134
0.042012360779967214 0.015262751109100607 0.05745 -1.6927211047654116 -0.03625981646596878 -1.8202308289433193
0.033509856210908455 -0.002300051002873345 0.05745 -1.700821020059173 -0.0486917590032148 -1.5763749896760968
0.03436080257159285 0.016630068153579952 0.05745 -1.6500903339086166 -0.0645061996141735 -1.6858374110276144
0.04013025097529656 -0.0006623259816793455 0.05745 -1.5340022526802486 -0.30863401937068086 -1.54412255045955
0.035685546764814495 0.004081025713709531 0.05745 -1.6012681140544882 0.007490155334164569 -1.6147308675635232
0.040335551547219683 0.016153389747544447 0.05745 -1.6835638333631442 -0.015242639459228005 -1.582420860618491
0.04895480559701618 -0.009257902883699178 0.05745 -1.5191661618361452 -0.17611066094340458 -1.5480383905838782
0.032607272443115905 0.0021530894143935893 0.05745 -1.6568609649157084 0.02733377192710748 -1.7043357955433551
0.042182562675452125 0.01586131625709552 0.05745 -1.774203765221341 -0.0634337450173913 -1.6525730739677797
0.051399579232766134 0.004762687981888582 0.05745 -1.65742962058852 -0.2127025381113336 -1.739303717482348
0.03622674841176877 -0.004351041721437313 0.05745 -1.5995844944737032 -0.17943107049482404 -1.5994785416032142
0.03032323397103343 -0.006708633021599983 0.05745 -1.5606506648833312 -0.1386381682522108 -1.7712457793393306
0.0456370954811388 -0.005094879395283119 0.05745 -1.7174884391470995 -0.03056082437376536 -1.6692227007580438
0.04153380032632405 0.00485057412929564 0.05745 -1.5741332064447098 -0.13819908127983047 -1.6626015117110668
0.03617276705408869 0.002811631249863321 0.05745 -1.8255509492143964 -0.05503183450381636 -1.4704274505777821
0.0524986807572658 -9.275900473555004e-05 0.05745 -1.5505918845905136 0.10367877832141661 -1.7320394052191066
0.03183515921602646 0.004599743000299675 0.05745 -1.6736840497576158 -0.1189345542232246 -1.6215788429565634
0.03876975024055543 0.01631659562780157 0.05745 -1.7555742270651675 -0.1465039175298962 -1.6054646476255865
0.03196249382074016 0.015478394676571352 0.05745 -1.8010807797796822 0.09848847214490969 -1.639038501644984
0.042900782071340654 -0.0038070944682193656 0.05745 -1.7787254215903519 0.004440688612615595 -1.5703484626718485
0.030780351073757706 0.0034781915111222785 0.05745 -1.7181083907980852 -0.03628941400920859 -1.5893660058886256
0.04263098790278733 0.010914555393873994 0.05745 -1.7140254588398902 -0.23220007098413162 -1.6801156265805681
0.04798116476662735 -0.006472342497855969 0.05745 -1.611746319866468 0.017576581082793002 -1.6741436646518348
0.03131446869439697 0.015212092927373673 0.05745 -1.5386968238445065 -0.2016425666006607 -1.6332841911339981
0.029141507697785028 0.01797756849359755 0.05745 -1.7212452108692187 -0.20871243411472729 -1.5371728526717001
0.03721831388350698 0.01855209705418224 0.05745 -1.6441707089408608 -0.07806991606314476 -1.5901442335919516
0.053495650389284014 -0.0018959854238746743 0.05745 -1.6432399593428493 0.012716120831806912 -1.7584113871162403
0.031270376273054526 -0.006097095163095336 0.05745 -1.7345689889489935 -0.1252449384402889 -1.4224613925547573
0.028856659859546434 0.0010493225421544794 0.05745 -1.5934080941041153 -0.03132660977889319 -1.6286161048131755
0.047616989012513516 0.0071786020510326235 0.05745 -1.7827130469362615 -0.006726348252337325 -1.785889652443997
0.043970087112302256 0.0009972258727380234 0.05745 -1.6309102863102143 -0.18471505090080886 -1.6602665791864166
0.05214177712442757 0.009238671230089745 0.05745 -1.8409062969732006 -0.19569327249536425 -1.7044431788926873
0.03907491073663637 0.001904148058437978 0.05745 -1.7212178168044268 -0.024008496458619175 -1.7080455725547439
0.02957539176098491 0.0018810959478003306 0.05745 -1.594408154714542 -0.06670526612192192 -1.658593616820565
0.027904040205915394 0.01412412939525655 0.05745 -1.7181223031467394 -0.19571198234520798 -1.6218222267723155
0.04380682953709794 -0.00768754796797416 0.05745 -1.8789154112438804 -0.10677809575141066 -1.5692874684044482
0.05305504150756184 0.0049592114299597395 0.05745 -1.6100006018241226 -0.16653301061346223 -1.638460262441167
0.04765205259989344 -0.0013597273655276756 0.05745 -1.7312832712650255 -0.13123386027329695 -1.730803336459075
0.05153190864751835 0.002672082646613611 0.05745 -1.6473822579634259 -0.10889357430969905 -1.4628708915738735
0.04211698327053109 0.003991314120541453 0.05745 -1.665451201723619 -0.05433771226178448 -1.7098699200725103
0.04887878575563968 -0.0007464209595498244 0.05745 -1.6696389755301446 -0.0014455157747267355 -1.5161788341554685
0.028575532192527214 -0.0007240819303851453 0.05745 -1.748194968028992 -0.08340153554470861 -1.7399234004125579
0.03076138430331251 -0.009668793508944536 0.05745 -1.6744267295289232 0.007097666240446457 -1.5578724758357672
0.047302265139195054 0.006062817510174767 0.05745 -1.5901814778826988 -0.15561893115625952 -1.6424479231636937
0.02957163595162738 0.003588610736776434 0.05745 -1.5762990124238219 -0.12618881540654184 -1.7726451774487366
0.034940537910182784 0.018336527973228753 0.05745 -1.7961848598597372 -0.05029735636968912 -1.7601501942081796
0.03738882190365189 0.007672685646176526 0.05745 -1.726408430708489 0.011914482943601284 -1.6799902882346704
0.0509364202415306 0.004765302146975174 0.05745 -1.5745997068823183 -0.00636811672720268 -1.707495586910466
0.032668947935031674 0.01389716192768855 0.05745 -1.5607806451184338 -0.15164061220548208 -1.624604231312003
0.036454709480387065 -0.0071043224527209325 0.05745 -1.5655096690893768 -0.02674768654401482 -1.6705337653742531
0.032541661039388395 0.0005627765452862511 0.05745 -1.7598358700809462 -0.01925357725845514 -1.6187886609126825
0.029545033569951074 -0.007941482189279262 0.05745 -1.7304339080836912 -0.15486139696599754 -1.7678119603189104
0.05037280455466344 0.0025999223738393425 0.05745 -1.7147938516471857 0.09409939973693915 -1.6342419459589528
0.027334961268663936 -0.0036370137115482263 0.05745 -1.661543916326696 -0.07757931499644069 -1.703626436309756
0.03734268817908705 -0.0009282460344800687 0.05745 -1.7158214770209161 -0.09575192069942484 -1.5776818309618055
0.044619811686394506 -0.007285526103207219 0.05745 -1.5333428431222123 -0.24343988524975926 -1.7404236506261033
0.04579660780361283 -0.009616902315725595 0.05745 -1.688761302254782 -0.08333996133595128 -1.656417628067596
0.051480580556126206 0.008664803675430563 0.05745 -1.5711136697451507 -0.056503065018445806 -1.7289115055681474
0.04077953595958036 0.009051010219720565 0.05745 -1.8003485600902518 -0.10539265388630628 -1.499972964787033
0.03786499129490692 0.004091672567727578 0.05745 -1.7335791113019314 -0.04498574547836372 -1.6451776333074921
0.04544401498214915 0.0030034306556653793 0.05745 -1.704702962781913 0.00562781188228946 -1.5638435530665686
0.030369949014058633 0.020912850259120624 0.05745 -1.616391316030004 -0.05195852100188915 -1.6173289211879986
0.03955274160947336 0.004736159590901094 0.05745 -1.6205374038014955 -0.009351068849407493 -1.7354439464762896
0.03506438767068457 0.0017271100296546108 0.05745 -1.622619108392654 -0.05525737667175386 -1.7457727137850876
0.0464280369648152 -0.007750153977223008 0.05745 -1.7095887358816542 -0.07918960609770759 -1.641359075879919
0.03005323475637887 0.0036613205711953263 0.05745 -1.559348464351027 -0.029280513719310307 -1.7079982135960767
0.03126626991673867 0.0016955549688370975 0.05745 -1.710259013961402 -0.23372825507432704 -1.6422733276213057
0.04185025029032727 0.007415536568361433 0.05745 -1.695857760463128 -0.03181760587498856 -1.7272688032061039
0.027359165222755732 -0.008697855069489837 0.05745 -1.5439879177337588 -0.13291532315074783 -1.7139437326974105
0.0323984287244882 0.01593433932935142 0.05745 -1.7047602313096148 -0.11255720774022626 -1.6019315882156953
0.02892792792229569 0.0030839413086404636 0.05745 -1.4622745754346678 -0.0642393639380324 -1.5839830563428547
0.05371047785806901 0.004174532578693071 0.05745 -1.6454432229906488 -0.03845647005172276 -1.6311602040070277
0.03417858008474967 -0.003267017027642448 0.05745 -1.770785307743842 -0.051496144791305244 -1.7567936779037199
0.031314576060400875 0.011335799917292418 0.05745 -1.7572925876169558 -0.12736997286316343 -1.6513445647571232
0.03810845574976911 0.01843641940251351 0.05745 -1.5397557787388247 -0.2120675509686916 -1.5178092315535716
0.04600835569728019 -0.0025798646082481266 0.05745 -1.6172917349434526 -0.009974635436334214 -1.4419543678492015
0.03906260877185537 -0.008903451954975609 0.05745 -1.7889456221562376 -0.037889397934179773 -1.7568014957768001
0.03444030071039908 -0.009705400971032918 0.05745 -1.6809459181101136 -0.18597132889129556 -1.7269685508864896
0.030081532593723717 -0.002956315478895551 0.05745 -1.5914320676871623 0.007775659883548655 -1.608686654736749
0.035077092382475805 0.003913503414752455 0.05745 -1.8605929953034264 0.06790074909602897 -1.7220655286095146
0.04775750224135816 0.0021796905096081332 0.05745 -1.7878573229974928 -0.024967523428306194 -1.7309155440710045
0.033245196874520766 0.0026611483630466157 0.05745 -1.56241339058991 0.04842163444899908 -1.6046505220163416
0.042879944082029 -1.6753045224722832e-05 0.05745 -1.593333020695916 -0.1716132662163491 -1.7024250819671412
0.039202676246480335 0.007864002455956554 0.05745 -1.6045876800039371 -0.14164607375945235 -1.6676256240341492
0.034806865321678614 -0.002996771019049568 0.05745 -1.60246625197933 -0.07026469503290741 -1.5580786806468738
0.038302349348857824 0.01703212279515077 0.05745 -1.5436466250138443 -0.0613598825808592 -1.5495108028916282
0.0507817165594283 -0.009814865382171918 0.05745 -1.6596919320068126 -0.02150271472338651 -1.7634017491008285
0.050036734488177505 0.0007773726437392808 0.05745 -1.8031488399067603 0.005540316218945074 -1.625434946926036
0.03214564177779448 0.008509513428342172 0.05745 -1.6404378354733675 -0.02885567571276077 -1.6351602466531845
0.047041659917414436 0.004760075124158349 0.05745 -1.6861275075150344 -0.16627225322655872 -1.5868398707955895
0.040067320491614704 0.003712111095443919 0.05745 -1.569423475411314 -0.10536438066874862 -1.7983531868904856
0.027931057964965752 0.00855827679850763 0.05745 -1.721771562518076 -0.11358627933301535 -1.8398986835384314
0.0298989725666288 -0.007577456959158598 0.05745 -1.6485745308962225 0.015325608202297225 -1.6237678055841986
0.04156210016886734 -0.006507817512656917 0.05745 -1.5049849615040403 -0.20888419619470538 -1.667101539692714
0.03653333750062743 0.005593770168903887 0.05745 -1.68837738582204 -0.18191070688661243 -1.6920675292518914
0.04103811366236561 -0.00877211449844393 0.05745 -1.7194529174887858 -0.18003365010218939 -1.7318733895477556
0.028982399643131495 0.0123148958162297 0.05745 -1.803835610682388 -0.12426121801173019 -1.5609764795366243
0.047769987344674705 0.002693338255407577 0.05745 -1.690649812553993 -0.11726991708433612 -1.645183496648031
0.03336426600454713 -0.008940134124796316 0.05745 -1.5008745952821614 -0.15902761002006144 -1.5282496265688368
0.045880948885164856 0.010464332531238492 0.05745 -1.7221935402345436 0.017897504833912253 -1.4704025437168955
0.04837749288256568 -0.005025964997530642 0.05745 -1.8378398592846379 0.027737047070579793 -1.60363047645358
0.046663203444012015 0.0034979812732057417 0.05745 -1.6441601979175808 0.036990705061364024 -1.73522720337328
0.0514619330500489 0.010441838213541348 0.05745 -1.6069503716561768 -0.22397196864880917 -1.691728269694448
0.03069678687722771 0.016038846306782692 0.05745 -1.7332548482970749 -0.044216392588309256 -1.694607076541009
0.032813799577935926 0.0068506456877115065 0.05745 -1.623959019904126 -0.058722219271785406 -1.7261170704597126
0.048861402214957265 0.008576355379333793 0.05745 -1.774265680212352 -0.27317807015607015 -1.5685903484753332
0.03265675618058409 0.00012712744108002091 0.05745 -1.588159730316092 -0.025297997606493254 -1.6460114347015813
0.03324150806279458 -0.006546801769501497 0.05745 -1.7484710649792237 -0.01696944316824646 -1.6353777405052117
0.03698571043478223 0.014895317115181763 0.05745 -1.5240929664505107 -0.15544074883018083 -1.5331265265160783
0.04963505847841221 0.011245127506354433 0.05745 -1.586827388656378 0.020234359961833856 -1.5790510984683244
0.04483442675772201 0.008237284995290228 0.05745 -1.6682659931935215 0.04402026380140947 -1.6765294765378318
0.034842880757790635 0.018404533879351162 0.05745 -1.6675855428023716 -0.1429867749761342 -1.6246355678919375
0.04896292621343984 0.00017473993427357705 0.05745 -1.613408350825028 -0.09485824485669574 -1.6581525582935444
0.03459126362088919 0.009449303140816922 0.05745 -1.6105623064529864 -0.15760111768255616 -1.6624617683262064
0.03939244227827886 0.014495475391755776 0.05745 -1.5618624629292421 -0.07007833119743181 -1.6758501375418344
0.037792031250018204 -0.0006695052828594329 0.05745 -1.6325800716660732 -0.1008571664716573 -1.722740463372066
0.03803097677596299 0.0048393236556483355 0.05745 -1.5375884856415192 -0.09269612071540606 -1.7577519674004107
0.043869318540675925 -0.005392940956219061 0.05745 -1.591814635970293 -0.0261883482056509 -1.7401304972328018
0.043483574427345725 0.0010761315894345109 0.05745 -1.5972675361898 0.05268158175280985 -1.6612069444015858
0.053815284515564096 0.0009712261377061836 0.05745 -1.6208338275744945 -0.03117705437982437 -1.559810098063474
0.04852148913182214 -0.003954773510328438 0.05745 -1.5843999274197391 -0.12051922846393603 -1.6642460300419002
0.043959393175692 -0.008838411095097696 0.05745 -1.655509997734129 -0.09565619744409638 -1.7788300019972507
0.052900401957389875 -0.005584070018978899 0.05745 -1.6521461700629518 -0.07767265437692294 -1.5666813394368495
0.04985224199178568 0.010599957036365725 0.05745 -1.5606097097830394 0.05872414559121866 -1.5966162420253807
0.038207530124832134 0.01681500871197321 0.05745 -1.7799904678038794 -0.09089176341910067 -1.564667061161849
0.033057676650404245 -0.008213439599323268 0.05745 -1.766614765605215 -0.08595370931075534 -1.610176677057457
0.04228955704731977 5.669426308995036e-05 0.05745 -1.615069923523435 -0.11701640611964194 -1.6949961686167736
0.03361709891941032 0.020411915453217848 0.05745 -1.6251922684193432 -0.030556833842100728 -1.7048148584013567
0.034973689043387296 4.682839822148059e-05 0.05745 -1.6782716540207405 -0.20750272923219637 -1.4244319082930557
0.028508330707356457 0.00824114533334924 0.05745 -1.6294824879566634 -0.12632491732928758 -1.6830057691934135
0.03049476401824189 0.0007419810522279989 0.05745 -1.7448208789306283 -0.031980865751847685 -1.6289656373804031
0.04563326605144112 -0.004467839251305761 0.05745 -1.6775262477468136 -0.07528112539948291 -1.702464191373669
0.02842203793196592 0.020189281028403096 0.05745 -1.597731846904237 -0.10149618685720725 -1.514394440769352
0.04868615846903363 -0.006281590798193331 0.05745 -1.7851668477818994 -0.12154166189224075 -1.7586237270583092
0.040130158114872645 -0.002039395765750702 0.05745 -1.670763846312376 -0.09219330898692174 -1.5542907822108398
0.03868621465228042 -0.0036351078636088783 0.05745 -1.7170075384562462 -0.054946624885623525 -1.7351924077621645
0.04790053975383718 0.000952532983412838 0.05745 -1.5796683434438563 -0.07727561750665998 -1.6463456458848318
0.04860153048285945 -0.0008232929174395286 0.05745 -1.496992819825864 -0.22417950848598905 -1.689989453931833
0.027740894458068627 0.021272588791971803 0.05745 -1.6988733849229996 -0.009961878602230467 -1.7020899489540517
0.0368647718132026 0.01592475337591591 0.05745 -1.4801301082436682 -0.13654372125201603 -1.658410043762343
0.047363044336032716 0.004715291498770929 0.05745 -1.6801047474480695 -0.008368005806410755 -1.7682470822893839
0.043456842953410534 0.011377202761340325 0.05745 -1.5467567910389775 -0.21940568103897762 -1.7281498841874847
0.03305073612674437 -0.006075080280586304 0.05745 -1.8267755656928901 -0.0859271995369504 -1.7241602823454718
0.027139862791605615 -0.009223536609112638 0.05745 -1.5334759702906442 -0.06971829676228061 -1.5980595548169338
0.034894817158069386 0.009724565073641904 0.05745 -1.6274207946517945 0.03644451789987724 -1.6614867089257714
0.04236848819987726 -0.003693127541331379 0.05745 -1.5177837273597725 -0.06962270815549451 -1.7793878264083218
0.04783715864430371 0.003746580951129062 0.05745 -1.7420779067786722 0.10757963346494706 -1.6492114470933001
0.03665438600595698 -0.00744378155014194 0.05745 -1.7319502127638076 -0.14768117703613892 -1.5623162205826804
0.051592627303484226 -0.006846441546110469 0.05745 -1.6564250588658698 -0.15714852246261982 -1.697013643762457
0.03219492829164015 -0.0026630695073225083 0.05745 -1.6454449660712254 -0.08394339585422628 -1.6113194790099374
0.034395148585666876 0.0008360196720808427 0.05745 -1.6582078372065858 -0.004916223722024424 -1.7050495006036717
0.034967646479592045 0.015955065780946777 0.05745 -1.4862348205757576 -0.08997678611963998 -1.6710762155235988
0.04360557014427781 0.00860459007482048 0.05745 -1.4701615106801562 0.09205160648022417 -1.8046531107438288
0.04925738608731228 -1.2691633359793869e-05 0.05745 -1.7549053912389607 0.0724198495103541 -1.577751713813347
0.050347401891711316 -0.007522996342439556 0.05745 -1.7256018889513367 -0.17074378559338832 -1.795513947811914
0.02735824402549957 -0.003465848612152036 0.05745 -1.575346443555617 -0.0916637628590866 -1.5469889242972439
0.028017741228282163 0.022126414567564645 0.05745 -1.5319329209252197 -0.019249571348511962 -1.5960662467560507
0.05229254858297548 -0.003296887033285619 0.05745 -1.5945573008839942 -0.07171457631379125 -1.7597605001244734
0.04935268811592597 -0.002421452206408101 0.05745 -1.721642389149618 0.00605998496569915 -1.4943126073432111
0.04440962254620974 0.011952906868180692 0.05745 -1.591466237392234 0.12360166228913796 -1.6110600389920262
0.032818652029406405 0.020585736589006184 0.05745 -1.6773988897609784 -0.07246401726081382 -1.685524275447556
0.03566205724760961 0.007676107243180316 0.05745 -1.602243656167094 -0.09083242162799719 -1.6532419369259226
0.049467841031826054 0.009836156320234166 0.05745 -1.7907218165871792 -0.06008096019679612 -1.7480264109337456
0.04578384758191612 -0.0016482243672806297 0.05745 -1.6197153335749002 -0.10445074834415206 -1.5700721310401013
0.035471687908148114 -0.002464537819977973 0.05745 -1.576255772598408 -0.12202153096612561 -1.6737606932873206
0.04937495662311925 -0.005141754138237099 0.05745 -1.5824432565493673 -0.2277108190741282 -1.7264384224209968
0.02986383322286221 -0.007184114822162461 0.05745 -1.452700545831883 -0.00696593042339036 -1.76845931027927
0.03909891452523478 -0.003213934256387244 0.05745 -1.6568061414449406 0.013820694486375781 -1.67754794330332
0.03128770090686387 0.012668254193597172 0.05745 -1.72619786477569 -0.023789818949050814 -1.7175181140474194
0.028641351021420507 -0.002711432472038808 0.05745 -1.6524745456156817 -0.030424259363135545 -1.6097576882514302
0.04692490138204836 -0.00778753502911953 0.05745 -1.6859456041254388 -0.24192712801480432 -1.8214456209182353
0.04813191485448861 -0.005280195362695807 0.05745 -1.622469840541085 0.08423594126925318 -1.6722044251528947
0.05086917807879009 0.0009180201491392152 0.05745 -1.669787859482678 -0.005236028135142193 -1.699649509773912
0.050285464479217515 -0.004726272386671449 0.05745 -1.4878309907643572 -0.09387446655105952 -1.6341692197904625
0.05098542988083639 0.00013585210633263768 0.05745 -1.5747965560510435 -0.029659372483758453 -1.6150262183774144
