-0.03835048755194013 -0.0062087604599557235 0.05745 -1.6545022612357365 -0.1881224517991918 -1.6703896112881869
-0.04291900578345829 0.010461317103864573 0.05745 -1.4599478688789422 -0.04885863643445021 -1.6100085871065677
-0.03426695925458027 0.013188287993339104 0.05745 -1.7115092204519304 0.06217754677515597 -1.7723211351279782
-0.044312672147353856 0.006490126916132924 0.05745 -1.6111271165005996 -0.221020051806474 -1.708644167717833
-0.03273518326083673 0.01180219125750888 0.05745 -1.555371787978517 0.08758208347014101 -1.5429499250399117
-0.05014501997929259 -0.0012627883750684268 0.05745 -1.661135587347385 0.02560383100165871 -1.5398506187005019
-0.03747815158509971 0.012275281548125105 0.05745 -1.6417866866439863 0.021637625680195144 -1.5623315594089695
-0.04598874220861306 0.006360934875180689 0.05745 -1.6200121334398394 -0.2209139075423193 -1.7471357351618622
-0.03221215863123546 0.010549775421178758 0.05745 -1.467768252723155 0.010830193903092797 -1.567402163629121
-0.03613840583506457 -0.009835497253097802 0.05745 -1.6080740338112998 -0.23895245050697395 -1.630405323227324
-0.03763029567224814 0.0037829920423227206 0.05745 -1.7216247419337938 -0.227835557857375 -1.8383667256894487
-0.02940590004009954 0.00963526163840806 0.05745 -1.7895583919206581 0.005493635972597097 -1.584033235903487
-0.05187002137815221 -0.007192199340601869 0.05745 -1.7003013492574048 0.07362373171877845 -1.6784057803986459
-0.04059418732307972 0.011876424588380898 0.05745 -1.6804260361174508 -0.08078864608446076 -1.8051231717787604
-0.03338282214018995 0.008145432854490457 0.05745 -1.6235757879778534 -0.17741535942440095 -1.6858602554258284
-0.04853598355493165 0.004509194734147565 0.05745 -1.5935313525691674 -0.16974243822405632 -1.5831682398950007
-0.04365076222337472 -0.001008319529923701 0.05745 -1.7309699794132647 -0.07094915341315618 -1.5572339796589267
-0.04984768405199488 -0.008752322820596313 0.05745 -1.6721687680604147 -0.17521592715689474 -1.4928913387083478
-0.040527096462896324 0.0006465976631050609 0.05745 -1.6270424423734777 -0.29365803675524343 -1.651335237183315
-0.03841616732705933 -0.009001930278573687 0.05745 -1.5937306711730441 -0.011304508521498419 -1.635166095683447
-0.053355635703238445 0.007636759591116453 0.05745 -1.734609568651968 -0.04009588343950329 -1.6590021852496237
-0.048785171380228386 0.011045974946849736 0.05745 -1.6106502338640818 0.00956951259182276 -1.6600350936085724
-0.0319561615186395 0.02050032742985443 0.05745 -1.7037339863095606 -0.02497320823908286 -1.6469676329313938
-0.03415360215565408 -0.0018245138808702637 0.05745 -1.6880187515121328 -0.19451547693162485 -1.76812244251249
-0.04651993569588431 0.007815312589399872 0.05745 -1.6891806080621203 -0.0798899646640281 -1.699621799735167
-0.03102460509541061 0.01379609497096604 0.05745 -1.673549239960459 -0.1272629367954452 -1.5150489958906308
-0.04113362637593339 0.001982113336951105 0.05745 -1.741108644125079 -0.12453224708411555 -1.7510991336266015
-0.03161489635746939 -0.005907886532410053 0.05745 -1.656301949521973 0.030371710674520283 -1.747811220585677
-0.03647571290666759 -0.00022763381858159452 0.05745 -1.6157851321044114 -0.114544764392425 -1.4987208827831071
-0.05141154499236566 -0.008886793440272224 0.05745 -1.7404094837284683 -0.14475794691097948 -1.7959663086178699
-0.032793704204084576 -0.000453714091250711 0.05745 -1.6778055557312448 0.003991874663964917 -1.5082410070424954
-0.04734724882443556 0.00045203162555961657 0.05745 -1.634850776590227 -0.13672700785907024 -1.7216955396709057
-0.053783063526354466 -0.004675279605944091 0.05745 -1.7197881003727093 -0.028239517969799177 -1.7489458633750758
-0.032744732006129956 -0.009324248499099156 0.05745 -1.7163276985844116 -0.1364366183102586 -1.6609663413962166
-0.028493792566157323 -0.004016815702822715 0.05745 -1.5959824543796548 -0.0891114365218494 -1.6926224713003544
-0.0409627324770553 -0.0028475578653916166 0.05745 -1.6182797663219823 -0.1188598687324426 -1.6157856197208338
-0.03043051401762598 0.011517847131789912 0.05745 -1.5242669929905204 -0.02785497366847168 -1.511290300624866
-0.04901047463489677 0.008411419604745356 0.05745 -1.647904557503993 0.046160657311897 -1.6926320852988055
-0.049153608678547914 0.004733024046050386 0.05745 -1.61695589303579 0.006583395989741683 -1.5516143281621073
-0.05382219632715425 0.00871655209284483 0.05745 -1.8188097236317091 -0.12070819722060304 -1.632925427610758
-0.04533984058515912 0.004546204484603264 0.05745 -1.77305486412718 -0.09672183923938009 -1.7284774969081846
-0.04112577521104305 0.014489157872576286 0.05745 -1.7135963626875341 0.020726987713829317 -1.5323725844293905
-0.03476595584386271 0.015774123844274242 0.05745 -1.6333586273672052 0.05535937658115364 -1.5228837783976557
-0.047739282535187666 -0.009958592122170524 0.05745 -1.6444914960096406 -0.10524089897428608 -1.718143435202564
-0.029857715983490532 0.023280500304416432 0.05745 -1.7321191727916765 0.10071692649636399 -1.6348131457569766
-0.03269141325240996 -0.004550168619671882 0.05745 -1.619872425119711 -0.1473002532085929 -1.6029308210701372
-0.033787614585345765 0.0046377265805142755 0.05745 -1.573164028779435 -0.13820451410527507 -1.6742504955456343
-0.04916958737815355 0.010842316781118284 0.05745 -1.7101203301324888 -0.03635395665298303 -1.6269220077750173
-0.028147020737206634 0.021654121278711774 0.05745 -1.6997433445177657 -0.14988098835132005 -1.6513480665143194
-0.040204702639013365 -0.00365177563358674 0.05745 -1.6763769671881612 -0.13934801986790604 -1.7180058149951691
-0.03325443360811564 -0.00959548213387745 0.05745 -1.6797981326387206 -0.22149330930151348 -1.6597030706585914
-0.040147121024331364 0.004316033835705713 0.05745 -1.7654763950391137 -0.10910688332203433 -1.803633072635127
-0.04672011237310845 0.0035729784855898575 0.05745 -1.9150229172325308 -0.14961914871546161 -1.753505868601783
-0.04203519079367523 0.011588197314803607 0.05745 -1.6884943968238284 -0.08985611592664611 -1.7722593055504483
-0.04243345370608618 0.00010227607710806656 0.05745 -1.57169271358305 -0.010789779216246784 -1.5600855797959288
-0.03821212802647093 0.0016041228446976585 0.05745 -1.7975241568326514 0.055841196595086545 -1.6058147981878406
-0.0321695740995675 0.002448685810688238 0.05745 -1.7154583001216381 -0.14780097804024944 -1.760942143761941
-0.04211395038341884 0.003965313462908531 0.05745 -1.5550219781692776 0.03783732836090785 -1.6794381722528409
-0.04539737892788872 0.0071927652241293594 0.05745 -1.5454178676128167 -0.09499354354284044 -1.6731337823906522
-0.04686096154852403 0.009000258105902664 0.05745 -1.5990914759404848 -0.03206165529739484 -1.736085808841459
-0.03314811973687126 0.017877993784284854 0.05745 -1.5973210686864971 -0.06614901807146656 -1.5388902965444555
-0.04701636688313934 -0.0001605836134791743 0.05745 -1.6026895050644012 -0.17904676166157682 -1.597365801941468
-0.03396132371922764 0.005696707264106303 0.05745 -1.5843001254003874 -0.13993856608829502 -1.7663759816666826
-0.03777281291388298 -0.002783624691518498 0.05745 -1.8377432121998214 -0.06662462417152243 -1.6395815157886842
-0.04681772937907913 -0.005995891477616564 0.05745 -1.7314387771569766 -0.07992996124353229 -1.5365412617627643
-0.027711088530600093 0.0032895577629370853 0.05745 -1.6085435041088978 -0.02076292397294953 -1.5666676977238136
-0.03891791708303849 0.011868860956508924 0.05745 -1.6836289874833144 -0.11864805264101026 -1.544729605529712
-0.051174875230713845 0.008302721619537377 0.05745 -1.675498866523229 -0.04321703931287033 -1.7549055441640762
-0.03531605837521289 0.010478379838700721 0.05745 -1.742237872645153 -0.11832000566022194 -1.616059518327446
-0.053428132983738295 -0.0063935148498799246 0.05745 -1.7387911980445407 -0.15979145216082197 -1.6615715534342537
-0.053410001882174644 -0.00020067760018493107 0.05745 -1.6424520526732018 -0.08123609556512296 -1.6708578037563193
-0.03580373171707639 -9.686031631127301e-05 0.05745 -1.6792119291544192 -0.09946354968600524 -1.6450498617420954
-0.043431927212218585 0.015785932388318408 0.05745 -1.5971864303003596 -0.16074998407107788 -1.7790826097632464
-0.049478375410135104 -0.008331864912572087 0.05745 -1.5971500925384627 -0.18970261996729398 -1.7308301694432928
-0.03909671237455508 -0.007154318201867056 0.05745 -1.5770875597415748 -0.12394398573280979 -1.7908628286908341
0.029579349479602647 0.011083853180661784 0.05745 -1.7893631320193537 -0.21868684598864008 -1.7953045541665649
0.03289181019146073 -0.005481852607280427 0.05745 -1.8243674763933275 -0.07365702530832766 -1.6223403058747203
0.04020332719295727 0.0072005286584195995 0.05745 -1.653729797965085 -0.26376476467881693 -1.6763002257147241
0.04528110265917326 -0.007157567159579897 0.05745 -1.7281823285041948 -0.18594993708824936 -1.3726837425592944
0.02711214469954386 0.006124141068130482 0.05745 -1.7609735698954192 -0.18765027589803457 -1.6246380911361464
0.047418649721666664 -0.0030118820568123764 0.05745 -1.607675987746194 -0.176255374158981 -1.6753526115195063
0.04793418181940132 0.0025240489187742035 0.05745 -1.7218329797865735 -0.020068636312428167 -1.6172059880440353
0.03895013809033089 0.005387275682637433 0.05745 -1.7292121657596902 0.01937120757704361 -1.5794264385549743
0.04412669018511224 -0.008163628028929048 0.05745 -1.495471577590181 -0.1792701109945461 -1.708513601035905
0.04819671127254462 0.003904295511130886 0.05745 -1.6663185452204317 -0.1075934306295463 -1.5931959664678368
0.03925642094524727 0.004303046385855571 0.05745 -1.5922795915718333 -0.2827247606308137 -1.7358773623768513
0.03396639385274342 -0.0041640521668621115 0.05745 -1.661586618204379 -0.16568447043547424 -1.5016047904750414
0.03092757778005427 0.012251348714776391 0.05745 -1.7515445375486967 0.1211305655251749 -1.616287037334984
0.03814705788943303 0.01812203686582154 0.05745 -1.6315927597564719 0.09710257547104717 -1.759114732022851
0.051850258312277075 -0.0008813768918623267 0.05745 -1.7239394668534482 -0.015536608806137372 -1.7466528190181099
0.034154376720802605 0.008053055774967883 0.05745 -1.5648767266301453 0.05769843597645577 -1.6923610545665269
0.05112384736513298 -0.0031217366027174558 0.05745 -1.563599855952233 0.012792524276075343 -1.6249812100836143
0.052889614026904064 1.8398877658618723e-05 0.05745 -1.4880063526120053 -0.028583832405569304 -1.6392493018997574
0.027983179262803467 0.020708896355540032 0.05745 -1.761654857588211 -0.11956932523769584 -1.5289954283993552
0.04576633761297391 0.003443286727526808 0.05745 -1.7466997221539942 -0.17052914059985735 -1.5511197135358707
0.04230675142334875 0.013103286429596425 0.05745 -1.4880159076912092 -0.14136574677914748 -1.7267868970867672
0.03186131996843311 0.0035529052919723338 0.05745 -1.6914045064860006 -0.1481673587945909 -1.6366848009027686
0.02980344918630922 -0.00261798657315419 0.05745 -1.6449342198510566 0.026448405289490703 -1.6763654576975884
0.05293871365542954 -0.003613625715672579 0.05745 -1.7314000373208178 0.030803005737504288 -1.6476554416771925
0.03833409747542592 0.008603842508513421 0.05745 -1.6922942144724504 -0.09258651689598173 -1.5621959224814903
0.046057329656808546 0.010232136252458847 0.05745 -1.7173568763659994 -0.10579042082877141 -1.5514895657467058
0.04453269735004268 -0.004217355548758942 0.05745 -1.4989623682062472 -0.2451316905449758 -1.620421393120771
0.027058375091712425 0.015802192273066326 0.05745 -1.5539440827091628 0.03229811067102016 -1.7226784628508072
0.03421895477573895 0.005611161478556229 0.05745 -1.6690923264292747 -0.037241295542723964 -1.6932092694181844
0.04100685678008997 0.01351192732904071 0.05745 -1.7420488507163707 -0.011558326645085562 -1.7812465220160014
0.05245613180255119 0.005409708862743065 0.05745 -1.635996840424468 -0.1392628427349113 -1.6881047288813726
0.04848073806238294 0.012923960581586779 0.05745 -1.7148375695917786 -0.11432930171954506 -1.594102362129685
0.043580048230360255 0.010953163053948065 0.05745 -1.6256472405628548 -0.09930396661714043 -1.6854427630016737
0.035058734986458735 0.01878837818441311 0.05745 -1.6331570765483456 -0.07504815393979489 -1.6209261687087957
0.03906183023602279 0.0019005293399165808 0.05745 -1.5496434440872076 -0.18872629938753355 -1.7586460842849507
0.03861337642152149 -0.0024119325787029192 0.05745 -1.5396961965699996 -0.11842440100780938 -1.7853976252038066
0.036727183610344466 -0.0028294430946781603 0.05745 -1.5927112386119042 0.021075851967136294 -1.6674381408547279
0.027919475118129627 0.024166762757102236 0.05745 -1.6436387455725447 -0.004476252153500018 -1.6767115824248258
0.02972237881191716 -0.009574960932443938 0.05745 -1.6583625598044922 -0.2081008079790192 -1.6395365321616628
0.028890173088955688 -0.005173950550164684 0.05745 -1.7315901132725982 -0.14062288368621573 -1.7925273670950146
0.05119846803992456 0.011353456694416538 0.05745 -1.6883588219522259 -0.0007725088107226469 -1.7478988876776942
0.03290516222009024 0.005376438013050213 0.05745 -1.681236043022117 -0.004431548260191126 -1.8321694418450156
0.0314905470591625 -0.0011306980285680848 0.05745 -1.5713250585638288 -0.03160695727349101 -1.6023637475307009
0.02931344904109746 -0.00549193851740597 0.05745 -1.6167778499213914 -0.03842727664802218 -1.5694557758900725
0.032060069853145176 0.002027121587437137 0.05745 -1.7186405190543916 -0.1409465076760196 -1.669210335469143
0.04513083959449589 -0.006926153691099607 0.05745 -1.6418469664514703 -0.09385516398747668 -1.7860813021602973
0.04072925438780674 0.016441012475685003 0.05745 -1.6866339945267264 -0.08710794616595591 -1.6230977455577575
0.04588015525720092 -0.007192910183750391 0.05745 -1.5725824737663983 -0.15529421288531275 -1.5974801202865887
0.027260944467676004 0.003289086138559015 0.05745 -1.6927657704461827 -0.04465446972632024 -1.6522002032186303
0.04318789007945069 0.005777481834534652 0.05745 -1.5227437887686537 0.05113847485225115 -1.5610912801170194
0.033026792697799436 -0.0033699156397005913 0.05745 -1.5956102334399902 -0.03841857276922642 -1.6124009457091024
0.04652547234902374 0.007383385067969711 0.05745 -1.7829259162534528 -0.20569850340431278 -1.7235405119897662
0.0344372088807215 0.015846397474105683 0.05745 -1.7105796654189964 -0.018651247855389505 -1.5832649719883127
0.02933398128335097 0.009068808133329704 0.05745 -1.523167788940317 -0.008863771299390685 -1.6951622096416963
0.03676398888548664 -0.0017345863089244067 0.05745 -1.5802529610814913 -0.1738718759225779 -1.4867021028366818
0.03059176676612482 0.008525480646188308 0.05745 -1.7129830871296703 -0.028827730197574293 -1.6815672815550782
0.051525334990240645 0.0042634951977664395 0.05745 -1.6611370400236396 -0.04340447916687667 -1.7150618366645123
0.02896513148742544 0.0035120272754728 0.05745 -1.7056646766983912 -0.1159066984048808 -1.6643791480988177
0.03660388766029684 0.01642939415223222 0.05745 -1.622642813316433 0.018000932104247233 -1.720419597637978
0.03657151495997583 0.0027275578207954405 0.05745 -1.407634629484746 -0.040313913494537335 -1.734487755411732
0.042144660229730235 -0.00932566434555408 0.05745 -1.7340873483942831 0.021733516405519987 -1.6176502872357594
0.04892459037811395 0.010370809087502283 0.05745 -1.668945263865999 0.0052597089331397895 -1.6769516001617588
0.029144787011888995 0.01501584046910921 0.05745 -1.8139788512483883 -0.11698638541764154 -1.584027945445011
0.05113782635520825 -0.009878382743255799 0.05745 -1.6883421993185819 0.01658725385242779 -1.7382843156687386
0.034859261331285626 0.014858501603449146 0.05745 -1.6190380344492892 -0.11236439256245595 -1.6321505167944776
0.04545804073070814 0.007479198578837819 0.05745 -1.583717397901688 -0.09634547375703785 -1.784482257581904
0.029274605696518366 0.0009535032152939993 0.05745 -1.6960180155311688 -0.049440436301826075 -1.7245081862394966
0.02827042780812211 0.00389888240353152 0.05745 -1.7245539581627207 -0.06789896494950477 -1.6681496103893063
0.04546953632758756 3.03889216963487e-05 0.05745 -1.6786585841340498 -0.09243818579626124 -1.6254234180723657
0.03391715063064504 0.0009211985072865893 0.05745 -1.6562431795529737 -0.16468622759155563 -1.6780564088043621
0.03880419472134774 0.0032900936203743535 0.05745 -1.6451028511072303 -0.007668400943447243 -1.6717589573464768
0.05187203832052527 0.006472426867329831 0.05745 -1.7082365624019018 -0.095665583747243 -1.7914485710275008
0.02731372083186909 0.0042776901488148205 0.05745 -1.5482300175203119 -0.023804590763202946 -1.5979530877729367
0.040106863622363285 0.004616267280276604 0.05745 -1.7411522529419368 0.01909606451250942 -1.6131256851387081
0.027404427984810176 0.023751159450058554 0.05745 -1.5968441133643458 -0.21245445979203229 -1.7248190762024096
