-0.03925357945225467 0.012249187495159438 0.05745 -1.5743530644010488 -0.15971300061458385 -1.5732339743652977
-0.03931960104576643 -0.0035155354103474663 0.05745 -1.6821983839420036 -0.19046926045243662 -1.7550371034234082
-0.035015804405755746 0.0071302491342602175 0.05745 -1.7008819408776226 -0.13043743775984107 -1.6578619515055126
-0.033279040052260844 0.01043590073116508 0.05745 -1.6026671702891278 -0.13619113553241405 -1.741290745350954
-0.03077191697665933 0.010925881824803028 0.05745 -1.580901656801862 -0.09229404100440143 -1.6129207816268702
-0.042545932715435275 -0.005677274286390485 0.05745 -1.589146607308023 -0.19000334018879 -1.6352649116008435
-0.0399341399939071 -0.0035878582680182146 0.05745 -1.6288659173804059 0.08949789151237453 -1.7406679759819337
-0.029817457334234916 0.0033238671253588772 0.05745 -1.6570567973614887 -0.004056436486809825 -1.6697685637367277
-0.03448982413081654 0.015493518858522308 0.05745 -1.768202513824684 0.043565705200295596 -1.6200909989814034
-0.038475492745444845 -0.0009342269278676818 0.05745 -1.597718003945236 -0.043820950408088734 -1.8447832442805558
-0.05077506237532323 0.004543696947925566 0.05745 -1.7020699537796657 -0.22270414287395562 -1.7493200922033838
-0.03157396334171881 -0.007830463490211674 0.05745 -1.7013980785126361 -0.11584616957268283 -1.6950483602018902
-0.03933051064480663 -0.00248626973907043 0.05745 -1.539600914839325 -0.17920997216090545 -1.6007426319011635
-0.03714041545346078 -0.006322136145717126 0.05745 -1.7017334642748354 -0.15924140083141924 -1.5560018318912472
-0.04072234393412017 -0.009127682051791508 0.05745 -1.4993587945762124 -0.0682366652535229 -1.6548966511173668
-0.034998257203923425 0.001677828323432013 0.05745 -1.6643883525429384 -0.26742118596679354 -1.661877443243372
-0.05356131160103988 0.009817447140967406 0.05745 -1.5421201508892488 0.04845073654509746 -1.7099352665007337
-0.049205660153946715 -0.005586977478174753 0.05745 -1.718153804654499 -0.23115443541531047 -1.7428168955580776
-0.029775672615992333 0.013421027417951125 0.05745 -1.723993196081549 -0.06797407186948257 -1.6377530599270744
-0.044833295798259405 -0.002394956084832196 0.05745 -1.791420245946624 -0.11391404565807245 -1.6000066286666925
-0.04704047275953552 0.0020984355070971933 0.05745 -1.7013184511030524 -0.15929014918793383 -1.6160789476707857
-0.05322350254546704 0.00553874718893279 0.05745 -1.652574307294746 -0.08818382879974579 -1.6817526663617095
-0.04814938167998331 -0.0017474873561707759 0.05745 -1.7830266799884373 -0.12111630332139467 -1.7410043975350744
-0.031784628624593594 -0.006483487732744816 0.05745 -1.6466291745880586 -0.06653838429724479 -1.607388049008724
-0.039072600293818635 -0.004733496739149513 0.05745 -1.7350898150709053 -0.14846533162751183 -1.605491326017321
-0.04278271616403206 -0.009933655927701726 0.05745 -1.579260532148924 -0.10865265325449117 -1.4969203845953345
-0.031200236646145 0.01616604908570412 0.05745 -1.6773897490720588 -0.07512727082533727 -1.5852461626414058
-0.04826263212968766 0.010689147335507547 0.05745 -1.7853275353157443 -0.09718955493526012 -1.7172645335891237
-0.0378032154277504 -0.007064547533942877 0.05745 -1.6805839916248655 -0.05468594553695595 -1.6962161667579352
-0.04551534471783134 0.006589176185042482 0.05745 -1.700602175749818 -0.17339634639045454 -1.717003070361169
-0.03559065701618308 -0.009126929465841246 0.05745 -1.3661852102827574 -0.11366488008434972 -1.6498456380664177
-0.04079190712911556 0.016819726110193084 0.05745 -1.5912837654198497 -0.11427418921886817 -1.7842671845306093
-0.04712412538313109 0.0027204609566182283 0.05745 -1.513521494825988 -0.0008006744827038365 -1.7098730693713096
-0.03036456596671033 -0.00741851569452863 0.05745 -1.5300517198693484 -0.023514698323683234 -1.72534714355135
-0.038617730276678516 0.015297457287653046 0.05745 -1.7887672964820185 -0.10363200860549585 -1.6767809670371896
-0.027848458214171017 0.010245157151458977 0.05745 -1.6234781286981925 -0.26749855084744456 -1.639527076330467
-0.02915539353831067 -0.005243529497557071 0.05745 -1.587682199645308 -0.020271439732973115 -1.5997605011617109
-0.04925267940598806 0.012210815527289873 0.05745 -1.5671143232636793 -0.12645741436570568 -1.7527312270047788
-0.03187106416257998 -0.0021855733104157657 0.05745 -1.5369174994895616 -0.05506566339579133 -1.5001701401909966
-0.034444299130300705 -0.009194706774202751 0.05745 -1.7497545775560002 -0.2202391715691335 -1.7353418263056564
-0.04010240143881656 -0.0022585854271575693 0.05745 -1.611775929307191 -0.03482203200371565 -1.6364689435754298
-0.04127474961081721 -0.0032495854798907558 0.05745 -1.821326584734316 -0.09256397589884686 -1.6161901142702833
-0.04230092565407466 -0.0010260618048668572 0.05745 -1.5233018983320719 -0.121289974516467 -1.5097709773859767
-0.03648620401006549 0.005775592777473458 0.05745 -1.6888516455054454 -0.12582027087997036 -1.601686689932854
-0.046270992040475245 -0.007227882359046093 0.05745 -1.6908342090394592 -0.05868908751931916 -1.6250768759560583
-0.04144373427259855 0.0022895863031362675 0.05745 -1.6030005544912538 -0.09517826573186033 -1.517616580886563
-0.030614594317899462 0.005172519351581691 0.05745 -1.7185371838539438 -0.15090688012689407 -1.5565803790385686
-0.044607717993355916 0.014788285572749962 0.05745 -1.689995431640324 -0.10517042299597185 -1.5549894048492752
-0.04044760839512326 0.006615117449123737 0.05745 -1.7205080153406656 -0.01203930455769392 -1.6147679278301728
-0.03939678408600467 0.0035198995216588723 0.05745 -1.4989357214122694 0.004692935051340871 -1.5850223987384626
0.0537234657798944 0.004292652269656128 0.05745 -1.5515143842736285 -0.17462098502663786 -1.7513178107343397
0.029796121457154524 0.0006319367854770771 0.05745 -1.6766670283251532 -0.07338103110105137 -1.645859335487642
0.0407036689428384 -0.001014767796480286 0.05745 -1.6652735274311696 -0.25229062967017113 -1.6153034296405142
0.04273500801616246 -0.00891878806322625 0.05745 -1.6823186011439366 -0.11190692709639136 -1.6326422723661724
0.047122491407112985 -0.007944965138429386 0.05745 -1.7458607164299798 -0.0973117213177094 -1.398944385667449
0.038984938886374915 0.0038183106657150804 0.05745 -1.6551037933970394 -0.2139256056176364 -1.5301002535987385
0.04017977173274499 0.015104864052163365 0.05745 -1.6454023042224226 -0.13857552625303038 -1.4593782392245207
0.028348271171721437 0.0037845157630754297 0.05745 -1.5945145968553862 -0.1517564305231225 -1.756344524024624
0.038642881103711155 -0.006049948057672829 0.05745 -1.8061232218612349 -0.09996172223973025 -1.591584990336796
0.04481657330900652 0.013810773252635739 0.05745 -1.7200124602708489 0.004810117241995371 -1.692312535945425
0.029083791167455318 0.013527714509978072 0.05745 -1.6983837671033184 -0.059292111258496705 -1.7549022353512513
0.03470938524365629 0.005155079325847439 0.05745 -1.602784191944158 -0.25526809244036575 -1.5608478196112927
0.04555031102159751 -0.006958247746029902 0.05745 -1.696787298679555 -0.11537714558357891 -1.631636038393863
0.03761350957706392 -0.008579800139802828 0.05745 -1.6447274568782162 -0.11891467713378025 -1.7494569807199236
0.04342934790658845 0.013893669247028643 0.05745 -1.757309172974113 -0.14439753791511506 -1.6814627291547284
0.04163563718806928 0.006583769289071116 0.05745 -1.6147848561372764 -0.029967501326575767 -1.6776228899465877
0.04821619827653231 0.002817132463328471 0.05745 -1.442297054638415 -0.09000018841137647 -1.6883662235763608
0.04623567444594967 -0.005606737199938829 0.05745 -1.7878096361845115 -0.07271639815831091 -1.5679340195962013
0.05357861040920095 0.003789177025015999 0.05745 -1.5135260095216423 -0.06238647067032234 -1.5971883730917777
0.05303037427199918 0.006493249184413611 0.05745 -1.6517227872864655 -0.27800130056746053 -1.624199644290989
0.030007779171240805 0.008934222860988524 0.05745 -1.5762174277909218 -0.108351421663465 -1.6384776469468512
0.03551980458931074 -0.0055101557883342435 0.05745 -1.4656952134122838 -0.026828332608505437 -1.726295574266284
0.034297995040972896 0.016984550023183657 0.05745 -1.6913887131780592 -0.04708065410172915 -1.726639955984592
0.05167269846813319 -0.001526901884130738 0.05745 -1.6568215978658456 -0.11877520275108291 -1.5533693115206486
0.032508035126099365 0.012972179966515765 0.05745 -1.8457631179372793 -0.0066173208194748034 -1.7377795198499273
0.04607110906259315 0.010862772332458531 0.05745 -1.6643642011033615 -0.004939090825169343 -1.749374359935681
0.04730618444614707 0.005621406124631434 0.05745 -1.8129801634704819 -0.12896204214530993 -1.6217594619947433
0.031132484302699857 0.01724204033317034 0.05745 -1.5801025103481132 -0.15840177561185254 -1.6588148280974724
0.05117151340825402 -0.008138435243136132 0.05745 -1.622312334367454 -0.06448800280774733 -1.8277557361945609
0.05009037368956008 -0.007778930582219606 0.05745 -1.5102598018698887 0.018481979091855602 -1.626817425138743
0.036562309478379344 -0.007212239884945066 0.05745 -1.8329417653956976 -0.12736122199526773 -1.5438398127618544
0.03240643148244978 0.012773865281528655 0.05745 -1.7388989197355804 -0.2603136082878718 -1.7458374411674598
0.043164798756184015 0.014996657683657254 0.05745 -1.417356887254886 -0.10664546580182499 -1.7821996352199272
0.035915219891273074 0.01287325653890503 0.05745 -1.9287838184367978 -0.14135870433855732 -1.7162630681441862
0.03976284573422674 -0.005150380074632278 0.05745 -1.7080071183404515 -0.11220572400219556 -1.7150618256084378
0.047916230644584876 0.005057444145132355 0.05745 -1.755195633967263 -0.2265877102949824 -1.7223579690014552
0.044218505389848714 -0.007467963166118367 0.05745 -1.6127863565359413 -0.006488306923604248 -1.765651910446114
0.049961990085966315 0.009803961903733593 0.05745 -1.6682089431161193 0.03855518593114743 -1.7801441181754873
0.027493994800249517 0.024039229261253424 0.05745 -1.7720990107520327 -0.19231301110366694 -1.543633590345175
0.03134633626308088 0.006717710679882265 0.05745 -1.569966700783977 -0.11409265991854807 -1.6407032541568831
0.03277458863265894 -0.006679459507237337 0.05745 -1.6271826907143603 -0.06513900089088205 -1.817070009576566
0.03617487047830132 -0.0057027617963987965 0.05745 -1.8265271114593766 -0.004634630446230956 -1.5953819874227446
0.027494410370062224 0.008682609378414691 0.05745 -1.8169088365640702 -0.08570260429552043 -1.7346832509120937
0.05298328877296823 0.004017157950574245 0.05745 -1.4695659246517734 -0.0923370902190628 -1.821244925754662
0.038042545653440354 0.01584210471283161 0.05745 -1.6476328991050444 -0.1284202973782819 -1.7822522631025741
0.0363127488269461 0.0013732648999511196 0.05745 -1.6354358064321488 0.09108390062086805 -1.7622998971295791
0.05064352608979386 -0.00046258088924870655 0.05745 -1.4715486509361655 -0.07732461198209632 -1.7645886124311774
0.03410232530901231 0.02084042749149704 0.05745 -1.7917214353984008 -0.0719772808782439 -1.7056887987155793
0.04670367109406019 0.00717095374446239 0.05745 -1.5422698473417913 -0.24730602703867294 -1.6099416790483476
0.028252264467347313 -0.007133987639440611 0.05745 -1.6339975123175958 -0.13294086772487873 -1.636819710950871
