-0.010856 0.016832 0.065400
0.021807 0.023420 0.065400
-0.061417 0.012441 0.065400
0.066922 0.004010 0.065400
-0.028732 0.021355 0.065400
0.000989 0.060489 0.065400
-0.020738 0.035101 0.065400
-0.020960 0.036477 0.065400
-0.019614 0.048067 0.065400
-0.011709 0.000085 0.065400
0.034181 0.005444 0.065400
-0.039381 0.010629 0.065400
0.009480 0.000129 0.065400
-0.018225 0.024470 0.065400
-0.034403 0.030422 0.065400
0.027585 0.033319 0.065400
0.014773 0.047656 0.065400
0.012118 0.021562 0.065400
-0.044540 0.024222 0.065400
0.018407 0.009659 0.065400
0.010810 0.027516 0.065400
-0.027478 0.015909 0.065400
0.035550 0.035700 0.065400
0.041245 0.005195 0.065400
-0.029336 0.001412 0.065400
0.028259 0.010733 0.065400
0.003795 0.040602 0.065400
0.024102 0.009177 0.065400
-0.006882 0.043825 0.065400
-0.022081 0.046966 0.065400
-0.005898 0.061901 0.065400
0.014634 0.049837 0.065400
0.005807 0.054569 0.065400
0.030486 0.026534 0.065400
0.066508 0.002929 0.065400
0.017783 0.047213 0.065400
0.003296 0.017274 0.065400
-0.005801 0.025319 0.065400
-0.005753 0.037347 0.065400
-0.005329 0.054739 0.065400
-0.027424 0.003361 0.065400
-0.020404 0.019640 0.065400
-0.006037 0.026135 0.065400
-0.018428 0.031832 0.065400
0.053654 0.012849 0.065400
0.038746 0.024596 0.065400
0.020847 0.042470 0.065400
-0.051745 0.008780 0.065400
0.024771 0.040554 0.065400
0.007502 0.030199 0.065400
-0.044777 0.000936 0.065400
-0.010346 0.032100 0.065400
-0.007808 0.016545 0.065400
0.024233 0.002197 0.065400
-0.000909 0.000201 0.065400
-0.000241 0.022562 0.065400
0.036534 0.032667 0.065400
-0.035608 0.022997 0.065400
-0.033909 0.036367 0.065400
0.041213 0.011490 0.065400
0.001937 0.056811 0.065400
0.004216 0.063449 0.065400
0.044974 0.014186 0.065400
0.020060 0.050222 0.065400
-0.028407 0.007169 0.065400
-0.041852 0.016463 0.065400
0.006362 0.063705 0.065400
0.031534 0.032369 0.065400
0.027233 0.012968 0.065400
-0.006767 0.037040 0.065400
-0.051767 0.001228 0.065400
0.049697 0.016149 0.065400
-0.028885 0.007760 0.065400
0.008458 0.054521 0.065400
0.009085 0.060647 0.065400
0.024497 0.024026 0.065400
-0.003219 0.046336 0.065400
0.041741 0.007333 0.065400
0.031957 0.038898 0.065400
0.047673 0.018452 0.065400
-0.013378 0.037566 0.065400
0.022109 0.006699 0.065400
-0.000209 0.053912 0.065400
0.040075 0.003816 0.065400
-0.030658 0.024963 0.065400
0.015414 0.043684 0.065400
0.008071 0.032796 0.065400
0.044456 0.002694 0.065400
0.034979 0.026431 0.065400
0.022825 0.045951 0.065400
-0.043555 0.017499 0.065400
0.026612 0.024022 0.065400
0.004237 0.046166 0.065400
0.036887 0.010947 0.065400
0.036933 0.017631 0.065400
-0.021312 0.046090 0.065400
-0.015981 0.035828 0.065400
0.021472 0.015994 0.065400
0.012915 0.054642 0.065400
0.032931 0.014535 0.065400
