-0.02871150397666816 -0.045534003420067845 0.05270996761134627
-0.032595295182161844 -0.06243974525239951 0.05269801932310918
-0.06492253417042139 -0.06561046834311887 0.052702540187942216
-0.014949012689227598 -0.01797176086991327 0.05263895832380585
0.02346501878501509 -0.010864180477139704 0.05270044019059507
-0.033592298324911785 -0.012937654626469251 0.05268668967503921
0.007199224730547258 -0.03996619626449067 0.05270092753272109
-0.06608723198430834 -0.05780957371270487 0.05270835301617131
0.01336908775005371 -0.019570595641130516 0.05270860727424068
0.052861214047120915 -0.05429710506837722 0.05268964504409517
-0.02824960117903713 -0.06732916279255619 0.05270449038310111
-0.02864658867183468 -0.06748158246384453 0.052704226397949826
-0.02929873110248867 -0.043733753745934724 0.052705559276438135
-0.0364804995288601 -0.03679661101916738 0.05269411883094226
0.030792255411884524 -0.06954692480765182 0.05268002652900572
-0.0531726994737619 -0.04935536274083555 0.05269990126063356
-0.023033261724631774 -0.07435253328098737 0.05270703307005326
-0.04129447297431576 -0.021175639281100948 0.052671819908100964
0.026785639323689346 -0.05816425059521511 0.05268173674920885
-0.062157401040930246 -0.01415874134009245 0.052709328269031325
0.11214665992152319 -0.12450101373740774 0.0526193309690968
-0.04224152840799217 -0.0462409929730413 0.05270067269928321
-0.04640238336411397 -0.05172200890788266 0.05270064910679645
0.018199511364255263 -0.017353244307560665 0.05271615831530879
0.0023510459046856206 -0.02960700497381674 0.05270982562627186
-0.051814930718296986 -0.022213005256735783 0.052706741646807054
0.013727845743795722 -0.01175883610986168 0.052699796242751645
-0.029128176585760696 -0.042782017080839056 0.052703124793025795
-0.055900358727736646 -0.027772233049761202 0.052665945825490154
0.024111867742809257 -0.011060260516543866 0.0527090849570904
-0.0017686093731348338 -0.03215876052903826 0.05270963777826009
0.016501220717973185 -0.061655619002796744 0.05266981906854897
0.13013301974088134 -0.16030122421326132 0.052649311593724234
0.03444119642245531 -0.07476041154942308 0.05267935126474985
-0.002477634843273896 -0.029426448335959806 0.05270516382200885
-0.03319496686045113 -0.04682597342753786 0.05270615348389665
-0.006999755901325875 -0.010865844731773946 0.052710886638703366
-0.04586837576523982 -0.01813622070979452 0.052706779375533294
-0.03424808344878957 -0.061716405724483454 0.05280048211889967
-0.009582165119783655 -0.024979213750403618 0.052765110350826636
-0.01834277192819983 -0.07879557799400803 0.0526817912341146
-0.007599633721044183 -0.024605763824149578 0.0527057553840794
-0.0444436873719055 -0.028433650004721863 0.052695203544864115
-0.0410919509014371 -0.04692905826925522 0.052697101540518106
-0.049773579183683955 -0.03217233370282701 0.05267620890807776
0.04159732361576393 -0.011009903431729274 0.05264735471517575
-0.02483850963403803 -0.06248377635913763 0.05270766089343278
-0.016981428816037737 -0.011891592998269694 0.05271081632051055
-0.015501454380209924 -0.07844632032555875 0.05268714445855692
-0.022393610443299454 -0.07242974586073635 0.052704459803283026
-0.06264619792838513 -0.047394760290179735 0.05269689706106606
-0.0376669133101985 -0.011447199299383082 0.052706362974250826
-0.03307370555327366 -0.06306778563652779 0.0526985393322737
0.017626529435217402 -0.046250146509013046 0.05268560143887006
0.018545239343030442 -0.04584085979651055 0.05269097011534025
-0.043900742286358194 -0.03449059416575653 0.05264651578732794
